0.0;0.0
0.0;20.0
0.0;40.0
0.0;60.0
0.0;80.0
0.0;100.0
0.0;120.0
0.0;140.0
0.0;160.0
0.0;180.0
0.0;200.0
0.0;220.0
0.0;240.0
0.0;260.0
0.0;280.0
0.0;300.0
20.0;0.0
20.0;20.0
20.0;40.0
20.0;60.0
20.0;80.0
20.0;100.0
20.0;120.0
20.0;140.0
20.0;160.0
20.0;180.0
20.0;200.0
20.0;220.0
20.0;240.0
20.0;260.0
20.0;280.0
20.0;300.0
40.0;0.0
40.0;20.0
40.0;40.0
40.0;60.0
40.0;80.0
40.0;100.0
40.0;120.0
40.0;140.0
40.0;160.0
40.0;180.0
40.0;200.0
40.0;220.0
40.0;240.0
40.0;260.0
40.0;280.0
40.0;300.0
60.0;0.0
60.0;20.0
60.0;40.0
60.0;60.0
60.0;80.0
60.0;100.0
60.0;120.0
60.0;140.0
60.0;160.0
60.0;180.0
60.0;200.0
60.0;220.0
60.0;240.0
60.0;260.0
60.0;280.0
60.0;300.0
80.0;40.0
80.0;60.0
80.0;80.0
80.0;100.0
80.0;120.0
80.0;140.0
80.0;160.0
80.0;180.0
80.0;200.0
80.0;220.0
80.0;240.0
80.0;260.0
100.0;40.0
100.0;60.0
100.0;80.0
100.0;100.0
100.0;120.0
100.0;140.0
100.0;160.0
100.0;180.0
100.0;200.0
100.0;220.0
100.0;240.0
100.0;260.0
120.0;40.0
120.0;60.0
120.0;80.0
120.0;100.0
120.0;120.0
120.0;140.0
120.0;160.0
120.0;180.0
120.0;200.0
120.0;220.0
120.0;240.0
120.0;260.0
140.0;40.0
140.0;60.0
140.0;80.0
140.0;100.0
140.0;120.0
140.0;140.0
140.0;160.0
140.0;180.0
140.0;200.0
140.0;220.0
140.0;240.0
140.0;260.0
160.0;0.0
160.0;20.0
160.0;40.0
160.0;60.0
160.0;80.0
160.0;100.0
160.0;120.0
160.0;140.0
160.0;160.0
160.0;180.0
160.0;200.0
160.0;220.0
160.0;240.0
160.0;260.0
160.0;280.0
160.0;300.0
180.0;0.0
180.0;20.0
180.0;40.0
180.0;60.0
180.0;80.0
180.0;100.0
180.0;120.0
180.0;140.0
180.0;160.0
180.0;180.0
180.0;200.0
180.0;220.0
180.0;240.0
180.0;260.0
180.0;280.0
180.0;300.0
200.0;0.0
200.0;20.0
200.0;40.0
200.0;60.0
200.0;80.0
200.0;100.0
200.0;120.0
200.0;140.0
200.0;160.0
200.0;180.0
200.0;200.0
200.0;220.0
200.0;240.0
200.0;260.0
200.0;280.0
200.0;300.0
220.0;0.0
220.0;20.0
220.0;40.0
220.0;60.0
220.0;80.0
220.0;100.0
220.0;120.0
220.0;140.0
220.0;160.0
220.0;180.0
220.0;200.0
220.0;220.0
220.0;240.0
220.0;260.0
220.0;280.0
220.0;300.0
240.0;0.0
240.0;20.0
240.0;40.0
240.0;60.0
240.0;80.0
240.0;100.0
240.0;120.0
240.0;140.0
240.0;160.0
240.0;180.0
240.0;200.0
240.0;220.0
240.0;240.0
240.0;260.0
240.0;280.0
240.0;300.0
260.0;0.0
260.0;20.0
260.0;40.0
260.0;60.0
260.0;80.0
260.0;100.0
260.0;120.0
260.0;140.0
260.0;160.0
260.0;180.0
260.0;200.0
260.0;220.0
260.0;240.0
260.0;260.0
260.0;280.0
260.0;300.0
280.0;0.0
280.0;20.0
280.0;40.0
280.0;60.0
280.0;80.0
280.0;100.0
280.0;120.0
280.0;140.0
280.0;160.0
280.0;180.0
280.0;200.0
280.0;220.0
280.0;240.0
280.0;260.0
280.0;280.0
280.0;300.0
300.0;0.0
300.0;20.0
300.0;40.0
300.0;60.0
300.0;80.0
300.0;100.0
300.0;120.0
300.0;140.0
300.0;160.0
300.0;180.0
300.0;200.0
300.0;220.0
300.0;240.0
300.0;260.0
300.0;280.0
300.0;300.0
320.0;0.0
320.0;20.0
320.0;40.0
320.0;60.0
320.0;80.0
320.0;100.0
320.0;120.0
320.0;140.0
320.0;160.0
320.0;180.0
320.0;200.0
320.0;220.0
320.0;240.0
320.0;260.0
320.0;280.0
320.0;300.0
340.0;0.0
340.0;20.0
340.0;40.0
340.0;60.0
340.0;80.0
340.0;100.0
340.0;120.0
340.0;140.0
340.0;160.0
340.0;180.0
340.0;200.0
340.0;220.0
340.0;240.0
340.0;260.0
340.0;280.0
340.0;300.0
360.0;0.0
360.0;20.0
360.0;40.0
360.0;60.0
360.0;80.0
360.0;100.0
360.0;120.0
360.0;140.0
360.0;160.0
360.0;180.0
360.0;200.0
360.0;220.0
360.0;240.0
360.0;260.0
360.0;280.0
360.0;300.0
380.0;0.0
380.0;20.0
380.0;40.0
380.0;60.0
380.0;80.0
380.0;100.0
380.0;120.0
380.0;140.0
380.0;160.0
380.0;180.0
380.0;200.0
380.0;220.0
380.0;240.0
380.0;260.0
380.0;280.0
380.0;300.0
400.0;0.0
400.0;20.0
400.0;40.0
400.0;60.0
400.0;80.0
400.0;100.0
400.0;120.0
400.0;140.0
400.0;160.0
400.0;180.0
400.0;200.0
400.0;220.0
400.0;240.0
400.0;260.0
400.0;280.0
400.0;300.0
420.0;0.0
420.0;20.0
420.0;40.0
420.0;60.0
420.0;80.0
420.0;100.0
420.0;120.0
420.0;140.0
420.0;160.0
420.0;180.0
420.0;200.0
420.0;220.0
420.0;240.0
420.0;260.0
420.0;280.0
420.0;300.0
440.0;0.0
440.0;20.0
440.0;40.0
440.0;60.0
440.0;80.0
440.0;100.0
440.0;120.0
440.0;140.0
440.0;160.0
440.0;180.0
440.0;200.0
440.0;220.0
440.0;240.0
440.0;260.0
440.0;280.0
440.0;300.0
460.0;0.0
460.0;20.0
460.0;40.0
460.0;60.0
460.0;80.0
460.0;100.0
460.0;120.0
460.0;140.0
460.0;160.0
460.0;180.0
460.0;200.0
460.0;220.0
460.0;240.0
460.0;260.0
460.0;280.0
460.0;300.0
480.0;40.0
480.0;60.0
480.0;80.0
480.0;100.0
480.0;120.0
480.0;140.0
480.0;160.0
480.0;180.0
480.0;200.0
480.0;220.0
480.0;240.0
480.0;260.0
500.0;40.0
500.0;60.0
500.0;80.0
500.0;100.0
500.0;120.0
500.0;140.0
500.0;160.0
500.0;180.0
500.0;200.0
500.0;220.0
500.0;240.0
500.0;260.0
520.0;40.0
520.0;60.0
520.0;80.0
520.0;100.0
520.0;120.0
520.0;140.0
520.0;160.0
520.0;180.0
520.0;200.0
520.0;220.0
520.0;240.0
520.0;260.0
540.0;40.0
540.0;60.0
540.0;80.0
540.0;100.0
540.0;120.0
540.0;140.0
540.0;160.0
540.0;180.0
540.0;200.0
540.0;220.0
540.0;240.0
540.0;260.0
560.0;0.0
560.0;20.0
560.0;40.0
560.0;60.0
560.0;80.0
560.0;100.0
560.0;120.0
560.0;140.0
560.0;160.0
560.0;180.0
560.0;200.0
560.0;220.0
560.0;240.0
560.0;260.0
560.0;280.0
560.0;300.0
580.0;0.0
580.0;20.0
580.0;40.0
580.0;60.0
580.0;80.0
580.0;100.0
580.0;120.0
580.0;140.0
580.0;160.0
580.0;180.0
580.0;200.0
580.0;220.0
580.0;240.0
580.0;260.0
580.0;280.0
580.0;300.0
600.0;0.0
600.0;20.0
600.0;40.0
600.0;60.0
600.0;80.0
600.0;100.0
600.0;120.0
600.0;140.0
600.0;160.0
600.0;180.0
600.0;200.0
600.0;220.0
600.0;240.0
600.0;260.0
600.0;280.0
600.0;300.0
620.0;0.0
620.0;20.0
620.0;40.0
620.0;60.0
620.0;80.0
620.0;100.0
620.0;120.0
620.0;140.0
620.0;160.0
620.0;180.0
620.0;200.0
620.0;220.0
620.0;240.0
620.0;260.0
620.0;280.0
620.0;300.0
640.0;0.0
640.0;20.0
640.0;40.0
640.0;60.0
640.0;80.0
640.0;100.0
640.0;120.0
640.0;140.0
640.0;160.0
640.0;180.0
640.0;200.0
640.0;220.0
640.0;240.0
640.0;260.0
640.0;280.0
640.0;300.0
660.0;0.0
660.0;20.0
660.0;40.0
660.0;60.0
660.0;80.0
660.0;100.0
660.0;120.0
660.0;140.0
660.0;160.0
660.0;180.0
660.0;200.0
660.0;220.0
660.0;240.0
660.0;260.0
660.0;280.0
660.0;300.0
680.0;0.0
680.0;20.0
680.0;40.0
680.0;60.0
680.0;80.0
680.0;100.0
680.0;120.0
680.0;140.0
680.0;160.0
680.0;180.0
680.0;200.0
680.0;220.0
680.0;240.0
680.0;260.0
680.0;280.0
680.0;300.0
700.0;0.0
700.0;20.0
700.0;40.0
700.0;60.0
700.0;80.0
700.0;100.0
700.0;120.0
700.0;140.0
700.0;160.0
700.0;180.0
700.0;200.0
700.0;220.0
700.0;240.0
700.0;260.0
700.0;280.0
700.0;300.0
720.0;0.0
720.0;20.0
720.0;40.0
720.0;60.0
720.0;80.0
720.0;100.0
720.0;120.0
720.0;140.0
720.0;160.0
720.0;180.0
720.0;200.0
720.0;220.0
720.0;240.0
720.0;260.0
720.0;280.0
720.0;300.0
740.0;0.0
740.0;20.0
740.0;40.0
740.0;60.0
740.0;80.0
740.0;100.0
740.0;120.0
740.0;140.0
740.0;160.0
740.0;180.0
740.0;200.0
740.0;220.0
740.0;240.0
740.0;260.0
740.0;280.0
740.0;300.0
760.0;0.0
760.0;20.0
760.0;40.0
760.0;60.0
760.0;80.0
760.0;100.0
760.0;120.0
760.0;140.0
760.0;160.0
760.0;180.0
760.0;200.0
760.0;220.0
760.0;240.0
760.0;260.0
760.0;280.0
760.0;300.0
780.0;0.0
780.0;20.0
780.0;40.0
780.0;60.0
780.0;80.0
780.0;100.0
780.0;120.0
780.0;140.0
780.0;160.0
780.0;180.0
780.0;200.0
780.0;220.0
780.0;240.0
780.0;260.0
780.0;280.0
780.0;300.0
800.0;0.0
800.0;20.0
800.0;40.0
800.0;60.0
800.0;80.0
800.0;100.0
800.0;120.0
800.0;140.0
800.0;160.0
800.0;180.0
800.0;200.0
800.0;220.0
800.0;240.0
800.0;260.0
800.0;280.0
800.0;300.0
820.0;0.0
820.0;20.0
820.0;40.0
820.0;60.0
820.0;80.0
820.0;100.0
820.0;120.0
820.0;140.0
820.0;160.0
820.0;180.0
820.0;200.0
820.0;220.0
820.0;240.0
820.0;260.0
820.0;280.0
820.0;300.0
840.0;0.0
840.0;20.0
840.0;40.0
840.0;60.0
840.0;80.0
840.0;100.0
840.0;120.0
840.0;140.0
840.0;160.0
840.0;180.0
840.0;200.0
840.0;220.0
840.0;240.0
840.0;260.0
840.0;280.0
840.0;300.0
860.0;0.0
860.0;20.0
860.0;40.0
860.0;60.0
860.0;80.0
860.0;100.0
860.0;120.0
860.0;140.0
860.0;160.0
860.0;180.0
860.0;200.0
860.0;220.0
860.0;240.0
860.0;260.0
860.0;280.0
860.0;300.0
880.0;40.0
880.0;60.0
880.0;80.0
880.0;100.0
880.0;120.0
880.0;140.0
880.0;160.0
880.0;180.0
880.0;200.0
880.0;220.0
880.0;240.0
880.0;260.0
900.0;40.0
900.0;60.0
900.0;80.0
900.0;100.0
900.0;120.0
900.0;140.0
900.0;160.0
900.0;180.0
900.0;200.0
900.0;220.0
900.0;240.0
900.0;260.0
920.0;40.0
920.0;60.0
920.0;80.0
920.0;100.0
920.0;120.0
920.0;140.0
920.0;160.0
920.0;180.0
920.0;200.0
920.0;220.0
920.0;240.0
920.0;260.0
940.0;40.0
940.0;60.0
940.0;80.0
940.0;100.0
940.0;120.0
940.0;140.0
940.0;160.0
940.0;180.0
940.0;200.0
940.0;220.0
940.0;240.0
940.0;260.0
960.0;0.0
960.0;20.0
960.0;40.0
960.0;60.0
960.0;80.0
960.0;100.0
960.0;120.0
960.0;140.0
960.0;160.0
960.0;180.0
960.0;200.0
960.0;220.0
960.0;240.0
960.0;260.0
960.0;280.0
960.0;300.0
980.0;0.0
980.0;20.0
980.0;40.0
980.0;60.0
980.0;80.0
980.0;100.0
980.0;120.0
980.0;140.0
980.0;160.0
980.0;180.0
980.0;200.0
980.0;220.0
980.0;240.0
980.0;260.0
980.0;280.0
980.0;300.0
1000.0;0.0
1000.0;20.0
1000.0;40.0
1000.0;60.0
1000.0;80.0
1000.0;100.0
1000.0;120.0
1000.0;140.0
1000.0;160.0
1000.0;180.0
1000.0;200.0
1000.0;220.0
1000.0;240.0
1000.0;260.0
1000.0;280.0
1000.0;300.0
1020.0;0.0
1020.0;20.0
1020.0;40.0
1020.0;60.0
1020.0;80.0
1020.0;100.0
1020.0;120.0
1020.0;140.0
1020.0;160.0
1020.0;180.0
1020.0;200.0
1020.0;220.0
1020.0;240.0
1020.0;260.0
1020.0;280.0
1020.0;300.0
