1e-20;7.31556121240747e-13
3.000000000000001e-05;7.634464309425237e-13
6.000000000000001e-05;7.967896364147595e-13
9.000000000000002e-05;8.31654883707108e-13
0.00012000000000000002;8.68114753734245e-13
0.00015000000000000001;9.062454401584392e-13
0.00018;9.461269368542288e-13
0.00021;9.878432354977708e-13
0.00024;1.031482533843571e-12
0.00027;1.0771374552920095e-12
0.00030000000000000003;1.1249052803799427e-12
0.00033;1.1748881908662683e-12
0.00036;1.227193527124941e-12
0.00039;1.2819340595956116e-12
0.00042;1.339228275088952e-12
0.00045;1.399200678788873e-12
0.00048;1.4619821128417163e-12
0.00051;1.5277100924797513e-12
0.00054;1.5965291606754605e-12
0.00057;1.6685912623844084e-12
0.0006000000000000001;1.7440561394994843e-12
0.00063;1.823091747697008e-12
0.00066;1.9058746964392065e-12
0.00069;1.992590713451472e-12
0.00072;2.0834351350936313e-12
0.00075;2.1786134241064455e-12
0.00078;2.2783417163225817e-12
0.0008100000000000001;2.382847398006861e-12
0.00084;2.492369715599506e-12
0.00087;2.607160419742671e-12
0.0009;2.727484445571956e-12
0.00093;2.853620631384665e-12
0.00096;2.985862477907924e-12
0.00099;3.1245189505371988e-12
0.00102;3.2699153270342496e-12
0.00105;3.422394093356917e-12
0.00108;3.582315890401809e-12
0.00111;3.750060514655175e-12
0.00114;3.9260279758892135e-12
0.00117;4.110639615247374e-12
0.0012000000000000001;4.30433928724924e-12
0.00123;4.507594609450579e-12
0.00126;4.720898283737063e-12
0.0012900000000000001;4.944769493428613e-12
0.00132;5.179755380654153e-12
0.00135;5.426432608692297e-12
0.00138;5.6854090142495306e-12
0.00141;5.957325354964193e-12
0.00144;6.242857157699093e-12
0.00147;6.542716673526272e-12
0.0015;6.857654945653431e-12
0.0015300000000000001;7.188463996882541e-12
0.00156;7.53597914359126e-12
0.00159;7.901081443621364e-12
0.0016200000000000001;8.284700285863653e-12
0.00165;8.68781612979456e-12
0.00168;9.111463403637638e-12
0.0017100000000000001;9.556733570402874e-12
0.00174;1.0024778371419858e-11
0.00177;1.0516813257666648e-11
0.0018;1.103412101963018e-11
0.00183;1.1578055627102082e-11
0.00186;1.2150046290835473e-11
0.00189;1.2751601758707066e-11
0.00192;1.3384314859576428e-11
0.0019500000000000001;1.404986730879772e-11
0.00198;1.4750034789991236e-11
0.00201;1.5486692328362117e-11
0.00204;1.626181997167294e-11
0.0020700000000000002;1.7077508795568487e-11
0.0021;1.793596725094585e-11
0.00213;1.8839527871508105e-11
0.00216;1.979065436070318e-11
0.00219;2.0791949077762384e-11
0.00222;2.1846160943487923e-11
0.0022500000000000003;2.295619378697884e-11
0.00228;2.412511515526916e-11
0.00231;2.535616560848885e-11
0.00234;2.665276852359547e-11
0.00237;2.8018540430390158e-11
0.0024000000000000002;2.9457301903709735e-11
0.00243;3.097308903599418e-11
0.00246;3.2570165514530784e-11
0.00249;3.425303532746488e-11
0.00252;3.602645612224593e-11
0.00255;3.7895453239622674e-11
0.0025800000000000003;3.98653344449186e-11
0.00261;4.194170537740519e-11
0.00264;4.41304857358336e-11
0.00267;4.6437926216250036e-11
0.0027;4.887062621452757e-11
0.0027300000000000002;5.1435552301926006e-11
0.00276;5.414005747702747e-11
0.00279;5.6991901190680654e-11
0.00282;5.999927013344471e-11
0.00285;6.317079976514622e-11
0.00288;6.651559655551576e-11
0.0029100000000000003;7.004326089118621e-11
0.00294;7.376391058866624e-11
0.00297;7.768820493365552e-11
0.003;8.182736914568705e-11
0.00303;8.619321913920153e-11
0.0030600000000000002;9.07981864225365e-11
0.00309;9.56553429389099e-11
0.00312;1.0077842561046122e-10
0.00315;1.0618186029687135e-10
0.00318;1.1188078481938236e-10
0.00321;1.1789107063348485e-10
0.0032400000000000003;1.2422934265131265e-10
0.00327;1.3091299662046602e-10
0.0033;1.3796021335514195e-10
0.00333;1.453899689851368e-10
0.00336;1.5322204023814173e-10
0.0033900000000000002;1.6147700359233272e-10
0.0034200000000000003;1.7017622692972044e-10
0.00345;1.7934185207934635e-10
0.00348;1.8899676635515442e-10
0.00351;1.9916456086384814e-10
0.00354;2.0986947296973126e-10
0.0035700000000000003;2.2113630985017384e-10
0.0036;2.329903495441914e-10
0.00363;2.4545721527307465e-10
0.00366;2.5856271808278575e-10
0.00369;2.723326619959482e-10
0.00372;2.8679260485579773e-10
0.0037500000000000003;3.019675668542225e-10
0.00378;3.178816773367703e-10
0.00381;3.3455774882775633e-10
0.00384;3.5201676526513403e-10
0.00387;3.702772691267186e-10
0.0039000000000000003;3.8935462939212456e-10
0.00393;4.0926016903253604e-10
0.00396;4.300001268471055e-10
0.0039900000000000005;4.515744238505988e-10
0.00402;4.739751988843788e-10
0.00405;4.971850715028681e-10
0.00408;5.211750821957821e-10
0.00411;5.459022503767899e-10
0.0041400000000000005;5.713066788657966e-10
0.00417;5.97308119333403e-10
0.0042;6.238018957067768e-10
0.00423;6.506540609589046e-10
0.00426;6.776956359161827e-10
0.00429;7.04715745095022e-10
0.00432;7.314534219806528e-10
0.00435;7.575878014664038e-10
0.00438;7.827263458890251e-10
0.00441;8.063906564425662e-10
0.00444;8.279992932197625e-10
0.00447;8.4684684777323e-10
0.0045000000000000005;8.620782534664542e-10
0.00453;8.726569308896692e-10
0.00456;8.773247554583005e-10
0.00459;8.745508194148857e-10
0.00462;8.624641568035388e-10
0.0046500000000000005;8.387621326917126e-10
0.00468;8.005788731727031e-10
0.00471;7.44280727480403e-10
0.00474;6.651077733734594e-10
0.00477;5.564169263077782e-10
0.0048000000000000004;4.075038157794372e-10
0.00483;1.9119694079001532e-10
0.00486;2.3887858328773613e-05
0.00489;6.869555623873417e-05
0.00492;0.00012323893258494505
0.00495;0.00018942290604632249
0.00498;0.00026950967051267384
0.00501;0.0003662105926642565
0.00504;0.0004827870032684934
0.00507;0.0006231729450942311
0.0051;0.0007921272508094577
0.00513;0.0009954232710081275
0.0051600000000000005;0.0012400867806933982
0.00519;0.0015346957221619361
0.00522;0.0018897596769015168
0.00525;0.0023182026656126207
0.00528;0.002835980592080692
0.0053100000000000005;0.0034628751355456956
0.00534;0.004223520233047287
0.00537;0.005148736999268525
0.0054;0.006277280162121993
0.00543;0.007658136905112168
0.0054600000000000004;0.00935357173077869
0.00549;0.01144318468662886
0.00552;0.014029353500910465
0.00555;0.01724457437667536
0.00558;0.02126141636693917
0.00561;0.026306078221984365
0.00564;0.032676901351285065
0.0056700000000000006;0.04076965269748166
0.0057;0.05111190868545326
0.00573;0.06440929123447106
0.00576;0.08160618930371943
0.00579;0.10396185629310596
0.0058200000000000005;0.13313694405997487
0.00585;0.17127053870961226
0.00588;0.22099444864010484
0.00591;0.2852675606144609
0.00594;0.36681597384878883
0.0059700000000000005;0.46688865770440496
0.006;0.5831899999552165
0.00603;0.7076045452781407
0.00606;0.8256933285553394
0.00609;0.9203406610689459
0.0061200000000000004;0.9789164985981198
0.00615;0.9987914834832493
0.00618;0.9867547328439986
0.00621;0.9539217612711631
0.00624;0.9108310081373431
0.00627;0.8651514583374913
0.0063;0.8215402858924875
0.0063300000000000006;0.7823951500446177
0.00636;0.7486889263032255
0.00639;0.7205978431834805
0.00642;0.697901167623678
0.00645;0.680211509509953
0.0064800000000000005;0.6670977495640166
0.00651;0.6581453617930578
0.00654;0.6529821502830704
0.00657;0.6512856768003255
0.0066;0.6527813949224022
0.0066300000000000005;0.6572362922385245
0.00666;0.664450486105034
0.00669;0.6742479384020242
0.00672;0.6864667834349157
0.00675;0.7009494359478765
0.0067800000000000004;0.7175325191566108
0.00681;0.7360366505575193
0.006840000000000001;0.7562562083876231
0.00687;0.7779493547546799
0.0069;0.8008287988706888
0.00693;0.8245540272427972
0.00696;0.8487259760928914
0.0069900000000000006;0.8728853248856645
0.00702;0.8965156786356737
0.00705;0.9190527972104819
0.00708;0.9399006436313456
0.00711;0.9584543173485359
0.0071400000000000005;0.9741289418252307
0.00717;0.9863924193198131
0.0072;0.9947988837590188
0.00723;0.9990189704612568
0.00726;0.9988629489119906
0.0072900000000000005;0.9942934695570552
0.00732;0.9854260845568497
0.00735;0.9725175255567907
0.00738;0.9559435341510201
0.00741;0.9361694246276299
0.00744;0.9137172391222003
0.00747;0.8891332748675476
0.007500000000000001;0.8629590669706503
0.00753;0.8357078641383805
0.00756;0.8078475227812065
0.00759;0.7797897876424632
0.00762;0.7518852453054609
0.0076500000000000005;0.7244228558763708
0.00768;0.6976328463777435
0.00771;0.6716918134872898
0.00774;0.6467290559366663
0.00777;0.622833373880574
0.0078000000000000005;0.6000597890265027
0.00783;0.57843582929488
0.00786;0.5579671740212322
0.00789;0.5386425688491807
0.00792;0.5204379976506579
0.00795;0.5033201485907607
0.007980000000000001;0.4872492397558699
0.00801;0.4721812828099135
0.00804;0.4580698660221478
0.00807;0.4448675345977731
0.0081;0.4325268393199377
0.00813;0.4210011159909342
0.00816;0.41024504925534994
0.00819;0.4002150658472316
0.00822;0.39086959452217673
0.00825;0.3821692230902234
0.008280000000000001;0.3740767771014115
0.00831;0.36655733980034405
0.00834;0.35957822888176866
0.00837;0.3531089422349514
0.0084;0.3471210821576569
0.00843;0.3415882653456957
0.00846;0.33648602423151625
0.008490000000000001;0.3317917038742894
0.00852;0.3274843575259657
0.00855;0.3235446431555596
0.00858;0.31995472256042945
0.00861;0.3166981641896515
0.00864;0.3137598504190974
0.00867;0.311125889726326
0.0087;0.3087835339934831
0.00873;0.30672110100484357
0.00876;0.30492790208682147
0.008790000000000001;0.30339417475426356
0.00882;0.3021110201684039
0.00885;0.30107034517303
0.00888;0.30026480865210314
0.00891;0.2996877719390188
0.00894;0.29933325300318864
0.00897;0.2991958841412604
0.009000000000000001;0.2992708729052533
0.00903;0.2995539660083672
0.00906;0.30004141595905254
0.00909;0.3007299501847325
0.00912;0.3016167424179488
0.00915;0.30269938612932296
0.00918;0.30397586980191654
0.00921;0.30544455385300556
0.00924;0.3071041490184371
0.00927;0.3089536960240607
0.009300000000000001;0.3109925463769785
0.00933;0.313220344116542
0.00936;0.31563700837215763
0.00939;0.31824271658007336
0.00942;0.3210378882171498
0.00945;0.3240231689131816
0.00948;0.3271994148078826
0.009510000000000001;0.3305676770208308
0.00954;0.3341291861065546
0.00957;0.3378853363677612
0.009600000000000001;0.3418376699029142
0.00963;0.3459878602652151
0.00966;0.35033769561240047
0.00969;0.3548890612278088
0.00972;0.35964392129539713
0.00975;0.3646042998139151
0.00978;0.36977226053731527
0.009810000000000001;0.3751498858329474
0.00984;0.38073925435242556
0.00987;0.3865424174159697
0.0099;0.392561374017721
0.00993;0.3987980443675513
0.00996;0.4052542418950507
0.00999;0.4119316436535497
0.01002;0.41883175907612435
0.01005;0.4259558970536791
0.01008;0.4333051313230037
0.010110000000000001;0.44088026417806153
0.01014;0.44868178854245894
0.01017;0.45670984847089446
0.0102;0.46496419818238527
0.01023;0.4734441597626781
0.01026;0.48214857971667324
0.01029;0.49107578459433326
0.010320000000000001;0.500223535962927
0.01035;0.5095889850481558
0.01038;0.5191686274216001
0.01041;0.5289582581663256
0.01044;0.5389529280102516
0.01047;0.5491469009726179
0.0105;0.5595336141244697
0.01053;0.5701056401175618
0.01056;0.580854653182352
0.01059;0.5917713993411208
0.010620000000000001;0.602845671611369
0.01065;0.6140662910023766
0.01068;0.6254210941149175
0.01071;0.6368969281518829
0.01074;0.6484796541246126
0.01077;0.660154158999793
0.0108;0.6719043774713122
0.010830000000000001;0.683713323956558
0.01086;0.69556313531281
0.01089;0.707435124638843
0.010920000000000001;0.7193098463767922
0.01095;0.7311671727578057
0.01098;0.742986381444263
0.01101;0.7547462540159174
0.01104;0.7664251847317122
0.01107;0.7780012987748391
0.0111;0.7894525789689155
0.011130000000000001;0.8007569997322883
0.01116;0.8118926668377201
0.01119;0.8228379613576218
0.01122;0.833571686018577
0.01125;0.8440732120635464
0.01128;0.8543226246322616
0.01131;0.8643008646276314
0.011340000000000001;0.8739898650362115
0.01137;0.8833726797210372
0.0114;0.8924336028015137
0.011430000000000001;0.9011582768788166
0.01146;0.9095337885503524
0.01149;0.9175487498820893
0.01152;0.9251933647607983
0.01155;0.9324594793299618
0.01158;0.9393406160070471
0.01161;0.9458319908828506
0.011640000000000001;0.9519305146049298
0.01167;0.9576347771367114
0.0117;0.9629450170574517
0.01173;0.9678630763150117
0.01176;0.9723923415599907
0.01179;0.9765376733706633
0.01182;0.9803053248209643
0.011850000000000001;0.9837028509462997
0.01188;0.9867390107245925
0.01191;0.9894236632135028
0.011940000000000001;0.991767659472236
0.01197;0.9937827318502248
0.012;0.9954813821499248
0.01203;0.9968767700715511
0.01206;0.9979826032281552
0.01209;0.9988130298857524
0.01212;0.9993825354393887
0.012150000000000001;0.999705843487103
0.01218;0.9997978222134516
0.01221;0.9996733966469049
0.012240000000000001;0.9993474672134341
0.01227;0.9988348348750705
0.0123;0.9981501330188653
0.01233;0.997307766149998
0.01236;0.9963218553437123
0.01239;0.9952061903246856
0.01242;0.993974187969407
0.012450000000000001;0.9926388569669745
0.01248;0.9912127683256806
0.01251;0.9897080313760871
0.01254;0.9881362748951671
0.01257;0.9865086329594327
0.0126;0.9848357351264238
0.01263;0.9831277005430105
0.012660000000000001;0.9813941355838087
0.01269;0.9796441346330872
0.01272;0.9778862836380573
0.012750000000000001;0.9761286660785934
0.01278;0.974378871018623
0.01281;0.9726440029258588
0.01284;0.9709306929693444
0.01287;0.9692451115275191
0.0129;0.9675929816626759
0.01293;0.9659795933408272
0.012960000000000001;0.9644098181982984
0.01299;0.962888124677881
0.01302;0.9614185933779971
0.01305;0.9600049324774955
0.01308;0.9586504931169679
0.01311;0.9573582846341664
0.01314;0.9561309895666777
0.013170000000000001;0.9549709783490963
0.0132;0.9538803236449741
0.01323;0.952860814265376
0.013260000000000001;0.951913968636439
0.01329;0.9510410477876874
0.01332;0.9502430678411564
0.01335;0.9495208119887706
0.01338;0.9488748419517934
0.01341;0.9483055089218917
0.01344;0.9478129639880536
0.013470000000000001;0.9473971680579085
0.0135;0.9470579012854368
0.01353;0.9467947720200507
0.013560000000000001;0.9466072252945114
0.01359;0.9464945508711369
0.01362;0.9464558908673887
0.01365;0.9464902469831127
0.013680000000000001;0.9465964873527642
0.01371;0.9467733530464808
0.01374;0.9470194642443508
0.013770000000000001;0.9473333261083952
0.0138;0.947713334376788
0.01383;0.9481577807046465
0.01386;0.948664857775519
0.01389;0.949232664207046
0.01392;0.949859209273987
0.01395;0.9505424174709014
0.013980000000000001;0.9512801329362011
0.01401;0.952070123758354
0.01404;0.9529100861842141
0.014070000000000001;0.953797648748362
0.0141;0.9547303763415551
0.01413;0.9557057742349672
0.01416;0.9567212920761493
0.014190000000000001;0.9577743278711899
0.01422;0.9588622319665214
0.01425;0.9599823110425068
0.014280000000000001;0.9611318321296916
0.01431;0.962308026657246
0.01434;0.9635080945419332
0.01437;0.9647292083244524
0.0144;0.9659685173586893
0.01443;0.9672231520580739
0.01446;0.9684902282017428
0.014490000000000001;0.9697668513020598
0.01452;0.9710501210332951
0.01455;0.9723371357202564
0.014580000000000001;0.9736249968841156
0.01461;0.9749108138413113
0.01464;0.9761917083503214
0.01467;0.9774648192995095
0.0147;0.9787273074283775
0.01473;0.979976360073121
0.01476;0.9812091959264388
0.014790000000000001;0.9824230698004777
0.01482;0.9836152773808008
0.01485;0.9847831599584472
0.01488;0.9859241091264012
0.01491;0.9870355714260224
0.01494;0.9881150529285441
0.01497;0.9891601237361508
0.015000000000000001;0.9901684223869802
0.01503;0.9911376601480447
0.01506;0.9920656251800286
0.015090000000000001;0.9929501865579564
0.01512;0.9937892981319341
0.01515;0.9945810022123813
0.01518;0.9953234330646581
0.01521;0.9960148201985524
0.01524;0.9966534914387225
0.01527;0.997237875762984
0.015300000000000001;0.9977665058963271
0.01533;0.998238020649386
0.01536;0.9986511669913521
0.015390000000000001;0.9990048018484436
0.01542;0.9992978936202677
0.01545;0.9995295234078769
0.01548;0.9996988859485392
0.015510000000000001;0.9998052902538361
0.01554;0.9998481599490593
0.01557;0.9998270333134159
0.015600000000000001;0.9997415630219959
0.01563;0.9995915155919578
0.01566;0.9993767705368687
0.01569;0.9990973192344808
0.01572;0.9987532635146996
0.01575;0.9983448139757692
0.01578;0.9978722880379433
0.01581;0.9973361077451447
0.01584;0.9967367973261805
0.01587;0.9960749805280577
0.0159;0.9953513777349433
0.01593;0.9945668028869536
0.015960000000000002;0.9937221602138768
0.01599;0.992818440799274
0.01602;0.9918567189910524
0.016050000000000002;0.9908381486749028
0.01608;0.9897639594271901
0.01611;0.9886354525640968
0.01614;0.9874539971038132
0.01617;0.9862210256584312
0.0162;0.9849380302721443
0.01623;0.9836065582219048
0.01626;0.9822282077965221
0.01629;0.98080462406956
0.01632;0.9793374946809213
0.01635;0.9778285456415179
0.01638;0.9762795371745648
0.01641;0.9746922596065366
0.01644;0.973068529319911
0.016470000000000002;0.9714101847790924
0.0165;0.9697190826401194
0.01653;0.9679970939538447
0.016560000000000002;0.9662461004715177
0.01659;0.9644679910606246
0.01662;0.9626646582382808
0.01665;0.9608379948283403
0.01668;0.9589898907476376
0.01671;0.9571222299259684
0.01674;0.9552368873635126
0.01677;0.9533357263287733
0.0168;0.9514205956990852
0.01683;0.94949332744532
0.01686;0.9475557342614686
0.01689;0.9456096073392741
0.01692;0.943656714287465
0.01695;0.9416987971944661
0.016980000000000002;0.9397375708330291
0.01701;0.937774721004718
0.01704;0.9358119030216937
0.017070000000000002;0.9338507403228945
0.0171;0.9318928232213329
0.01713;0.9299397077787906
0.01716;0.927992914804204
0.01719;0.9260539289714103
0.01722;0.9241241980520558
0.01725;0.9222051322590732
0.01728;0.9202981036960605
0.01731;0.9184044459079685
0.01734;0.9165254535280541
0.01737;0.9146623820163864
0.0174;0.9128164474849815
0.01743;0.9109888266046479
0.01746;0.9091806565887807
0.017490000000000002;0.9073930352491533
0.01752;0.9056270211191747
0.01755;0.9038836336397603
0.017580000000000002;0.9021638534033672
0.01761;0.9004686224518041
0.01764;0.898798844623291
0.01767;0.8971553859448607
0.0177;0.8955390750657901
0.01773;0.8939507037283249
0.01776;0.892391027271892
0.01779;0.8908607651671484
0.01782;0.8893606015765949
0.01785;0.8878911859382368
0.01788;0.8864531335693951
0.01791;0.8850470262875786
0.01794;0.8836734130456795
0.01797;0.8823328105788459
0.018000000000000002;0.8810257040605636
0.01803;0.8797525477655855
0.01806;0.8785137657375832
0.018090000000000002;0.8773097524594693
0.01812;0.8761408735245316
0.01815;0.8750074663065948
0.01818;0.8739098406276492
0.01821;0.8728482794214769
0.01824;0.8718230393918506
0.01827;0.8708343516641849
0.0183;0.8698824224293858
0.01833;0.8689674335790919
0.01836;0.868089543331189
0.01839;0.8672488868449708
0.01842;0.8664455768251496
0.01845;0.8656797041141497
0.01848;0.8649513382721384
0.018510000000000002;0.864260528144362
0.01854;0.8636073024153997
0.01857;0.8629916701500833
0.018600000000000002;0.862413621320764
0.01863;0.8618731273208938
0.01866;0.8613701414646985
0.018690000000000002;0.8609045994729222
0.01872;0.8604764199446984
0.01875;0.8600855048155166
0.01878;0.8597317398014457
0.01881;0.859414994829693
0.01884;0.85913512445568
0.01887;0.8588919682669234
0.0189;0.8586853512738215
0.01893;0.8585150842877064
0.01896;0.8583809642864526
0.01899;0.85828277476793
0.019020000000000002;0.8582202860916356
0.01905;0.8581932558089387
0.01908;0.8582014289821867
0.019110000000000002;0.8582445384931968
0.01914;0.8583223053414533
0.01917;0.8584344389324785
0.019200000000000002;0.8585806373565971
0.01923;0.858760593928052
0.01926;0.8589739794471712
0.01929;0.8592204597751041
0.01932;0.859499690472949
0.01935;0.8598113170639451
0.01938;0.8601549752695341
0.01941;0.8605302912371935
0.01944;0.8609368817622414
0.01947;0.8613743545044569
0.0195;0.8618423081999472
0.019530000000000002;0.8623403328689146
0.01956;0.8628680100197719
0.01959;0.8634249128500306
0.019620000000000002;0.8640106064446067
0.01965;0.864624647971913
0.01968;0.8652665868782738
0.019710000000000002;0.865935965081141
0.01974;0.8666323171616352
0.01977;0.8673551705569444
0.0198;0.8681040457529647
0.01983;0.8688784564778348
0.01986;0.8696779098968391
0.01989;0.8705019068092056
0.01992;0.8713499418473566
0.01995;0.8722215036792248
0.01998;0.8731160752142404
0.02001;0.8740331338135916
0.02004;0.8749721515054572
0.02007;0.8759325952060282
0.0201;0.876913926946996
0.020130000000000002;0.8779156041105425
0.02016;0.8789370796726838
0.02019;0.879977802456182
0.020220000000000002;0.8810372173942537
0.02025;0.8821147658065229
0.02028;0.8832098856888786
0.02031;0.8843220120192086
0.02034;0.8854505770813091
0.02037;0.886595010809599
0.0204;0.887754741157909
0.02043;0.8889291944962082
0.02046;0.8901177960397108
0.02049;0.8913199703160956
0.02052;0.8925351416774585
0.02055;0.8937627348651481
0.02058;0.8950021756376277
0.02061;0.8962528914734283
0.020640000000000002;0.8975143123645369
0.02067;0.8987858717186887
0.0207;0.9000670073939968
0.020730000000000002;0.9013571628947319
0.02076;0.9026557887645776
0.02079;0.9039623442230137
0.02082;0.905276299102401
0.02085;0.9065971361589995
0.02088;0.9079243538512511
0.02091;0.9092574697050202
0.02094;0.9105960244201269
0.02097;0.9119395869182818
0.021;0.9132877605933437
0.02103;0.9146401911065266
0.02106;0.9159965761791392
0.02109;0.9173566779852113
0.02112;0.9187203389514305
0.021150000000000002;0.920087502055703
0.02118;0.9214582371113208
0.02121;0.9228327750815455
0.021240000000000002;0.92421155326372
0.02127;0.9255952753247876
0.0213;0.9269849918357774
0.021330000000000002;0.9283822094094966
0.02136;0.9297890402212542
0.02139;0.9312084092719236
0.02142;0.9326443453606753
0.02145;0.9341023952475481
0.02148;0.9355902221062163
0.02151;0.9371184846843549
0.02154;0.9387021526145201
0.02157;0.9403625144833289
0.0216;0.9421303135700918
0.02163;0.9440507703649873
0.021660000000000002;0.9461918613901428
0.02169;0.948658419295747
0.02172;0.9516170673552221
0.021750000000000002;0.9553422775144812
0.02178;0.9603058983165631
0.02181;0.9673619824265368
0.021840000000000002;0.9781566891260441
0.02187;0.9961181397606045
0.0219;1.0290944690738684
0.02193;1.09712040757906
0.02196;1.2556549720680188
0.02199;1.6211944272475047
0.02202;1.9521627813767755
0.02205;1.6637582242540667
0.02208;1.374850954176553
0.02211;1.2302454285208322
0.02214;1.1572934513986366
0.022170000000000002;1.1175485129020901
0.0222;1.0947507614785041
0.02223;1.0816157041514256
0.022260000000000002;1.0746369628402679
0.02229;1.0720706766735275
0.02232;1.0731074183596798
0.022350000000000002;1.077528209356888
0.02238;1.085592704264916
0.02241;1.0980783970157835
0.02244;1.1164750039003206
0.02247;1.143413588675189
0.0225;1.1835216703445837
0.02253;1.245070236695301
0.02256;1.3428152523246257
0.02259;1.5002991609641902
0.02262;1.7335987458440838
0.02265;1.9521271585686806
0.022680000000000002;1.9020180670217561
0.02271;1.6249416328618955
0.02274;1.3836381142133478
0.022770000000000002;1.2359804488495052
0.0228;1.150563475708062
0.02283;1.0997756299365706
0.022860000000000002;1.0681977463301484
0.02289;1.047697273218113
0.02292;1.033883930225006
0.02295;1.0242855250080805
0.02298;1.0174472102922263
0.02301;1.0124770250517565
0.02304;1.0088076991205783
0.02307;1.0060665939044369
0.0231;1.0040018485470352
0.02313;1.002438902282971
0.02316;1.0012540496443543
0.023190000000000002;1.0003578757634004
0.02322;0.9996846023137881
0.02325;0.9991850697568094
0.023280000000000002;0.998822014173834
0.02331;0.9985668257721473
0.02334;0.9983972844131178
0.023370000000000002;0.9982959518363203
0.0234;0.9982490130711599
0.02343;0.998245430075646
0.02346;0.9982763156371447
0.02349;0.9983344647951846
0.02352;0.9984140003512672
0.02355;0.9985101019831817
0.02358;0.9986187972989613
0.02361;0.9987367992498032
0.02364;0.99886137857277
0.02367;0.9989902629401277
0.023700000000000002;0.9991215566412088
0.02373;0.9992536761750077
0.02376;0.9993852982641627
0.023790000000000002;0.9995153176345206
0.02382;0.9996428125234724
0.02385;0.9997670163438235
0.023880000000000002;0.9998872942794643
0.02391;1.0000031238550855
0.02394;1.000114078725463
0.02397;1.00021981508666
0.024;1.000320060233056
0.02403;1.0004146028788212
0.02406;1.0005032849369306
0.02409;1.0005859945074675
0.02412;1.0006626598734218
0.02415;1.000733244339331
0.02418;1.000797741777855
0.02421;1.0008561727730938
0.02424;1.000908581268967
0.02427;1.0009550316464593
0.024300000000000002;1.0009956061663963
0.02433;1.0010304027248342
0.02436;1.0010595328766976
0.024390000000000002;1.0010831200903558
0.02442;1.001101298201683
0.02445;1.001114210041004
0.024480000000000002;1.001122006210324
0.02451;1.0011248439915987
0.02454;1.0011228863696895
0.02457;1.0011163011559465
0.0246;1.001105260200341
0.02463;1.0010899386818601
0.02466;1.001070514468168
0.02469;1.0010471675368722
0.02472;1.001020079451577
0.02475;1.0009894328871405
0.02478;1.0009554111988108
0.024810000000000002;1.000918198031005
0.02484;1.0008779769618052
0.02487;1.0008349311797953
0.024900000000000002;1.0007892431902266
0.02493;1.0007410945479742
0.02496;1.000690665614892
0.024990000000000002;1.0006381353395495
0.02502;1.0005836810575832
0.02505;1.000527478310986
0.02508;1.0004697006849683
0.02511;1.0004105196610584
0.02514;1.0003501044853813
0.02517;1.0002886220510334
0.0252;1.000226236793695
0.02523;1.0001631105996158
0.02526;1.0000994027253254
0.02529;1.0000352697283095
0.025320000000000002;0.9999708654081658
0.02535;0.9999063407576446
0.02538;0.9998418439231093
0.025410000000000002;0.9997775201740589
0.02544;0.9997135118812075
0.02547;0.9996499585029122
0.025500000000000002;0.9995869965795613
0.02553;0.9995247597356898
0.02556;0.9994633786895635
0.02559;0.9994029812700853
0.02562;0.9993436924407452
0.02565;0.999285634330567
0.02568;0.9992289262718529
0.02571;0.9991736848446826
0.02574;0.999120023928032
0.02577;0.9990680547575093
0.0258;0.999017885989657
0.025830000000000002;0.9989696237728253
0.02586;0.9989233718246097
0.02589;0.998879231515931
0.025920000000000002;0.9988373019617973
0.02595;0.9987976801188535
0.02598;0.9987604608898181
0.026010000000000002;0.998725737234972
0.02604;0.9986936002908428
0.02607;0.9986641394963167
0.0261;0.9986374427263762
0.02613;0.9986135964337564
0.02616;0.9985926857987688
0.02619;0.9985747948877008
0.02622;0.9985600068200682
0.02625;0.9985484039452254
0.02628;0.9985400680287239
0.02631;0.9985350804489591
0.026340000000000002;0.9985335224046358
0.02637;0.9985354751337019
0.0264;0.9985410201443841
0.026430000000000002;0.998550239459081
0.02646;0.9985632158719163
0.02649;0.9985800332208385
0.026520000000000002;0.9986007766752317
0.02655;0.9986255330400798
0.02658;0.9986543910778698
0.02661;0.9986874418494515
0.02664;0.9987247790752563
0.02667;0.9987664995184015
0.0267;0.9988127033912644
0.02673;0.9988634947873642
0.02676;0.9989189821405122
0.02679;0.9989792787133621
0.02682;0.9990445031177111
0.026850000000000002;0.9991147798691005
0.02688;0.9991902399785706
0.02691;0.9992710215845788
0.026940000000000002;0.9993572706285021
0.02697;0.9994491415773734
0.027;0.9995467981979421
0.027030000000000002;0.9996504143864385
0.02706;0.9997601750589812
0.02709;0.9998762771079253
0.027120000000000002;0.999998930430063
0.02715;1.0001283590331773
0.02718;1.0002648022280045
0.02721;1.000408515913558
0.02724;1.0005597739643384
0.02727;1.0007188697291631
0.0273;1.000886117651975
0.02733;1.0010618550264236
0.027360000000000002;1.0012464438970594
0.02739;1.001440273121425
0.02742;1.001643760608867
0.027450000000000002;1.0018573557536186
0.02748;1.002081542081615
0.02751;1.0023168401326783
0.027540000000000002;1.002563810602169
0.02757;1.0028230577688293
0.0276;1.003095233238751
0.027630000000000002;1.003381040038665
0.02766;1.0036812370958328
0.02769;1.0039966441459782
0.02772;1.0043281471158454
0.02775;1.0046767040323763
0.02778;1.0050433515169304
0.02781;1.0054292119300166
0.02784;1.0058355012402527
0.027870000000000002;1.0062635377002747
0.0279;1.0067147514229435
0.02793;1.007190694963
0.027960000000000002;1.0076930550228436
0.02799;1.0082236654166075
0.02802;1.0087845214442988
0.028050000000000002;1.0093777958478127
0.02808;1.0100058565438788
0.02811;1.0106712863550558
0.028140000000000002;1.0113769049904446
0.02817;1.0121257935621866
0.0282;1.012921321963817
0.02823;1.013767179482268
0.02826;1.0146674090679904
0.02829;1.0156264457482889
0.02832;1.016649159738875
0.02835;1.0177409048891797
0.028380000000000002;1.018907573189817
0.02841;1.0201556561777174
0.02844;1.0214923141981211
0.028470000000000002;1.0229254546250754
0.0285;1.024463820306352
0.02853;1.0261170896879206
0.028560000000000002;1.0278959902907892
0.02859;1.0298124274624876
0.02862;1.0318796306118596
0.028650000000000002;1.0341123194612483
0.02868;1.0365268932211258
0.02871;1.0391416460090188
0.02874;1.0419770123021141
0.02877;1.0450558467286273
0.0288;1.0484037430646724
0.02883;1.0520493979006083
0.02886;1.0560250250546876
0.02889;1.060366827410228
0.02892;1.0651155333833822
0.02895;1.0703170056069586
0.028980000000000002;1.0760229295201469
0.02901;1.0822915891898965
0.02904;1.0891887365873834
0.029070000000000002;1.096788558294368
0.0291;1.1051747396452318
0.02913;1.1144416198085692
0.029160000000000002;1.1246954211297777
0.02919;1.136055520638583
0.02922;1.1486557088498675
0.02925;1.1626453480835506
0.02928;1.1781902959640054
0.02931;1.195473395268612
0.02934;1.2146942441327255
0.02937;1.2360678462675143
0.0294;1.2598215965916
0.02943;1.2861898855120122
0.02946;1.315405416782186
0.029490000000000002;1.3476861587985884
0.02952;1.383216745364869
0.02955;1.4221232087012938
0.029580000000000002;1.4644403155334214
0.02961;1.5100716845590274
0.02964;1.5587444991790849
0.029670000000000002;1.6099631166320425
0.0297;1.662969079474372
0.02973;1.7167183381615891
0.02976;1.7698886168609405
0.02979;1.8209289697214193
0.02982;1.8681579445895997
0.02985;1.909905964849422
0.02988;1.9446836953593643
0.02991;1.9713461895110787
0.02994;1.989218417122446
0.02997;1.998154850554849
0.030000000000000002;1.9985224888026139
0.03003;1.9911165029285578
0.03006;1.9770327561109975
0.030090000000000002;1.9575269429464588
0.03012;1.933886126473133
0.03015;1.9073288752996242
0.030180000000000002;1.8789397378847024
0.03021;1.8496357422744214
0.03024;1.820158155152355
0.030270000000000002;1.7910814444629155
0.0303;1.7628321414595274
0.03033;1.7357119767075966
0.03036;1.7099214888743288
0.03039;1.6855818623914025
0.03042;1.6627539003689447
0.03045;1.6414537975973273
0.03048;1.621665825199705
0.030510000000000002;1.6033522653932284
0.03054;1.5864610208954957
0.03057;1.570931327613493
0.030600000000000002;1.5566979611149308
0.03063;1.5436942717415962
0.03066;1.5318543243080762
0.030690000000000002;1.5211143634729194
0.03072;1.511413778263447
0.03075;1.5026956996950118
0.030780000000000002;1.4949073335503023
0.03081;1.4880001052325147
0.03084;1.481929674070992
0.03087;1.47665585946868
0.0309;1.4721425098907817
0.03093;1.4683573371045036
0.03096;1.4652717316454533
0.03099;1.4628605706905375
0.031020000000000002;1.4611020259596494
0.03105;1.459977376637113
0.03108;1.4594708303615913
0.031110000000000002;1.4595693538976404
0.03114;1.460262514035472
0.03117;1.4615423284639377
0.031200000000000002;1.4634031257442737
0.03123;1.4658414130197879
0.03126;1.468855749680939
0.03129;1.472446624832396
0.03132;1.476616336047369
0.03135;1.4813688665254248
0.03138;1.4867097573715913
0.03141;1.4926459712754376
0.03144;1.4991857433737956
0.03147;1.506338414525813
0.0315;1.5141142416025872
0.03153;1.5225241787023092
0.03156;1.5315796224440388
0.03159;1.5412921136847626
0.03162;1.5516729871673882
0.03165;1.5627329597774713
0.03168;1.5744816473206857
0.03171;1.5869269991056634
0.03174;1.6000746392411413
0.03177;1.6139271035708003
0.0318;1.6284829617642629
0.031830000000000004;1.643735815494647
0.03186;1.6596731661477955
0.03189;1.6762751494663202
0.031920000000000004;1.6935131403185708
0.03195;1.7113482387958432
0.03198;1.7297296594744103
0.032010000000000004;1.748593059239986
0.03204;1.7678588557050603
0.03207;1.787430607822449
0.032100000000000004;1.8071935522332163
0.03213;1.8270134120271961
0.03216;1.846735616998847
0.03219;1.8661850933643045
0.03222;1.8851667925498499
0.03225;1.903467128642086
0.03228;1.920856477618962
0.03231;1.9370928541461852
0.03234;1.9519268204646838
0.03237;1.965107596230229
0.0324;1.9763902313868849
0.03243;1.9855435842110518
0.03246;1.99235872630358
0.03249;1.9966572921144459
0.03252;1.998299220771596
0.03255;1.9971893190495582
0.03258;1.9932821172580149
0.03261;1.9865845967839872
0.03264;1.977156530420118
0.03267;1.9651083756555119
0.0327;1.9505968707262151
0.03273;1.9338186749627424
0.03276;1.9150025435622764
0.03279;1.8944006150472068
0.03282;1.8722794108058756
0.032850000000000004;1.848911104654146
0.03288;1.824565529534666
0.03291;1.7995032666726982
0.032940000000000004;1.7739700292392329
0.03297;1.7481924250182186
0.033;1.7223750733881062
0.033030000000000004;1.696698968380699
0.03306;1.6713209239268672
0.03309;1.6463739079396258
0.033120000000000004;1.6219680643836867
0.03315;1.5981922315197938
0.03318;1.5751157845487607
0.03321;1.5527906569913115
0.03324;1.5312534233771191
0.03327;1.5105273533352201
0.0333;1.4906243721407706
0.03333;1.4715468841970076
0.03336;1.4532894334612299
0.03339;1.4358401885504937
0.03342;1.4191822505329021
0.03345;1.4032947887260792
0.03348;1.388154014696882
0.03351;1.3737340076199875
0.03354;1.360007405656179
0.03357;1.3469459784493998
0.0336;1.334521095544108
0.03363;1.3227041047317363
0.03366;1.3114666332543257
0.03369;1.3007808235573648
0.03372;1.2906195139998689
0.03375;1.2809563736658105
0.03378;1.2717659992209764
0.03381;1.2630239806525427
0.03384;1.254706941725737
0.033870000000000004;1.2467925600997547
0.0339;1.2392595712595815
0.03393;1.2320877597377113
0.033960000000000004;1.2252579405106268
0.03399;1.2187519329515957
0.03402;1.2125525292925075
0.034050000000000004;1.2066434591866502
0.03408;1.2010093516590152
0.03411;1.1956356954788299
0.034140000000000004;1.190508798775435
0.03417;1.1856157485454364
0.0342;1.1809443705536553
0.034230000000000003;1.176483190012953
0.03426;1.1722213933307803
0.03429;1.1681487911322483
0.03432;1.1642557827061961
0.03435;1.1605333219696468
0.03438;1.15697288500611
0.03441;1.1535664392008804
0.03444;1.1503064139719676
0.03447;1.1471856730755594
0.0345;1.1441974884512938
0.03453;1.1413355155609874
0.03456;1.1385937701673545
0.03459;1.1359666064940435
0.03462;1.1334486967043833
0.03465;1.1310350116355565
0.03468;1.1287208027233113
0.03471;1.126501585053483
0.03474;1.1243731214772497
0.03477;1.1223314077289896
0.0348;1.120372658487445
0.03483;1.118493294323253
0.03486;1.1166899294784989
0.034890000000000004;1.1149593604262718
0.03492;1.1132985551611587
0.03495;1.1117046431740223
0.034980000000000004;1.1101749060671418
0.03501;1.1087067687681582
0.03504;1.1072977913040782
0.035070000000000004;1.1059456610985865
0.0351;1.1046481857585018
0.03513;1.103403286317169
0.035160000000000004;1.1022089909048376
0.03519;1.1010634288178762
0.03522;1.0999648249606233
0.035250000000000004;1.0989114946353316
0.03528;1.097901838657441
0.03531;1.0969343387747372
0.03534;1.0960075533706328
0.03537;1.0951201134329627
0.0354;1.0942707187710403
0.03543;1.0934581344648922
0.03546;1.0926811875316662
0.03549;1.0919387637952322
0.03552;1.0912298049459654
0.03555;1.0905533057785755
0.03558;1.0899083115967145
0.03561;1.0892939157737733
0.03564;1.0887092574601176
0.03567;1.0881535194275893
0.0357;1.0876259260427488
0.03573;1.087125741360945
0.03576;1.0866522673338013
0.03579;1.086204842123167
0.03582;1.0857828385151853
0.03585;1.085385662428405
0.03588;1.0850127515103778
0.03591;1.0846635738174941
0.03594;1.0843376265731988
0.03597;1.0840344350000366
0.036000000000000004;1.0837535512213103
0.03603;1.083494553228317
0.03606;1.0832570439095852
0.036090000000000004;1.0830406501385257
0.03612;1.082845021916393
0.03615;1.0826698315674952
0.036180000000000004;1.082514772983821
0.03621;1.0823795609165205
0.03624;1.0822639303117505
0.036270000000000004;1.082167635688607
0.0363;1.0820904505570266
0.03633;1.0820321668736486
0.03636;1.0819925945337583
0.03639;1.0819715608976472
0.03642;1.081968910349692
0.03645;1.0819845038886875
0.03648;1.0820182187480265
0.03651;1.082069948044373
0.03654;1.0821396004536932
0.03657;1.0822270999134103
0.0366;1.0823323853496767
0.03663;1.0824554104288073
0.03666;1.0825961433318951
0.03669;1.0827545665518061
0.03672;1.0829306767117768
0.03675;1.083124484404866
0.03678;1.0833360140535917
0.03681;1.0835653037891486
0.03684;1.083812405349652
0.03687;1.084077383996851
0.0369;1.084360318450846
0.03693;1.0846613008424046
0.03696;1.084980436682446
0.03699;1.0853178448483545
0.037020000000000004;1.0856736575867756
0.03705;1.0860480205326482
0.03708;1.0864410927441694
0.037110000000000004;1.0868530467535136
0.03714;1.087284068633055
0.03717;1.0877343580769563
0.037200000000000004;1.088204128497981
0.03723;1.0886936071393933
0.03726;1.0892030352018593
0.037290000000000004;1.0897326679852581
0.03732;1.0902827750453499
0.03735;1.0908536403653086
0.037380000000000004;1.091445562542029
0.03741;1.0920588549872452
0.03744;1.0926938461435
0.03747;1.0933508797149312
0.0375;1.09403031491297
0.03753;1.0947325267169763
0.03756;1.0954579061499266
0.03759;1.096206860569072
0.03762;1.0969798139719151
0.03765;1.0977772073173067
0.03768;1.0985994988619485
0.03771;1.0994471645123178
0.03774;1.1003206981921283
0.03777;1.1012206122253994
0.0378;1.102147437735253
0.03783;1.1031017250585182
0.03786;1.1040840441762132
0.03789;1.1050949851599723
0.03792;1.106135158634495
0.03795;1.1072051962560323
0.03798;1.1083057512069332
0.03801;1.1094374987063036
0.038040000000000004;1.1106011365366526
0.03807;1.1117973855865695
0.0381;1.1130269904092682
0.038130000000000004;1.1142907197969203
0.03816;1.1155893673705637
0.03819;1.116923752185375
0.038220000000000004;1.1182947193510264
0.03825;1.119703140666794
0.03828;1.1211499152709814
0.038310000000000004;1.1226359703041788
0.03834;1.1241622615857845
0.03837;1.1257297743030752
0.038400000000000004;1.1273395237121708
0.03843;1.1289925558498057
0.03846;1.1306899482551116
0.03849;1.1324328107000101
0.03852;1.1342222859272149
0.03855;1.136059550394032
0.03858;1.1379458150205806
0.03861;1.1398823259404103
0.03864;1.1418703652515907
0.03867;1.1439112517658412
0.0387;1.1460063417532522
0.03873;1.1481570296797525
0.03876;1.1503647489341642
0.03879;1.152630972541517
0.03882;1.1549572138587267
0.03885;1.157345027248539
0.03888;1.1597960087271797
0.03891;1.1623117965808178
0.03894;1.1648940719452043
0.03897;1.1675445593427405
0.039;1.1702650271704655
0.03903;1.1730572881317491
0.039060000000000004;1.1759231996044592
0.03909;1.1788646639368066
0.03912;1.1818836286623728
0.039150000000000004;1.1849820866242722
0.03918;1.1881620759982783
0.03921;1.1914256802034413
0.039240000000000004;1.1947750276881144
0.03927;1.198212291578431
0.0393;1.20173968917523
0.039330000000000004;1.205359481284397
0.03936;1.2090739713647947
0.03939;1.2128855044765292
0.039420000000000004;1.2167964660115447
0.03945;1.2208092801872694
0.03948;1.224926408282715
0.03951;1.2291503465955977
0.03954;1.233483624097293
0.03957;1.2379287997622164
0.0396;1.2424884595456294
0.03963;1.2471652129840687
0.03966;1.2519616893905479
0.03969;1.25688053361603
0.03972;1.2619244013474487
0.03975;1.2670959539116247
0.03978;1.2723978525539263
0.03981;1.2778327521592938
0.03984;1.2834032943834714
0.03987;1.2891121001613342
0.0399;1.2949617615597127
0.03993;1.30095483294199
0.03996;1.307093821413081
0.03999;1.3133811765132288
0.04002;1.319819279131906
0.04005;1.326410429614164
0.04008;1.333156835034465
0.04011;1.3400605956169243
0.04014;1.347123690283625
0.040170000000000004;1.3543479613183145
0.0402;1.361735098137938
0.04023;1.3692866201708478
0.040260000000000004;1.3770038588478333
0.04029;1.3848879387207875
0.04032;1.3929397577330302
0.040350000000000004;1.4011599666763195
0.04038;1.409548947880752
0.04041;1.4181067931974753
0.040440000000000004;1.4268332813473377
0.04047;1.4357278547254453
0.0405;1.4447895957657932
0.040530000000000004;1.4540172029899845
0.04056;1.4634089668807213
0.04059;1.4729627457404215
0.04062;1.4826759417162685
0.04065;1.492545477190637
0.04068;1.5025677717589079
0.04071;1.5127387200345395
0.04074;1.5230536705423212
0.04077;1.5335074059775131
0.0408;1.5440941251269833
0.04083;1.5548074267622036
0.04086;1.565640295826666
0.04089;1.5765850922498148
0.04092;1.587633542723751
0.04095;1.598776735781599
0.04098;1.6100051205103836
0.04101;1.6213085092247619
0.04104;1.632676084408359
0.04107;1.6440964102116595
0.0411;1.6555574487631344
0.04113;1.6670465815166893
0.04116;1.6785506358138467
0.041190000000000004;1.690055916789639
0.04122;1.7015482446941932
0.04125;1.7130129976385127
0.041280000000000004;1.7244351597035583
0.04131;1.735799374278821
0.04134;1.7470900024177356
0.041370000000000004;1.7582911859191295
0.0414;1.7693869147617025
0.04143;1.7803610984392937
0.041460000000000004;1.7911976406674326
0.04149;1.8018805168579188
0.04152;1.8123938536933006
0.041550000000000004;1.8227220100718518
0.04158;1.8328496586475664
0.04161;1.842761867150883
0.04164;1.8524441786515287
0.04167;1.8618826899151393
0.0417;1.8710641270075206
0.04173;1.8799759173215043
0.04176;1.8886062572335884
0.04179;1.896944174647036
0.04182;1.9049795857401874
0.04185;1.9127033453137174
0.04188;1.9201072902163792
0.04191;1.9271842754243553
0.04194;1.933928202451266
0.04197;1.9403340398729658
0.042;1.946397835861129
0.04203;1.9521167227284417
0.04206;1.9574889135966382
0.04209;1.9625136913994141
0.04212;1.9671913905299092
0.04215;1.9715233715285818
0.04218;1.9755119892854036
0.042210000000000004;1.9791605552961142
0.04224;1.9824732945660042
0.04227;1.9854552977964137
0.042300000000000004;1.9881124695166223
0.04233;1.9904514728381657
0.04236;1.992479671509351
0.042390000000000004;1.994205069931811
0.04242;1.9956362517645536
0.04245;1.9967823176661392
0.042480000000000004;1.9976528225559134
0.04251;1.9982577122743366
0.04254;1.9986072573806697
0.042570000000000004;1.998711964526798
0.0426;1.9995639061450226
0.04263;1.9991729684559392
0.042660000000000003;1.9985725310582712
0.04269;1.9977720132372934
0.04272;1.9967821290112544
0.04275;1.99561381318408
0.04278;1.9942780179507993
0.04281;1.992785627257048
0.04284;1.9911474039835197
0.04287;1.9893739506519035
0.0429;1.9874756776108433
0.04293;1.9854627763678554
0.04296;1.9833451969946663
0.04299;1.9811326290241094
0.04302;1.9788344854648348
0.04305;1.976459889655855
0.04308;1.974017664728419
0.04311;1.9715163254665526
0.04314;1.968964072370915
0.04317;1.9663687877391773
0.0432;1.96373803358348
0.043230000000000005;1.9610790512115803
0.04326;1.9583987623053531
0.04329;1.9557037713370387
0.043320000000000004;1.9530003691713143
0.04335;1.950294537708981
0.04338;1.9475919554366683
0.043410000000000004;1.944898003755051
0.04344;1.9422177739670727
0.04347;1.9395560748160345
0.043500000000000004;1.9369174404721134
0.04353;1.9343061388743508
0.04356;1.9317261803432315
0.043590000000000004;1.9291813263869424
0.04362;1.926675098631814
0.04365;1.9242107878151382
0.043680000000000004;1.9217914627845456
0.04371;1.9194199794554687
0.04374;1.917098989683274
0.04377;1.9148309500130782
0.0438;1.9126181302746545
0.04383;1.9104626219951002
0.04386;1.9083663466059926
0.04389;1.9063310634257444
0.04392;1.9043583774016344
0.04395;1.9024497465989467
0.04398;1.9006064894278831
0.04401;1.8988297916010903
0.04404;1.8971207128176
0.04407;1.8954801931702827
0.0441;1.8939090592764098
0.04413;1.8924080301319615
0.04416;1.8909777226921072
0.04419;1.8896186571812865
0.04422;1.8883312621372053
0.04425;1.8871158791943425
0.04428;1.8859727676128062
0.04431;1.8849021085593785
0.044340000000000004;1.8839040091478538
0.04437;1.882978506246302
0.0444;1.8821255700590982
0.044430000000000004;1.881345107491937
0.04446;1.8806369653081136
0.04449;1.8800009330845688
0.044520000000000004;1.8794367459761836
0.04455;1.8789440872969383
0.04458;1.8785225909265493
0.044610000000000004;1.8781718435511172
0.04464;1.8778913867464033
0.04467;1.8776807189122284
0.044700000000000004;1.8775392970664646
0.04473;1.8774665385071088
0.04476;1.877461822350871
0.04479;1.8775244909565414
0.04482;1.8776538512417742
0.04485;1.8778491759014915
0.04488;1.8781097045365698
0.04491;1.8784346447013596
0.04494;1.8788231728788132
0.04497;1.8792744353922222
