1e-20;4.638822904979184e-16
3.000000000000001e-05;4.824452577754982e-16
6.000000000000001e-05;5.017768680118048e-16
9.000000000000002e-05;5.219100182097443e-16
0.00012000000000000002;5.428790581062212e-16
0.00015000000000000001;5.647198561882936e-16
0.00018;5.874698687810947e-16
0.00021;6.111682123566321e-16
0.00024;6.358557392138793e-16
0.00027;6.615751166915592e-16
0.00030000000000000003;6.883709100800791e-16
0.00033;7.162896694078825e-16
0.00036;7.45380020287258e-16
0.00039;7.756927590107486e-16
0.00042;8.072809521005811e-16
0.00045;8.402000405220075e-16
0.00048;8.745079487808729e-16
0.00051;9.102651991386357e-16
0.00054;9.47535031186028e-16
0.00057;9.863835270289148e-16
0.0006000000000000001;1.026879742353631e-15
0.00063;1.0690958436470238e-15
0.00066;1.1131072518671187e-15
0.00069;1.1589927928626958e-15
0.00072;1.2068348548669727e-15
0.00075;1.2567195533929492e-15
0.00078;1.3087369038851421e-15
0.0008100000000000001;1.362981002487818e-15
0.00084;1.4195502153130442e-15
0.00087;1.4785473766084407e-15
0.0009;1.5400799962399718e-15
0.00093;1.6042604769273472e-15
0.00096;1.6712063416850403e-15
0.00099;1.7410404719478048e-15
0.00102;1.813891356871671e-15
0.00105;1.889893354339124e-15
0.00108;1.9691869641970774e-15
0.00111;2.0519191143024712e-15
0.00114;2.1382434599591283e-15
0.00117;2.228320697362187e-15
0.0012000000000000001;2.3223188916901716e-15
0.00123;2.4204138205071673e-15
0.00126;2.5227893331770283e-15
0.0012900000000000001;2.6296377270034644e-15
0.00132;2.74116014085473e-15
0.00135;2.857566967050215e-15
0.00138;2.979078282317539e-15
0.00141;3.105924298670297e-15
0.00144;3.2383458350746036e-15
0.00147;3.3765948108108846e-15
0.0015;3.5209347614727612e-15
0.0015300000000000001;3.671641378568199e-15
0.00156;3.829003073730818e-15
0.00159;3.9933215685782814e-15
0.0016200000000000001;4.1649125112824184e-15
0.00165;4.344106120956817e-15
0.00168;4.531247860980515e-15
0.0017100000000000001;4.726699142447612e-15
0.00174;4.930838058896777e-15
0.00177;5.144060153571523e-15
0.0018;5.366779220431648e-15
0.00183;5.599428140199446e-15
0.00186;5.842459752705209e-15
0.00189;6.0963477668557426e-15
0.00192;6.361587709513057e-15
0.0019500000000000001;6.638697914616326e-15
0.00198;6.928220553862393e-15
0.00201;7.230722710237796e-15
0.00204;7.546797495716563e-15
0.0020700000000000002;7.877065214350541e-15
0.0021;8.222174572035938e-15
0.00213;8.582803934066267e-15
0.00216;8.959662631633939e-15
0.00219;9.353492318265811e-15
0.00222;9.76506837715624e-15
0.0022500000000000003;1.019520138015526e-14
0.00228;1.0644738599083291e-14
0.00231;1.111456556983868e-14
0.00234;1.1605607709534563e-14
0.00237;1.2118831986703139e-14
0.0024000000000000002;1.2655248644249608e-14
0.00243;1.3215912974538683e-14
0.00246;1.3801927145602016e-14
0.00249;1.441444207699188e-14
0.00252;1.50546593632605e-14
0.00255;1.572383324251031e-14
0.0025800000000000003;1.642327260664056e-14
0.00261;1.715434304933819e-14
0.00264;1.791846894669292e-14
0.00267;1.8717135564521047e-14
0.0027;1.9551891185184662e-14
0.0027300000000000002;2.0424349245376295e-14
0.00276;2.133619047488681e-14
0.00279;2.2289165024527687e-14
0.00282;2.3285094569605133e-14
0.00285;2.4325874372937168e-14
0.00288;2.541347528905695e-14
0.0029100000000000003;2.6549945688284464e-14
0.00294;2.77374132762287e-14
0.00297;2.897808678045354e-14
0.003;3.027425747227617e-14
0.00303;3.162830048645852e-14
0.0030600000000000002;3.304267589674742e-14
0.00309;3.451992949895023e-14
0.00312;3.606269324642972e-14
0.00315;3.767368527545227e-14
0.00318;3.9355709448661035e-14
0.00321;4.1111654335499425e-14
0.0032400000000000003;4.294449153687642e-14
0.00327;4.4857273248740903e-14
0.0033;4.6853128944751074e-14
0.00333;4.893526104158487e-14
0.00336;5.110693939205326e-14
0.0033900000000000002;5.3371494429523965e-14
0.0034200000000000003;5.573230876284843e-14
0.00345;5.8192806993518e-14
0.00348;6.075644349455306e-14
0.00351;6.342668785475586e-14
0.00354;6.620700765003635e-14
0.0035700000000000003;6.910084815570399e-14
0.0036;7.211160855870867e-14
0.00363;7.524261416511918e-14
0.00366;7.849708402541051e-14
0.00369;8.187809331427795e-14
0.00372;8.538852970406841e-14
0.0037500000000000003;8.903104285558024e-14
0.00378;9.280798601574687e-14
0.00381;9.67213485549358e-14
0.00384;1.007726780908658e-13
0.00387;1.0496299062765995e-13
0.0039000000000000003;1.0929266687890617e-13
0.00393;1.1376133263362408e-13
0.00396;1.1836772065167977e-13
0.0039900000000000005;1.2310951112738837e-13
0.00402;1.2798314721330907e-13
0.00405;1.329836214306831e-13
0.00408;1.3810422796728624e-13
0.00411;1.433362748409285e-13
0.0041400000000000005;1.4866874861830618e-13
0.00417;1.540879227438241e-13
0.0042;1.5957689843548926e-13
0.00423;1.6511506437052086e-13
0.00426;1.7067745778428815e-13
0.00429;1.7623400477959103e-13
0.00432;1.817486110749213e-13
0.00435;1.87178065305832e-13
0.00438;1.9247070409260635e-13
0.00441;1.9756476940769928e-13
0.00444;2.0238636104502192e-13
0.00447;2.068468446564243e-13
0.0045000000000000005;2.1083950912187873e-13
0.00453;2.1423515810697202e-13
0.00456;2.1687613537770302e-13
0.00459;2.1856795280387396e-13
0.00462;2.1906706571521746e-13
0.0046500000000000005;2.180620786234958e-13
0.00468;2.1514289081188393e-13
0.00471;2.0974550303314735e-13
0.00474;2.0104102881901492e-13
0.00477;1.8767092634492313e-13
0.0048000000000000004;1.669088135751944e-13
0.00483;1.2956272747642854e-13
0.00486;2.3090366270330606e-10
0.00489;6.248676820275861e-10
0.00492;1.07037888981964e-09
0.00495;1.575063463136778e-09
0.00498;2.146263079217044e-09
0.00501;2.7918667489753474e-09
0.00504;3.5205465154557295e-09
0.00507;4.34190520563204e-09
0.0051;5.266609043881017e-09
0.00513;6.306524287473751e-09
0.0051600000000000005;7.474865416464358e-09
0.00519;8.786359173326066e-09
0.00522;1.0257427799857911e-08
0.00525;1.1906394651845385e-08
0.00528;1.3753715533402842e-08
0.0053100000000000005;1.5822239429823796e-08
0.00534;1.8137502776268926e-08
0.00537;2.072806196450046e-08
0.0054;2.3625869461436214e-08
0.00543;2.686669970185178e-08
0.0054600000000000004;3.049063183829844e-08
0.00549;3.454259750450855e-08
0.00552;3.907300299979117e-08
0.00555;4.41384367612272e-08
0.00558;4.9802474694729075e-08
0.00561;5.61365979287046e-08
0.00564;6.322123988714528e-08
0.0056700000000000006;7.114698231575756e-08
0.0057;8.001592310888677e-08
0.00573;8.994324256707206e-08
0.00576;1.0105899917320372e-07
0.00579;1.1351019123863251e-07
0.0058200000000000005;1.2746312699654685e-07
0.00585;1.4310615309992848e-07
0.00588;1.606528002426625e-07
0.00591;1.803454150471891e-07
0.00594;2.0245935979205443e-07
0.0059700000000000005;2.2730787639934667e-07
0.006;2.5524772888316126e-07
0.00603;2.866857597923207e-07
0.00606;3.2208652183834813e-07
0.00609;3.619811768349605e-07
0.0061200000000000004;4.069778914510312e-07
0.00615;4.577740045774313e-07
0.00618;5.151702961017166e-07
0.00621;5.800877538957264e-07
0.00624;6.535873176213889e-07
0.00627;7.368931781741184e-07
0.0063;8.314203346453301e-07
0.0063300000000000006;9.388072623264705e-07
0.00636;1.0609547326764602e-06
0.00639;1.2000720585296874e-06
0.00642;1.3587323269000303e-06
0.00645;1.5399385426148177e-06
0.0064800000000000005;1.7472030581587783e-06
0.00651;1.9846432337481398e-06
0.00654;2.257096989544901e-06
0.00657;2.5702628219057547e-06
0.0066;2.9308700139176015e-06
0.0066300000000000005;3.346886251354652e-06
0.00666;3.827771757105226e-06
0.00669;4.3847915111886895e-06
0.00672;5.031400305787585e-06
0.00675;5.783719532569498e-06
0.0067800000000000004;6.661130034853881e-06
0.00681;7.687012519915554e-06
0.006840000000000001;8.88967652111253e-06
0.00687;1.030353156250344e-05
0.0069;1.197057117703198e-05
0.00693;1.394226340232353e-05
0.00696;1.62819726477939e-05
0.0069900000000000006;1.9068080709905028e-05
0.00702;2.2398033988529765e-05
0.00705;2.639362658107416e-05
0.00708;3.120794511653113e-05
0.00711;3.7034566110694196e-05
0.0071400000000000005;4.4119833045580626e-05
0.00717;5.2779382897013314e-05
0.0072;6.342059367244405e-05
0.00723;7.657336863829193e-05
0.00726;9.29327905299672e-05
0.0072900000000000005;0.00011341888084155217
0.00732;0.00013926132925842994
0.00735;0.0001721211879326649
0.00738;0.00021426812253447922
0.00741;0.00026884255033091044
0.00744;0.00034024983407144753
0.00747;0.0004347640013650044
0.007500000000000001;0.0005614712033173936
0.00753;0.0007337774470745995
0.00756;0.0009718789293013371
0.00759;0.0013069243774268848
0.00762;0.0017882535487352838
0.0076500000000000005;0.002496446654699586
0.00768;0.0035678423408568266
0.00771;0.0052428635128465234
0.00774;0.007966757872847062
0.00777;0.012613948102514212
0.0078000000000000005;0.02102833386225408
0.00783;0.03744954766699232
0.00786;0.07267865809733626
0.00789;0.15723874680652866
0.00792;0.3770863283920187
0.00795;0.8186029886052222
0.007980000000000001;0.9735624695012209
0.00801;0.7456217132516433
0.00804;0.588576853779592
0.00807;0.5394525815334111
0.0081;0.5759415588099115
0.00813;0.7037832757231255
0.00816;0.9134650392730708
0.00819;0.9692751294554869
0.00822;0.637077047545869
0.00825;0.32352217599207345
0.008280000000000001;0.16650782697827338
0.00831;0.0931307515595307
0.00834;0.056459120511424404
0.00837;0.036568679259844666
0.0084;0.02497513549951278
0.00843;0.01780262515524864
0.00846;0.013142338501811075
0.008490000000000001;0.009988818067904434
0.00852;0.007780968308082702
0.00855;0.006189882951098033
0.00858;0.005014480748209626
0.00861;0.004127294747479416
0.00864;0.0034449423324080485
0.00867;0.002911357411089222
0.0087;0.002487915759813016
0.00873;0.0021474295626801457
0.00876;0.0018703891464073679
0.008790000000000001;0.001642550172035091
0.00882;0.0014533486470065932
0.00885;0.0012948379304380724
0.00888;0.0011609622841674294
0.00891;0.0010470518340369983
0.00894;0.000949465906698584
0.00897;0.0008653374940012158
0.009000000000000001;0.0007923877227598534
0.00903;0.0007287894862948605
0.00906;0.0006730660620617038
0.00909;0.0006240149363578589
0.00912;0.0005806500002953117
0.00915;0.0005421572793361026
0.00918;0.0005078607331205688
0.00921;0.00047719561937035863
0.00924;0.0004496875898047745
0.00927;0.00042493616601457307
0.009300000000000001;0.0004026015885105101
0.00933;0.00038239428289726154
0.00936;0.0003640663708622797
0.00939;0.00034740478946642186
0.00942;0.00033222568340281547
0.00945;0.00031836981085932845
0.00948;0.000305698761075537
0.009510000000000001;0.0002940918254426583
0.00954;0.00028344339753881705
0.00957;0.00027366080337333894
0.009600000000000001;0.00026466248319561333
0.00963;0.0002563764619038132
0.00966;0.00024873905739294114
0.00969;0.00024169378589084558
0.00972;0.0002351904310302748
0.00975;0.00022918424953889094
0.00978;0.0002236352913422299
0.009810000000000001;0.00021850781582214066
0.00984;0.00021376978916407046
0.00987;0.00020939245031209922
0.0099;0.0002053499351564505
0.00993;0.00020161895029922338
0.00996;0.00019817848915569886
0.00999;0.00019500958431070743
0.01002;0.00019209509100949406
0.01005;0.00018941949745805082
0.01008;0.00018696875826990978
0.010110000000000001;0.0001847301479477059
0.01014;0.000182692131749893
0.01017;0.0001808442516801527
0.0102;0.0001791770256630838
0.01023;0.00017768185824495404
0.01026;0.00017635096139067492
0.01029;0.0001751772841460105
0.010320000000000001;0.0001741544501014388
0.01035;0.00017327670173771163
0.01038;0.00017253885085502854
0.01041;0.00017193623439294882
0.01044;0.00017146467503777809
0.01047;0.00017112044609199145
0.0105;0.00017090024014673847
0.01053;0.00017080114115654405
0.01056;0.00017082059956511047
0.01059;0.00017095641017486344
0.010620000000000001;0.00017120669249052472
0.01065;0.00017156987330016525
0.01068;0.00017204467128601164
0.01071;0.00017263008348267434
0.01074;0.00017332537342255267
0.01077;0.00017413006082805097
0.0108;0.000175043912727332
0.010830000000000001;0.00017606693588582463
0.01086;0.0001771993704593856
0.01089;0.00017844168478703905
0.010920000000000001;0.00017979457125233961
0.01095;0.00018125894315202523
0.01098;0.00018283593251964723
0.01101;0.00018452688885977286
0.01104;0.0001863333787557264
0.01107;0.00018825718632047096
0.0111;0.0001903003144668474
0.011130000000000001;0.00019246498697837088
0.01116;0.0001947536513679669
0.01119;0.0001971689825166856
0.01122;0.00019971388708937108
0.01125;0.00020239150872898497
0.01128;0.00020520523403551126
0.01131;0.00020815869934016006
0.011340000000000001;0.00021125579828952293
0.01137;0.00021450069025889053
0.0114;0.00021789780961797134
0.011430000000000001;0.00022145187587687334
0.01146;0.00022516790474425772
0.01149;0.0002290512201347052
0.01152;0.00023310746716605254
0.01155;0.0002373426261932544
0.01158;0.00024176302792985747
0.01161;0.0002463753697133309
0.011640000000000001;0.00025118673297677566
0.01167;0.00025620460199449554
0.0117;0.0002614368839759519
0.01173;0.00026689193058887224
0.01176;0.0002725785609997522
0.01179;0.00027850608652707823
0.01182;0.000284684337011284
0.011850000000000001;0.00029112368901418334
0.01188;0.00029783509596987087
0.01191;0.0003048301204193475
0.011940000000000001;0.0003121209684724702
0.01197;0.00031972052665220466
0.012;0.0003276424012896201
0.01203;0.00033590096065199034
0.01206;0.00034451138000094026
0.01209;0.00035348968979510945
0.01212;0.00036285282726837293
0.012150000000000001;0.0003726186916363296
0.01218;0.0003828062032020284
0.01221;0.0003934353666577834
0.012240000000000001;0.0004045273389037192
0.01227;0.0004161045017313486
0.0123;0.00042819053975099976
0.01233;0.00044081052397457513
0.01236;0.0004539910015002928
0.01239;0.00046776009178705106
0.01242;0.00048214759004760744
0.012450000000000001;0.0004971850783373012
0.01248;0.000512906044967366
0.01251;0.0005293460129275121
0.01254;0.0005465426780670159
0.01257;0.0005645360578485619
0.0126;0.0005833686515681282
0.01263;0.0006030856130148881
0.012660000000000001;0.0006237349366360333
0.01269;0.0006453676583760019
0.01272;0.0006680380724633647
0.012750000000000001;0.0006918039655497277
0.01278;0.0007167268697333211
0.01281;0.0007428723361539939
0.01284;0.0007703102310104136
0.01287;0.0007991150560322573
0.0129;0.0008293662956468699
0.01293;0.0008611487933025639
0.012960000000000001;0.0008945531596611374
0.01299;0.0009296762156517224
0.01302;0.0009666214736857242
0.01305;0.0010054996606773294
0.01308;0.0010464292868989933
0.01311;0.0010895372651243123
0.01314;0.0011349595849931584
0.013170000000000001;0.0011828420480622043
0.0132;0.0012333410696044038
0.01323;0.0012866245538814998
0.013260000000000001;0.001342872850367694
0.01329;0.0014022797992349187
0.01332;0.001465053875356595
0.01335;0.0015314194411336175
0.01338;0.0016016181196499162
0.01341;0.001675910300988745
0.01344;0.0017545767960626456
0.013470000000000001;0.001837920654007551
0.0135;0.0019262691611166168
0.01353;0.0020199760414708707
0.013560000000000001;0.002119423881882889
0.01359;0.002225026806581353
0.01362;0.0023372334302128885
0.01365;0.002456530121374131
0.013680000000000001;0.002583444612968815
0.01371;0.0027185500003828068
0.01374;0.0028624691737868207
0.013770000000000001;0.003015879736985586
0.0138;0.0031795194722062884
0.01383;0.003354192418191046
0.01386;0.0035407756381347234
0.01389;0.0037402267645087793
0.01392;0.003953592419919286
0.01395;0.00418201762706205
0.013980000000000001;0.004426756336915026
0.01401;0.00468918322282619
0.01404;0.0049708069096229745
0.014070000000000001;0.005273284831678053
0.0141;0.005598439942697392
0.01413;0.005948279533382322
0.01416;0.0063250164520526194
0.014190000000000001;0.006731093068577976
0.01422;0.007169208374762758
0.01425;0.00764234867601431
0.014280000000000001;0.008153822401200533
0.01431;0.008707299641986237
0.01434;0.00930685713191418
0.01437;0.009957029491551674
0.0144;0.010662867702374313
0.01443;0.01143000593247154
0.01446;0.012264738025696267
0.014490000000000001;0.013174105188285658
0.01452;0.014165996668360036
0.01455;0.015249265532314715
0.014580000000000001;0.016433862005119083
0.01461;0.017730987269069506
0.01464;0.019153271118473807
0.01467;0.020714977457602608
0.0147;0.022432242320630787
0.01473;0.024323349898149244
0.01476;0.02640905299078419
0.014790000000000001;0.028712945388967955
0.01482;0.03126189490938322
0.01485;0.034086547206155206
0.01488;0.03722191200850634
0.01491;0.0407080450857698
0.01494;0.04459084093915044
0.01497;0.04892295284532683
0.015000000000000001;0.05376485822161902
0.01503;0.05918608800501045
0.01506;0.0652666382962356
0.015090000000000001;0.07209858008016927
0.01512;0.0797878771227005
0.01515;0.08845641127182202
0.01518;0.09824419558554277
0.01521;0.10931172500753022
0.01524;0.12184236616477769
0.01527;0.13604461477113938
0.015300000000000001;0.15215394139444888
0.01533;0.1704337923196212
0.01536;0.1911750995602665
0.015390000000000001;0.21469337305345682
0.01542;0.24132209884557598
0.01545;0.2714007727935245
0.01548;0.30525552779695836
0.015510000000000001;0.34317010721675106
0.01554;0.38534515160257843
0.01557;0.4318447838093793
0.015600000000000001;0.4825317750890184
0.01563;0.5369965560804163
0.01566;0.5944909736885081
0.01569;0.6538839824405198
0.01572;0.7136609308443521
0.01575;0.7719869920862463
0.01578;0.826845034460481
0.01581;0.8762383822517673
0.01584;0.9184248490127472
0.01587;0.952130831000009
0.0159;0.9766937550991018
0.01593;0.9921007389014911
0.015960000000000002;0.9989228063801058
0.01599;0.9981728514353697
0.01602;0.9911300718211514
0.016050000000000002;0.9791712646197203
0.01608;0.9636358847219644
0.01611;0.9457355620269355
0.01614;0.9265060533233828
0.01617;0.9067926269956158
0.0162;0.8872579249641495
0.01623;0.8684025017993259
0.01626;0.8505906907923926
0.01629;0.8340769995327305
0.01632;0.8190303246576416
0.01635;0.8055547485030934
0.01638;0.7937066042614646
0.01641;0.783508008677527
0.01644;0.7749572995010213
0.016470000000000002;0.7680368874101063
0.0165;0.762719014448329
0.01653;0.7589698510900285
0.016560000000000002;0.7567522898659528
0.01659;0.7560277199787441
0.01662;0.7567570015161589
0.01665;0.7589008022388423
0.01668;0.7624194146844359
0.01671;0.7672721356845096
0.01674;0.7734162632523536
0.01677;0.7808057462037169
0.0168;0.789389509165895
0.01683;0.7991094695525017
0.01686;0.8098982637796169
0.01689;0.8216767079812229
0.01692;0.8343510345213196
0.01695;0.8478099705559031
0.016980000000000002;0.8619217594277232
0.01701;0.8765312698280793
0.01704;0.8914573903007791
0.017070000000000002;0.9064909647757946
0.0171;0.9213935827569532
0.01713;0.9358975866255781
0.01716;0.9497076858122041
0.01719;0.9625045579536791
0.01722;0.9739507540288879
0.01725;0.9836990935241438
0.01728;0.9914035296381711
0.01731;0.9967321888873463
0.01734;0.9993819674006472
0.01737;0.9990937405347451
0.0174;0.9956669722722731
0.01743;0.9889723613841359
0.01746;0.9789611879447541
0.017490000000000002;0.9656702542282087
0.01752;0.9492217346497054
0.01755;0.9298178018464747
0.017580000000000002;0.9077304873136771
0.01761;0.8832877598247948
0.01764;0.8568571722128989
0.01767;0.8288285830446747
0.0177;0.79959739805462
0.01773;0.7695495347200648
0.01776;0.7390489585412021
0.01779;0.7084282465951882
0.01782;0.6779822684972416
0.01785;0.6479647820744657
0.01788;0.6185875418832777
0.01791;0.5900214132810038
0.01794;0.5623989589023745
0.01797;0.5358179968429793
0.018000000000000002;0.5103456983819825
0.01803;0.48602287834816565
0.01806;0.46286821871825223
0.018090000000000002;0.44088224623694056
0.01812;0.42005095268060627
0.01815;0.4003490000564975
0.01818;0.3817424929461434
0.01821;0.3641913280042785
0.01824;0.34765114849899975
0.01827;0.3320749419756969
0.0183;0.31741432369498296
0.01833;0.30362054916780573
0.01836;0.29064529724967597
0.01839;0.2784412619011144
0.01842;0.2669625866113348
0.01845;0.2561651711289865
0.01848;0.2460068758767283
0.018510000000000002;0.23644764544710511
0.01854;0.22744956898601895
0.01857;0.2189768921168321
0.018600000000000002;0.21099599233403107
0.01863;0.2034753274868448
0.01866;0.19638536503560905
0.018690000000000002;0.1896984981573754
0.01872;0.18338895345948114
0.01875;0.17743269398376438
0.01878;0.17180732031673907
0.01881;0.16649197192352586
0.01884;0.16146723026863533
0.01887;0.15671502484759844
0.0189;0.15221854290868417
0.01893;0.14796214337607122
0.01896;0.1439312752795207
0.01899;0.1401124008375328
0.019020000000000002;0.13649292322300552
0.01905;0.13306111895310196
0.01908;0.12980607478104564
0.019110000000000002;0.1267176289247168
0.01914;0.12378631643607359
0.01917;0.12100331849829168
0.019200000000000002;0.1183604154273595
0.01923;0.11584994315215826
0.01926;0.1134647529486564
0.01929;0.1111981742089871
0.01932;0.109043980033839
0.01935;0.10699635544598583
0.01938;0.10504986803293512
0.01941;0.10319944083770854
0.01944;0.10144032732769419
0.01947;0.0997680882828338
0.0195;0.09817857045500904
0.019530000000000002;0.0966678868611346
0.01956;0.09523239858256305
0.01959;0.09386869795259326
0.019620000000000002;0.0925735930234639
0.01965;0.09134409321206613
0.01968;0.09017739603188148
0.019710000000000002;0.08907087482591824
0.01974;0.0880220674220762
0.01977;0.0870286656390529
0.0198;0.0860885055763344
0.01983;0.08519955862752468
0.01986;0.08435992316109552
0.01989;0.08356781681725073
0.01992;0.08282156937377394
0.01995;0.08211961613768826
0.01998;0.08146049182296555
0.02001;0.0808428248779337
0.02004;0.08026533222891141
0.02007;0.07972681440938592
0.0201;0.07922615104661981
0.020130000000000002;0.07876229667973283
0.02016;0.07833427688563008
0.02019;0.07794118469090397
0.020220000000000002;0.07758217724976098
0.02025;0.07725647276955552
0.02028;0.07696334766709903
0.02031;0.07670213394026197
0.02034;0.07647221674064873
0.02037;0.07627303213429161
0.0204;0.07610406503843264
0.02043;0.07596484732338693
0.02046;0.07585495606942885
0.02049;0.07577401196948845
0.02052;0.07572167786921492
0.02055;0.07569765743664959
0.02058;0.0757016939545102
0.02061;0.0757335692285553
0.020640000000000002;0.07579310260623112
0.02067;0.07588015010019303
0.0207;0.07599460361189564
0.020730000000000002;0.07613639025079506
0.02076;0.07630547174527635
0.02079;0.07650184394164987
0.02082;0.07672553638809278
0.02085;0.0769766120006381
0.02088;0.07725516680875054
0.02091;0.07756132977822565
0.02094;0.07789526270955109
0.02097;0.07825716021008346
0.021;0.07864724973865563
0.02103;0.0790657917215162
0.02106;0.07951307973872075
0.02109;0.0799894407803123
0.02112;0.08049523557184965
0.021150000000000002;0.08103085896910987
0.02118;0.0815967404218921
0.02121;0.08219334450709341
0.021240000000000002;0.08282117153149632
0.02127;0.08348075820470499
0.0213;0.08417267838306376
0.021330000000000002;0.08489754388535714
0.02136;0.08565600538141073
0.02139;0.08644875335481411
0.02142;0.08727651914112548
0.02145;0.08814007604309491
0.02148;0.08904024052462561
0.02151;0.08997787348522698
0.02154;0.09095388161699805
0.02157;0.09196921884617706
0.0216;0.09302488786150047
0.02163;0.09412194173170019
0.021660000000000002;0.09526148561452291
0.02169;0.09644467855992739
0.02172;0.09767273540991446
0.021750000000000002;0.09894692879780956
0.02178;0.10026859124966096
0.02181;0.10163911739056296
0.021840000000000002;0.10305996625865663
0.02187;0.10453266372964636
0.0219;0.10605880505445446
0.02193;0.10764005751283229
0.02196;0.10927816318532046
0.02199;0.11097494184604587
0.02202;0.11273229397854394
0.02205;0.11455220391640719
0.02208;0.11643674311059284
0.02211;0.1183880735242976
0.02214;0.12040845115629581
0.022170000000000002;0.12250022969278776
0.0222;0.12466586428715433
0.02223;0.12690791546626676
0.022260000000000002;0.12922905316087432
0.02229;0.1316320608567157
0.02232;0.13411983986143644
0.022350000000000002;0.13669541368109492
0.02238;0.13936193249819953
0.02241;0.14212267774116547
0.02244;0.1449810667330984
0.02247;0.1479406574048068
0.0225;0.15100515305437448
0.02253;0.15417840713200595
0.02256;0.1574644280251436
0.02259;0.16086738381489388
0.02262;0.16439160696923666
0.02265;0.16804159893400492
0.022680000000000002;0.17182203457572068
0.02271;0.17573776642422378
0.02274;0.1797938286550156
0.022770000000000002;0.18399544074295127
0.0228;0.18834801070963034
0.02283;0.1928571378762399
0.022860000000000002;0.19752861502241892
0.02289;0.20236842983880796
0.02292;0.20738276554731916
0.02295;0.21257800054768833
0.02298;0.21796070693324654
0.02301;0.22353764769953574
0.02304;0.22931577245161705
0.02307;0.23530221139435875
0.0231;0.24150426736786249
0.02313;0.24792940566805644
0.02316;0.25458524136604427
0.023190000000000002;0.26147952381677037
0.02322;0.26862011801984864
0.02325;0.2760149824714049
0.023280000000000002;0.2836721431203603
0.02331;0.2915996630225732
0.02334;0.2998056072758552
0.023370000000000002;0.3082980028336287
0.0234;0.3170847928902582
0.02343;0.3261737859101557
0.02346;0.33557260095137414
0.02349;0.3452886188533233
0.02352;0.3553290022436592
0.02355;0.3657014299661906
0.02358;0.376433416085787
0.02361;0.8272183240892126
0.02364;0.39893905676989677
0.02367;0.41060630616730226
0.023700000000000002;0.42270526505071426
0.02373;0.43516272566308656
0.02376;0.4479770119747167
0.023790000000000002;0.4611470727058696
0.02382;0.47467051482137
0.02385;0.48854325844648694
0.023880000000000002;0.5027593337956388
0.02391;0.5173106984520048
0.02394;0.5321870592975865
0.02397;0.5473756982619773
0.024;0.5628613042905272
0.02403;0.5786258150832007
0.02406;0.5946482728119551
0.02409;0.6109046985305395
0.02412;0.6273679903857848
0.02415;0.6440078510387953
0.02418;0.6607907498759785
0.02421;0.6776799256017176
0.02424;0.694635434636111
0.02427;0.7116142503472963
0.024300000000000002;0.728570417519766
0.02433;0.7454552655654343
0.02436;0.7622176828281854
0.024390000000000002;0.7788044529140926
0.02442;0.7951606523241721
0.02445;0.8112301068125857
0.024480000000000002;0.8269559019004072
0.02451;0.8422809409154195
0.02454;0.8571485418955034
0.02457;0.8715030627811806
0.0246;0.8852905426476597
0.02463;0.8984593453803181
0.02466;0.9109607912849783
0.02469;0.922749761719059
0.02472;0.9337852619834655
0.02475;0.9440309284577832
0.02478;0.9534554672765618
0.024810000000000002;0.9620330136915324
0.02484;0.9697434035639362
0.02487;0.9765723510777048
0.024900000000000002;0.9825115296288733
0.02493;0.9875585557921527
0.02496;0.991716879146841
0.024990000000000002;0.9949955834288526
0.02502;0.9974091068449674
0.02505;0.9989768913439863
0.02508;0.9997229721238994
0.02511;0.9996755196272854
0.02514;0.9988663467381534
0.02517;0.9973303938641488
0.0252;0.9951052041184917
0.02523;0.9922303999712263
0.02526;0.9887471715978057
0.02529;0.984697785796812
0.025320000000000002;0.9801251228619865
0.02535;0.975072247252109
0.02538;0.9695820163763658
0.025410000000000002;0.9636967303578636
0.02544;0.957457824299823
0.02547;0.9509056033890833
0.025500000000000002;0.9440790201492123
0.02553;0.9370154923098504
0.02556;0.9297507590897979
0.02559;0.9223187731892707
0.02562;0.9147516254424303
0.02565;0.9070794988716847
0.02568;0.8993306487986112
0.02571;0.8915314056767929
0.02574;0.8837061974036953
0.02577;0.875877588022605
0.0258;0.8680663299243807
0.025830000000000002;0.8602914268883576
0.02586;0.8525702055493853
0.02589;0.8449183931336545
0.025920000000000002;0.8373501995599583
0.02595;0.8298784022508487
0.02598;0.8225144322321423
0.026010000000000002;0.8152684603204787
0.02604;0.808149482398562
0.02607;0.8011654029618169
0.0261;0.7943231162837676
0.02613;0.7876285846910058
0.02616;0.7810869135668007
0.02619;0.7747024228098741
0.02622;0.7684787145689774
0.02625;0.7624187371519174
0.02628;0.7565248450735593
0.02631;0.7507988552606313
0.026340000000000002;0.7452420994741669
0.02637;0.7398554730452137
0.0264;0.7346394800454321
0.026430000000000002;0.7295942750339004
0.02646;0.72471970153566
0.02649;0.7200153274166446
0.026520000000000002;0.7154804773247644
0.02655;0.711114262369457
0.02658;0.7069156072110027
0.02661;0.7028832747284578
0.02664;0.6990158884306449
0.02667;0.6953119527693887
0.0267;0.6917698715075593
0.02673;0.6883879642873264
0.02676;0.6851644815368568
0.02679;0.6820976178457054
0.02682;0.6791855239315466
0.026850000000000002;0.6764263173130599
0.02688;0.6738180917962513
0.02691;0.6713589258739548
0.026940000000000002;0.6690468901313918
0.02697;0.6668800537434807
0.027;0.6648564901435474
0.027030000000000002;0.6629742819362756
0.02706;0.6612315251227031
0.02709;0.6596263326989698
0.027120000000000002;0.6581568376857276
0.02715;0.6568211956404303
0.02718;0.65561758669992
0.02721;0.6545442171971833
0.02724;0.6535993208918126
0.02727;0.6527811598505634
0.0273;0.6520880250109791
0.02733;0.6515182364582173
0.027360000000000002;0.6510701434423748
0.02739;0.6507421241612286
0.02742;0.6505325853308811
0.027450000000000002;0.6504399615649632
0.02748;0.6504627145808767
0.02751;0.6505993322500631
0.027540000000000002;0.6508483275076613
0.02757;0.6512082371354099
0.0276;0.6516776204306377
0.027630000000000002;0.6522550577727204
0.02766;0.6529391490976473
0.02769;0.6537285122903121
0.02772;0.6546217815032606
0.02775;0.6556176054101184
0.02778;0.6567146454010674
0.02781;0.6579115737273656
0.02784;0.6592070716013566
0.027870000000000002;0.6605998272580138
0.0279;0.6620885339837145
0.02793;0.6636718881177255
0.027960000000000002;0.6653485870315452
0.02799;0.6671173270911807
0.02802;0.6689768016071905
0.028050000000000002;0.6709256987772906
0.02808;0.6729626996263668
0.02811;0.6750864759484114
0.028140000000000002;0.6772956882553467
0.02817;0.6795889837372694
0.0282;0.6819649942391667
0.02823;0.6844223342588458
0.02826;0.6869595989711939
0.02829;0.6895753622838706
0.02832;0.6922681749297208
0.02835;0.6950365626013755
0.028380000000000002;0.6978790241335153
0.02841;0.7007940297385788
0.02844;0.703780019301798
0.028470000000000002;0.7068354007416607
0.0285;0.7099585484418661
0.02853;0.7131478017611745
0.028560000000000002;0.7164014636276985
0.02859;0.7197177992239607
0.02862;0.723095034769832
0.028650000000000002;0.7265313564096049
0.02868;0.7300249092103912
0.02871;0.7335737962785365
0.02874;0.7371760780008912
0.02877;0.7408297714177576
0.0288;0.7445328497342033
0.02883;0.7482832419763624
0.02886;0.7520788327992367
0.02889;0.7559174624520459
0.02892;0.7597969269074136
0.02895;0.763714978159657
0.028980000000000002;0.7676693246980845
0.02901;0.7716576321595925
0.02904;0.775677524165501
0.029070000000000002;0.7797265833463942
0.0291;0.7838023525581855
0.02913;0.7879023362925918
0.029160000000000002;0.7920240022834988
0.02919;0.7961647833110026
0.02922;0.8003220792034147
0.02925;0.8044932590370689
0.02928;0.8086756635326928
0.02931;0.8128666076461059
0.02934;0.8170633833505054
0.02937;0.8212632626059773
0.0294;0.8254635005113401
0.02943;0.8296613386321383
0.02946;0.8338540084977215
0.029490000000000002;0.8380387352589996
0.02952;0.842212741498022
0.02955;0.8463732511785771
0.029580000000000002;0.8505174937269165
0.02961;0.8546427082300607
0.02964;0.8587461477386111
0.029670000000000002;0.8628250836597481
0.0297;0.8668768102254636
0.02973;0.8708986490203553
0.02976;0.8748879535522914
0.02979;0.8788421138489884
0.02982;0.8827585610628169
0.02985;0.8866347720655866
0.02988;0.8904682740150641
0.02991;0.8942566488747616
0.02994;0.8979975378673739
0.02997;0.9016886458444676
0.030000000000000002;0.9053277455524787
0.03003;0.908912681777561
0.03006;0.9124413753507958
0.030090000000000002;0.9159118269964791
0.03012;0.9193221210065808
0.03015;0.9226704287251039
0.030180000000000002;0.9259550118273178
0.03021;0.929174225379174
0.03024;0.932326520663919
0.030270000000000002;0.9354104477635284
0.0303;0.9384246578842464
0.03033;0.941367905416432
0.03036;0.9442390497205951
0.03039;0.9470370566326334
0.03042;0.9497609996831241
0.03045;0.9524100610265076
0.03048;0.9549835320779382
0.030510000000000002;0.9574808138568727
0.03054;0.9599014170378661
0.03057;0.9622449617109443
0.030600000000000002;0.9645111768546747
0.03063;0.9666998995271768
0.03066;0.968811073781149
0.030690000000000002;0.9708447493105044
0.03072;0.9728010798373561
0.03075;0.9746803212492201
0.030780000000000002;0.9764828294973127
0.03081;0.9782090582678812
0.03084;0.9798595564392045
0.03087;0.9814349653377397
0.0309;0.9829360158074623
0.03093;0.9843635251071083
0.03096;0.9857183936503071
0.03099;0.9870016016039751
0.031020000000000002;0.9882142053605482
0.03105;0.9893573338997694
0.03108;0.9904321850557303
0.031110000000000002;0.9914400217047427
0.03114;0.9923821678895051
0.03117;0.9932600048947584
0.031200000000000002;0.9940749672891901
0.03123;0.994828538948136
0.03126;0.995522249070816
0.03129;0.9961576682057115
0.03132;0.9967364042966717
0.03135;0.9972600987620753
0.03138;0.9977304226183641
0.03141;0.9981490726588242
0.03144;0.9985177676975356
0.03147;0.9988382448878357
0.0315;0.9991122561237193
0.03153;0.9993415645319285
0.03156;0.9995279410616805
0.03159;0.9996731611782027
0.03162;0.9997790016655018
0.03165;0.9998472375430252
0.03168;0.9998796391002018
0.03171;0.9998779690520936
0.03174;0.9998439798187594
0.03177;0.9997794109302232
0.0318;0.9996859865584123
0.031830000000000004;0.9995654131767924
0.03186;0.9994193773478394
0.03189;0.9992495436381109
0.031920000000000004;0.9990575526600254
0.03195;0.9988450192391893
0.03198;0.998613530705573
0.032010000000000004;0.9983646453065201
0.03204;0.998099890739377
0.03207;0.9978207628008667
0.032100000000000004;0.9975287241505582
0.03213;0.9972252031851646
0.03216;0.9969115930203916
0.03219;0.9965892505768703
0.03222;0.9962594957665188
0.03225;0.9959236107756708
0.03228;0.995582839441066
0.03231;0.9952383867149899
0.03234;0.9948914182155145
0.03237;0.9945430598580463
0.0324;0.9941943975642302
0.03243;0.9938464770443534
0.03246;0.9935003036494235
0.03249;0.9931568422891588
0.03252;0.9928170174121304
0.03255;0.9924817130445229
0.03258;0.9921517728839311
0.03261;0.9918280004447548
0.03264;0.9915111592519151
0.03267;0.9912019730796547
0.0327;0.9909011262323587
0.03273;0.9906092638644075
0.03276;0.9903269923362841
0.03279;0.9900548796041644
0.03282;0.9897934556404765
0.032850000000000004;0.989543212882971
0.03288;0.9893046067099706
0.03291;0.9890780559396898
0.032940000000000004;0.988863943351483
0.03297;0.9886626162271818
0.033;0.9884743869107074
0.033030000000000004;0.9882995333842545
0.03306;0.9881382998595271
0.03309;0.9879908973825725
0.033120000000000004;0.9878575044508939
0.03315;0.9877382676416402
0.03318;0.9876333022496888
0.03321;0.9875426929346939
0.03324;0.9874664943761212
0.03327;0.9874047319354375
0.0333;0.9873574023247267
0.03333;0.9873244742810293
0.03336;0.9873058892458284
0.03339;0.9873015620491674
0.03342;0.9873113815978884
0.03345;0.9873352115676389
0.03348;0.987372891098277
0.03351;0.9874242354923372
0.03354;0.9874890369163836
0.03357;0.987567065104961
0.0336;0.9876580680669959
0.03363;0.9877617727945007
0.03366;0.9878778859734689
0.03369;0.988006094696829
0.03372;0.9881460671794066
0.03375;0.988297453474864
0.03378;0.9884598861944417
0.03381;0.9886329812276317
0.03384;0.9888163384645633
0.033870000000000004;0.9890095425202102
0.0339;0.9892121634602392
0.03393;0.9894237575285619
0.033960000000000004;0.9896438678764499
0.03399;0.9898720252931781
0.03402;0.9901077489380957
0.034050000000000004;0.9903505470740117
0.03408;0.9905999178018046
0.03411;0.9908553497960727
0.034140000000000004;0.9911163230416745
0.03417;0.9913823095709634
0.0342;0.9916527742015119
0.034230000000000003;0.9919271752740618
0.03426;0.9922049653904257
0.03429;0.992485592151055
0.03432;0.9927684988919433
0.03435;0.9930531254204368
0.03438;0.9933389087496962
0.03441;0.9936252838312257
0.03444;0.9939116842851078
0.03447;0.9941975431274879
0.0345;0.9944822934946757
0.03453;0.9947653693634423
0.03456;0.9950462062668775
0.03459;0.9953242420052213
0.03462;0.9955989173510537
0.03465;0.9958696767481854
0.03468;0.9961359690036017
0.03471;0.9963972479717299
0.03474;0.9966529732303944
0.03477;0.9969026107476218
0.0348;0.99714563353868
0.03483;0.9973815223126001
0.03486;0.9976097661072171
0.034890000000000004;0.9978298629122924
0.03492;0.9980413202797268
0.03495;0.9982436559201495
0.034980000000000004;0.9984363982851847
0.03501;0.998619087134594
0.03504;0.9987912740875766
0.035070000000000004;0.9989525231575236
0.0351;0.9991024112695177
0.03513;0.9992405287599399
0.035160000000000004;0.9993664798575325
0.03519;0.999479883145346
0.03522;0.9995803720030603
0.035250000000000004;0.9996675950291964
0.03528;0.9997412164428578
0.03531;0.9998009164646953
0.03534;0.999846391676987
0.03537;0.9998773553627673
0.0354;0.9998935378242861
0.03543;0.9998946866811819
0.03546;0.9998805671492461
0.03549;0.9998509623009609
0.03552;0.9998056733097663
0.03555;0.9997445196807009
0.03558;0.9996673394713771
0.03561;0.9995739895088324
0.03564;0.9994643456102018
0.03567;0.9993383028186267
0.0357;0.999195775670934
0.03573;0.9990366985211893
0.03576;0.9988610259558296
0.03579;0.9986687333539066
0.03582;0.998459817673849
0.03585;0.9982342985928229
0.03588;0.9979922201972379
0.03591;0.9977336535435218
0.03594;0.99745870061309
0.03597;0.9971675005425337
0.036000000000000004;0.9968602396492049
0.03603;0.996537167952654
0.03606;0.9961986271456238
0.036090000000000004;0.9958450994365494
0.03612;0.9954772959330803
0.03615;0.9950963233317514
0.036180000000000004;0.9947040138743967
0.03621;0.9943036169273484
0.03624;0.9939013514031374
0.036270000000000004;0.9935101951156454
0.0363;0.9931601577877446
0.03633;0.9929301871036705
0.03636;0.9930673713253718
0.03639;0.9945704071111725
0.03642;1.0036603514836762
0.03645;1.1210717821147418
0.03648;1.5261793784275184
0.03651;1.2368214816623924
0.03654;1.9643217486435738
0.03657;1.036649555048167
0.0366;0.995304013853329
0.03663;0.9892753242243464
0.03666;0.9872719861223399
0.03669;0.9861583640357563
0.03672;0.985315587102355
0.03675;0.9845710847057954
0.03678;0.9838652678555682
0.03681;0.9831743683337663
0.03684;0.9824879160728005
0.03687;0.9818009957185229
0.0369;0.9811112360048099
0.03693;0.9804175207935196
0.03696;0.979719392483648
0.03699;0.9790167574439826
0.037020000000000004;0.9783097323860364
0.03705;0.9775985603627971
0.03708;0.9768835628848055
0.037110000000000004;0.9761651115830937
0.03714;0.9754436108522826
0.03717;0.9747194868687221
0.037200000000000004;0.9739931804210515
0.03723;0.9732651420827211
0.03726;0.972535828858793
0.037290000000000004;0.9718057017823029
0.03732;0.9710752241353768
0.03735;0.9703448600900538
0.037380000000000004;0.9696150736368032
0.03741;0.9688863277141341
0.03744;0.9681590834819231
0.03747;0.9674337996994232
0.0375;0.9667109321813707
0.03753;0.9659909333137706
0.03756;0.9652742516162781
0.03759;0.964561331342038
0.03762;0.9638526121082306
0.03765;0.9631485285526361
0.03768;0.9624495100125132
0.03771;0.961755980223237
0.03774;0.9610683570346552
0.03777;0.9603870521435748
0.0378;0.9597124708412831
0.03783;0.9590450117750534
0.03786;0.9583850667228822
0.03789;0.957733020380859
0.03792;0.9570892501625718
0.03795;0.9564541260100949
0.03798;0.9558280102161746
0.03801;0.9552112572571572
0.038040000000000004;0.9546042136364112
0.03807;0.9540072177378192
0.0381;0.9534205996891003
0.038130000000000004;0.952844681234617
0.03816;0.9522797756173975
0.03819;0.9517261874701269
0.038220000000000004;0.9511842127147249
0.03825;0.9506541384703752
0.03828;0.950136242969614
0.038310000000000004;0.949630795482296
0.03834;0.949138056247154
0.03837;0.9486582764106527
0.038400000000000004;0.9481916979729619
0.03843;0.947738553740722
0.03846;0.9472990672863977
0.03849;0.9468734529139856
0.03852;0.9464619156307472
0.03855;0.9460646511249338
0.03858;0.945681845749009
0.03861;0.945313676508406
0.03864;0.9449603110553559
0.03867;0.9446219076878051
0.0387;0.944298615353075
0.03873;0.943990573656097
0.03876;0.9436979128720316
0.03879;0.9434207539631199
0.03882;0.9431592085995194
0.03885;0.9429133791840495
0.03888;0.9426833588805854
0.03891;0.9424692316459975
0.03894;0.9422710722654989
0.03897;0.9420889463912222
0.039;0.9419229105839054
0.03903;0.9417730123575966
0.039060000000000004;0.9416392902271893
0.03909;0.941521773758742
0.03912;0.9414204836224568
0.039150000000000004;0.9413354316482044
0.03918;0.9412666208835472
0.03921;0.9412140456541123
0.039240000000000004;0.9411776916263447
0.03927;0.9411575358724718
0.0393;0.9411535469376657
0.039330000000000004;0.9411656849093721
0.03936;0.9411939014887057
0.03939;0.9412381400639382
0.039420000000000004;0.9412983357859686
0.03945;0.9413744156458363
0.03948;0.9414662985541695
0.03951;0.9415738954226279
0.03954;0.941697109247273
0.03957;0.9418358351939136
0.0396;0.9419899606853553
0.03963;0.9421593654906396
0.03966;0.9423439218162335
0.03969;0.9425434943991973
0.03972;0.9427579406023154
0.03975;0.9429871105112734
0.03978;0.9432308470338682
0.03981;0.9434889860012599
0.03984;0.9437613562713257
0.03987;0.9440477798341639
0.0399;0.9443480719197149
0.03993;0.9446620411076011
0.03996;0.9449894894391979
0.03999;0.9453302125319725
0.04002;0.9456839996961279
0.04005;0.9460506340536022
0.04008;0.9464298926594492
0.04011;0.9468215466256568
0.04014;0.9472253612474204
0.040170000000000004;0.9476410961319363
0.0402;0.9480685053297147
0.04023;0.948507337468496
0.040260000000000004;0.9489573358897667
0.04029;0.9494182387879119
0.04032;0.9498897793520357
0.040350000000000004;0.950371685910515
0.04038;0.9508636820782249
0.04041;0.9513654869065525
0.040440000000000004;0.9518768150361171
0.04047;0.9523973768523137
0.0405;0.9529268786436134
0.040530000000000004;0.9534650227626198
0.04056;0.9540115077899648
0.04059;0.9545660287009161
0.04062;0.955128277034803
0.04065;0.9556979410671629
0.04068;0.9562747059846156
0.04071;0.9568582540624344
0.04074;0.9574482648448179
0.04077;0.9580444153277137
0.0408;0.9586463801442936
0.04083;0.9592538317529182
0.04086;0.9598664406275617
0.04089;0.9604838754506618
0.04092;0.9611058033082752
0.04095;0.9617318898874967
0.04098;0.9623617996760154
0.04101;0.96299519616377
0.04104;0.9636317420465648
0.04107;0.964271099431525
0.0411;0.964912930044317
0.04113;0.9655568954380187
0.04116;0.966202657203447
0.041190000000000004;0.9668498771809031
0.04122;0.9674982176731128
0.04125;0.9681473416592883
0.041280000000000004;0.9687969130101143
0.04131;0.9694465967035244
0.04134;0.9700960590411116
0.041370000000000004;0.970744967865005
0.0414;0.9713929927750667
0.04143;0.9720398053462019
0.041460000000000004;0.9726850793456832
0.04149;0.973328490950226
0.04152;0.973969718962759
0.041550000000000004;0.9746084450286544
0.04158;0.9752443538512625
0.04161;0.975877133406644
0.04164;0.9765064751573295
0.04167;0.977132074265005
0.0417;0.9777536298019815
0.04173;0.9783708449614305
0.04176;0.9789834272662885
0.04179;0.9795910887768728
0.04182;0.9801935462972402
0.04185;0.9807905215804837
0.04188;0.9813817415331066
0.04191;0.9819669384189791
0.04194;0.9825458500633575
0.04197;0.9831182200577935
0.042;0.9836837979671429
0.04203;0.9842423395402534
0.04206;0.9847936069267138
0.04209;0.9853373689029363
0.04212;0.9858734011123607
0.04215;0.9864014863266893
0.04218;0.9869214147383605
0.042210000000000004;0.9874329842997736
0.04224;0.9879360011330638
0.04227;0.9884302800484822
0.042300000000000004;0.988915645233952
0.04233;0.9893919312228161
0.04236;0.9898589843328724
0.042390000000000004;0.9903166649443449
0.04242;0.9907648513724573
0.04245;0.9912034470393019
0.042480000000000004;0.9916323953062821
0.04251;0.9920517153059597
0.04254;0.9924616128679375
0.042570000000000004;0.9928630546454804
0.0426;0.9998438565552171
0.04263;0.9998884823119871
0.042660000000000003;0.9999026386896933
0.04269;0.9999068693926596
0.04272;0.9999061792015526
0.04275;0.9999026113027251
0.04278;0.9998971939029738
0.04281;0.9998905096543025
0.04284;0.999882915148296
0.04287;0.99987464067738
0.0429;0.9998658409283132
0.04293;0.999856622919651
0.04296;0.9998470623810197
0.04299;0.9998372138361578
0.04302;0.9998271170599906
0.04305;0.9998168013504191
0.04308;0.9998062884325717
0.04311;0.9997955944795432
0.04314;0.9997847315465452
0.04317;0.9997737086063639
0.0432;0.9997625323081558
0.043230000000000005;0.9997512075408126
0.04326;0.999739737856018
0.04329;0.9997281257891144
0.043320000000000004;0.9997163731046365
0.04335;0.9997044809856224
0.04338;0.999692450180527
0.043410000000000004;0.9996802811179127
0.04344;0.999667973996388
0.04347;0.9996555288553886
0.043500000000000004;0.9996429456310919
0.04353;0.9996302242006043
0.04356;0.9996173644169662
0.043590000000000004;0.999604366136805
0.04362;0.9995912292422322
0.04365;0.9995779536580058
0.043680000000000004;0.999564539365032
0.04371;0.9995509864106878
0.04374;0.9995372949169407
0.04377;0.9995234650861488
0.0438;0.9995094972055805
0.04383;0.9994953916503125
0.04386;0.9994811488852238
0.04389;0.9994667694659957
0.04392;0.9994522540394244
0.04395;0.9994376033430541
0.04398;0.9994228182043768
0.04401;0.9994078995395357
0.04404;0.99939284835171
0.04407;0.9993776657291829
0.0441;0.9993623528431677
0.04413;0.9993469109454004
0.04416;0.9993313413655279
0.04419;0.999315645508397
0.04422;0.9992998248511168
0.04425;0.9992838809400472
0.04428;0.999267815387659
0.04431;0.9992516298692654
0.044340000000000004;0.9992353261196895
0.04437;0.9992189059297898
0.0444;0.9992023711429409
0.044430000000000004;0.9991857236513844
0.04446;0.9991689653924952
0.04449;0.9991520983449542
0.044520000000000004;0.9991351245248267
0.04455;0.9991180459815399
0.04458;0.9991008647937201
0.044610000000000004;0.9990835830649609
0.04464;0.9990662029194278
0.04467;0.9990487264973553
0.044700000000000004;0.9990311559503868
0.04473;0.9990134934367488
0.04476;0.9989957411162904
0.04479;0.9989779011453032
0.04482;0.9989599756711608
0.04485;0.9989419668267291
0.04488;0.9989238767245505
0.04491;0.9989057074507557
0.04494;0.9988874610587024
0.04497;0.9988691395622923
