1e-20;2.2937445020031676e-18
5.500000000000001e-05;2.411196517274298e-18
0.00011000000000000002;2.5348413841858945e-18
0.000165;2.66501512145165e-18
0.00022;2.802072493554871e-18
0.000275;2.9463880847215493e-18
0.00033;3.0983574359804e-18
0.00038500000000000003;3.2583982490969122e-18
0.00044;3.4269516614071798e-18
0.000495;3.604483595814397e-18
0.00055;3.791486190490166e-18
0.0006050000000000001;3.988479313077485e-18
0.00066;4.196012164512877e-18
0.000715;4.414664977876661e-18
0.0007700000000000001;4.6450508180295585e-18
0.000825;4.887817488143274e-18
0.00088;5.143649549606251e-18
0.0009350000000000001;5.413270462184215e-18
0.00099;5.697444851754474e-18
0.0010450000000000001;5.996980913357963e-18
0.0011;6.3127329578269795e-18
0.001155;6.645604110707769e-18
0.0012100000000000001;6.996549172799322e-18
0.001265;7.366577652140645e-18
0.00132;7.756756977945407e-18
0.0013750000000000001;8.168215907580512e-18
0.00143;8.602148138410351e-18
0.001485;9.059816137052263e-18
0.0015400000000000001;9.542555199345447e-18
0.001595;1.0051777755175308e-17
0.00165;1.0588977933184492e-17
0.0017050000000000001;1.1155736401293814e-17
0.00176;1.1753725499985082e-17
0.001815;1.2384714686304254e-17
0.0018700000000000001;1.3050576307696664e-17
0.001925;1.3753291725935658e-17
0.00198;1.449495781267582e-17
0.002035;1.527779383945712e-17
0.0020900000000000003;1.6104148786482356e-17
0.002145;1.6976509095858528e-17
0.0022;1.7897506896710642e-17
0.002255;1.886992873114646e-17
0.00231;1.989672481193526e-17
0.002365;2.0981018844555628e-17
0.0024200000000000003;2.2126118448390087e-17
0.002475;2.333552621382592e-17
0.00253;2.4612951434403533e-17
0.002585;2.596232255547088e-17
0.00264;2.7387800383332636e-17
0.002695;2.889379210153234e-17
0.0027500000000000003;3.0484966143821144e-17
0.002805;3.2166267976208336e-17
0.00286;3.39429368438352e-17
0.002915;3.582052354151388e-17
0.00297;3.780490927056121e-17
0.003025;3.990232564809707e-17
0.0030800000000000003;4.21193759389339e-17
0.003135;4.446305758443182e-17
0.00319;4.69407861068853e-17
0.003245;4.9560420472790246e-17
0.0033;5.233029000303844e-17
0.003355;5.52592229232484e-17
0.0034100000000000003;5.835657665272963e-17
0.003465;6.163226993626935e-17
0.00352;6.509681692870912e-17
0.003575;6.876136334859259e-17
0.00363;7.26377248232865e-17
0.0036850000000000003;7.673842755522525e-17
0.0037400000000000003;8.107675144536107e-17
0.003795;8.566677581770125e-17
0.00385;9.052342789603895e-17
0.003905;9.566253419207023e-17
0.00396;1.0110087497220306e-16
0.004015;1.0685624197872027e-16
0.00407;1.1294749958944017e-16
0.004125;1.193946496094413e-16
0.0041800000000000006;1.2621889989660985e-16
0.004235;1.3344273703295737e-16
0.00429;1.4109000326196636e-16
0.004345;1.4918597792244004e-16
0.0044;1.5775746361830407e-16
0.004455;1.6683287737292663e-16
0.00451;1.7644234702573858e-16
0.0045650000000000005;1.8661781313815843e-16
0.00462;1.9739313668296576e-16
0.004675;2.0880421280055656e-16
0.00473;2.2088909091078403e-16
0.004785;2.336881014764927e-16
0.0048400000000000006;2.4724398971875173e-16
0.004895;2.61602056586917e-16
0.00495;2.7681030728819055e-16
0.005005;2.9291960768017115e-16
0.00506;3.099838488266119e-16
0.005115;3.2806012000843216e-16
0.00517;3.472088904724277e-16
0.0052250000000000005;3.6749420018440843e-16
0.00528;3.8898385983194764e-16
0.005335;4.1174966029636316e-16
0.00539;4.3586759177774727e-16
0.005445;4.614180727150059e-16
0.0055000000000000005;4.884861885905434e-16
0.005555;5.171619406438166e-16
0.00561;5.475405044411228e-16
0.005665;5.797224981579271e-16
0.00572;6.1381426031633355e-16
0.005775000000000001;6.499281365935719e-16
0.00583;6.881827751594139e-16
0.0058850000000000005;7.287034298224242e-16
0.00594;7.7162227005155905e-16
0.005995;8.170786966926905e-16
0.00605;8.652196619101645e-16
0.006105;9.161999915518213e-16
0.0061600000000000005;9.701827077439243e-16
0.006215;1.0273393490756853e-15
0.00627;1.0878502852142068e-15
0.006325;1.1519050221875128e-15
0.00638;1.2197024938882148e-15
0.006435000000000001;1.2914513345493578e-15
0.00649;1.3673701260343374e-15
0.0065450000000000005;1.4476876127244081e-15
0.0066;1.5326428755886307e-15
0.006655;1.6224854556254039e-15
0.00671;1.7174754152854039e-15
0.006765;1.817883324653323e-15
0.0068200000000000005;1.923990157086685e-15
0.006875;2.0360870766176347e-15
0.00693;2.1544750966815067e-15
0.006985;2.2794645866084268e-15
0.00704;2.4113745987299698e-15
0.007095000000000001;2.5505319848453467e-15
0.00715;2.6972702661118076e-15
0.0072050000000000005;2.8519282150454054e-15
0.00726;3.0148481021938956e-15
0.007315;3.186373553023065e-15
0.007370000000000001;3.366846952533718e-15
0.007425;3.556606325945902e-15
0.0074800000000000005;3.755981613302507e-15
0.007535;3.965290243837946e-15
0.00759;4.184831902221524e-15
0.007645;4.4148823630789415e-15
0.0077;4.655686252239435e-15
0.007755000000000001;4.907448572557315e-15
0.00781;5.1703248086416335e-15
0.007865;5.444409397838535e-15
0.00792;5.729722323962964e-15
0.007975;6.026193554891946e-15
0.00803;6.3336450046005074e-15
0.008085;6.651769653745251e-15
0.00814;6.9801074096675845e-15
0.008195000000000001;7.31801722548755e-15
0.00825;7.664644927915644e-15
0.008305;8.018886122792256e-15
0.008360000000000001;8.379343454944758e-15
0.008415;8.74427739266178e-15
0.00847;9.11154958489345e-15
0.008525;9.478557698797928e-15
0.00858;9.842160483570886e-15
0.008635;1.0198591620297302e-14
0.00869;1.054336070317738e-14
0.008745000000000001;1.0871139450218204e-14
0.0088;1.1175630956558207e-14
0.008855;1.144941947452195e-14
0.00891;1.1683797824791467e-14
0.008965;1.1868569104186412e-14
0.00902;1.1991818848209753e-14
0.009075;1.2039653219529538e-14
0.009130000000000001;1.1995898113937862e-14
0.009185;1.1841753287937248e-14
0.00924;1.1555394699165989e-14
0.009295000000000001;1.1111517191204091e-14
0.00935;1.0480808423684456e-14
0.009405;9.629343516973985e-15
0.00946;8.517888212342989e-15
0.009515000000000001;7.101096394903854e-15
0.00957;5.32658550185345e-15
0.009625;3.1338703283312994e-15
0.009680000000000001;4.531268489924307e-16
0.009735;2.446301413652826e-09
0.00979;5.5135365994345345e-09
0.009845;8.791795758483376e-09
0.0099;1.229353904813031e-08
0.009955;1.6031959037273388e-08
0.01001;2.002103323271239e-08
0.010065000000000001;2.427557627695039e-08
0.01012;2.881129465381689e-08
0.010175;3.364484478743458e-08
0.01023;3.879389503298117e-08
0.010285;4.4277191960291514e-08
0.01034;5.011463131252909e-08
0.010395;5.632733403273121e-08
0.010450000000000001;6.293772777393625e-08
0.010505;6.99696343392685e-08
0.01056;7.744836353437821e-08
0.010615000000000001;8.540081395635178e-08
0.01067;9.385558128796368e-08
0.010725;1.0284307471788849e-07
0.01078;1.1239564216254946e-07
0.010835000000000001;1.2254770502803473e-07
0.01089;1.3333590331798598e-07
0.010945;1.4479925196878081e-07
0.011000000000000001;1.5697930937612797e-07
0.011055;1.699203591695274e-07
0.01111;1.83669606391147e-07
0.011165;1.9827738934920117e-07
0.01122;2.1379740853777287e-07
0.011275;2.3028697415561196e-07
0.01133;2.4780727390510447e-07
0.011385000000000001;2.664236629256594e-07
0.01144;2.862059778998897e-07
0.011495;3.072288775835865e-07
0.011550000000000001;3.2957221224142205e-07
0.011605;3.5332142472986645e-07
0.01166;3.785679862590468e-07
0.011715;4.0540987018919284e-07
0.011770000000000001;4.339520675773732e-07
0.011825;4.6430714859762445e-07
0.01188;4.965958744092133e-07
0.011935000000000001;5.309478645584672e-07
0.01199;5.675023255729916e-07
0.012045;6.064088470486641e-07
0.0121;6.478282722561574e-07
0.012155000000000001;6.919336511137938e-07
0.01221;7.389112842935363e-07
0.012265;7.889618682766866e-07
0.012320000000000001;8.423017523539077e-07
0.012375;8.991643199113425e-07
0.01243;9.598015078673158e-07
0.012485000000000001;1.0244854798557932e-06
0.01254;1.0935104707357731e-06
0.012595;1.1671948222504095e-06
0.01265;1.2458832322488714e-06
0.012705000000000001;1.3299492428242898e-06
0.01276;1.4197979961150574e-06
0.012815;1.5158692903961145e-06
0.012870000000000001;1.618640973573043e-06
0.012925;1.7286327163452963e-06
0.01298;1.8464102132762372e-06
0.013035;1.9725898669042134e-06
0.013090000000000001;2.1078440180532553e-06
0.013145;2.252906794795422e-06
0.0132;2.4085806633884294e-06
0.013255000000000001;2.5757437771585633e-06
0.01331;2.755358234141099e-06
0.013365;2.9484793716785505e-06
0.01342;3.1562662466262567e-06
0.013475;3.3799934739300546e-06
0.01353;3.621064624853136e-06
0.013585;3.881027419894264e-06
0.013640000000000001;4.1615909916131105e-06
0.013695;4.464645540414919e-06
0.01375;4.792284763588941e-06
0.013805000000000001;5.146831506498286e-06
0.01386;5.5308671673839065e-06
0.013915;5.947265486886145e-06
0.01397;6.399231474121332e-06
0.014025000000000001;6.8903463678651e-06
0.01408;7.424619710459561e-06
0.014135;8.00654983136542e-06
0.014190000000000001;8.641194307048725e-06
0.014245;9.334252296996494e-06
0.0143;1.0092161068965808e-05
0.014355;1.0922209541526564e-05
0.014410000000000001;1.183267231688252e-05
0.014465;1.2832968488460898e-05
0.01452;1.3933850534419894e-05
0.014575000000000001;1.514762991407393e-05
0.01463;1.6488447655048262e-05
0.014685;1.7972600369210987e-05
0.014740000000000001;1.9618934921055555e-05
0.014795;2.1449328604340537e-05
0.01485;2.348927645306023e-05
0.014905;2.576861362415062e-05
0.014960000000000001;2.8322409205815074e-05
0.015015;3.119207912346401e-05
0.01507;3.442678117075872e-05
0.015125000000000001;3.808517622313951e-05
0.01518;4.2237668783540424e-05
0.015235;4.696928068882396e-05
0.01529;5.238336934025411e-05
0.015345000000000001;5.8606484204483184e-05
0.0154;6.579477486162646e-05
0.015455;7.41425397934342e-05
0.015510000000000001;8.389376802615165e-05
0.015565;9.53579253247032e-05
0.01562;0.00010893185506389484
0.015675;0.00012513064028040857
0.01573;0.000144631848962381
0.015785;0.00016834018909398413
0.01584;0.00019748402190448923
0.015895;0.0002337629167957814
0.01595;0.0002795794228896116
0.016005000000000002;0.00033841451896811625
0.01606;0.0004154577770658225
0.016115;0.0005187096460800299
0.01617;0.0006610058449361582
0.016225;0.0008639588469749446
0.01628;0.0011661997265823736
0.016335000000000002;0.0016422243808763546
0.016390000000000002;0.0024507740855430637
0.016445;0.003980073014265008
0.0165;0.007394384526158574
0.016555;0.01759325552216921
0.01661;0.076410039560526
0.016665;0.8468787944011964
0.016720000000000002;0.054099023931605233
0.016775;0.01599558260918295
0.01683;0.0076368783114065765
0.016885;0.004513308558499998
0.01694;0.0030091280353267994
0.016995;0.002167935163097414
0.01705;0.0016485800920635354
0.017105000000000002;0.001304540603162979
0.01716;0.001064310914155194
0.017215;0.0008895671920658183
0.01727;0.0007582397698513099
0.017325;0.000656874933699542
0.01738;0.0005768830145675773
0.017435;0.0005125654228548457
0.017490000000000002;0.0004600173511934878
0.017545;0.00041648816937855937
0.0176;0.0003799934235775861
0.017655;0.00034907123369593994
0.01771;0.00032262470330079047
0.017765;0.0002998172555275403
0.01782;0.00028000148134451865
0.017875000000000002;0.00026266975377967837
0.01793;0.00024741930385192764
0.017985;0.00023392710357631106
0.01804;0.00022193152367647493
0.018095;0.00021121875058971337
0.01815;0.00020161259863214138
0.018205;0.00019296677851120134
0.018260000000000002;0.00018515896612896897
0.018315;0.00017808620671339818
0.01837;0.00017166132042907207
0.018425;0.00016581006685013772
0.01848;0.00016046888998825975
0.018535;0.00015558311145492568
0.018590000000000002;0.00015110547244807555
0.018645000000000002;0.0001469949494006216
0.0187;0.00014321578591283555
0.018755;0.00013973669681203362
0.01881;0.00013653021009798363
0.018865;0.00013357212002972085
0.01892;0.00013084103032275145
0.018975000000000002;0.00012831797081173794
0.019030000000000002;0.00012598607432465152
0.019085;0.00012383030315309178
0.01914;0.00012183721656981706
0.019195;0.00011999477247286767
0.01925;0.00011829215752522921
0.019305;0.00011671964118701603
0.019360000000000002;0.00011526844985968254
0.019415;0.00011393065802437265
0.01947;0.00011269909379180906
0.019525;0.00011156725671628889
0.01958;0.00011052924608104
0.019635;0.00010957969815314505
0.01969;0.00010871373114518295
0.019745000000000002;0.0001079268968183631
0.0198;0.00010721513782543503
0.019855;0.00010657475002791197
0.01991;0.00010600234913562035
0.019965;0.00010549484111182018
0.02002;0.00010504939586700391
0.020075;0.00010466342383180332
0.020130000000000002;0.00010433455505640856
0.020185;0.00010406062053207213
0.02024;0.00010383963547130696
0.020295;0.00010366978431835871
0.02035;0.00010354940729128344
0.020405;0.00010347698828270092
0.02046;0.00010345114396809787
0.020515000000000002;0.00010347061398957312
0.02057;0.00010353425209917324
0.020625;0.00010364101816009232
0.02068;0.00010378997091623849
0.020735;0.00010398026145126455
0.02079;0.0001042111272674262
0.020845000000000002;0.00010448188692267356
0.020900000000000002;0.00010479193517139888
0.020955;0.00010514073856050782
0.02101;0.0001055278314377483
0.021065;0.00010595281233414634
0.02112;0.00010641534068643264
0.021175;0.00010691513386911225
0.021230000000000002;0.00010745196450910965
0.021285000000000002;0.00010802565805868598
0.02134;0.00010863609060503854
0.021395;0.00010928318689715487
0.02145;0.00010996691857251154
0.021505;0.00011068730256813376
0.02156;0.00011144439970190594
0.021615000000000002;0.00011223831341175968
0.021670000000000002;0.00011306918864134884
0.021725;0.00011393721086225035
0.02178;0.00011484260522351053
0.021835;0.00011578563582053002
0.02189;0.00011676660507597042
0.021945;0.00011778585322617153
0.022000000000000002;0.00011884375790724739
0.022055;0.00011994073383577003
0.02211;0.0001210772325792718
0.022165;0.00012225374241264442
0.02222;0.00012347078825667994
0.022275;0.00012472893169567352
0.02233;0.0001260287710712917
0.022385000000000002;0.0001273709416503011
0.02244;0.00012875611586409845
0.022495;0.0001301850036183501
0.02255;0.00013165835267127217
0.022605;0.0001331769490794647
0.02266;0.00013474161771027127
0.022715;0.00013635322282023625
0.022770000000000002;0.00013801266869907286
0.022825;0.0001397209003791105
0.02288;0.00014147890441012587
0.022935;0.00014328770969995437
0.02299;0.00014514838842122175
0.023045;0.00014706205698492036
0.023100000000000002;0.00014902987708158606
0.023155000000000002;0.00015105305679123527
0.02321;0.00015313285176311604
0.023265;0.00015527056646685047
0.02332;0.00015746755551637807
0.023375;0.0001597252250686153
0.02343;0.00016204503429870747
0.023485000000000002;0.00016442849695407716
0.023540000000000002;0.00016687718298949406
0.023595;0.0001693927202858979
0.02365;0.0001719767964554682
0.023705;0.00017463116073612638
0.02376;0.0001773576259783859
0.023815;0.00018015807072807355
0.023870000000000002;0.0001830344414085086
0.023925000000000002;0.00018598875460582747
0.02398;0.00018902309946176464
0.024035;0.00019213964017790144
0.02409;0.00019534061863629823
0.024145;0.00019862835714112625
0.0242;0.00020200526128654373
0.024255000000000002;0.00020547382295630663
0.024310000000000002;0.00020903662346081638
0.024365;0.0002126963368177708
0.02442;0.00021645573318283874
0.024475;0.00022031768243714871
0.02453;0.000224285157938955
0.024585;0.00022836124044690772
0.024640000000000002;0.00023254912222318917
0.024695;0.00023685211132484473
0.02475;0.0002412736360924491
0.024805;0.0002458172498455801
0.02486;0.0002504866357951548
0.024915;0.00025528561218317466
0.024970000000000003;0.00026021813766130455
0.025025000000000002;0.0002652883169199249
0.02508;0.00027050040658046907
0.025135;0.0002758588213640372
0.02519;0.00028136814055057627
0.025245;0.0002870331147434324
0.0253;0.0002928586729548533
0.025355000000000003;0.00029884993002929724
0.025410000000000002;0.00030501219442199425
0.025465;0.00031135097635151787
0.02552;0.0003178719963462192
0.025575;0.00032458119420504365
0.02563;0.0003314847383956196
0.025685;0.0003385890359123964
0.025740000000000002;0.0003459007426204105
0.025795000000000002;0.00035342677411065026
0.02585;0.000361174317095379
0.025905;0.0003691508413731985
0.02596;0.0003773641123953742
0.026015;0.00038582220446695223
0.02607;0.00039453351461877904
0.026125000000000002;0.0004035067771877329
0.026180000000000002;0.0004127510791461699
0.026235;0.00042227587622287204
0.02629;0.0004320910098614996
0.026345;0.00044220672506515093
0.0264;0.00045263368917847414
0.026455;0.0004633830116625682
0.026510000000000002;0.00047446626492136956
0.026565000000000002;0.00048589550624205855
0.02662;0.0004976833009162447
0.026675;0.0005098427466127489
0.02673;0.0005223874990785032
0.026785;0.0005353317992480686
0.02684;0.0005486905018487655
0.026895000000000002;0.000562479105593623
0.02695;0.000576713785061166
0.027005;0.0005914114243680315
0.02706;0.0006065896527471478
0.027115;0.0006222668821528003
0.02717;0.000638462347022568
0.027225000000000003;0.0006551961463345261
0.027280000000000002;0.0006724892881092422
0.027335;0.0006903637365160381
0.02739;0.0007088424617547252
0.027445;0.0007279494928973859
0.0275;0.0007477099738870444
0.027555;0.0007681502229064258
0.027610000000000003;0.0007892977953440315
0.027665000000000002;0.0008111815506039988
0.02772;0.0008338317230234746
0.027775;0.0008572799971823582
0.02783;0.0008815595879114314
0.027885;0.0009067053253299143
0.02794;0.0009327537452688359
0.027995000000000003;0.0009597431854645651
0.028050000000000002;0.0009877138879377176
0.028105;0.0010167081080072952
0.02816;0.0010467702304238853
0.028215;0.0010779468931481743
0.02827;0.001110287119341691
0.028325;0.0011438424581862788
0.028380000000000002;0.0011786671351990755
0.028435000000000002;0.001214818212766247
0.02849;0.0012523557616802763
0.028545;0.001291343044535235
0.0286;0.0013318467119039796
0.028655;0.0013739370123084771
0.02871;0.001417688017076316
0.028765000000000002;0.0014631778612810265
0.028820000000000002;0.0015104890020667826
0.028875;0.0015597084957777948
0.02893;0.0016109282954411112
0.028985;0.001664245570299112
0.02904;0.001719763049239057
0.029095;0.001777589390149137
0.029150000000000002;0.0018378395774146011
0.029205000000000002;0.00190063534998939
0.02926;0.0019661056627057866
0.029315;0.0020343871837530418
0.02937;0.0021056248315376854
0.029425;0.0021799723544673184
0.029480000000000003;0.002257592957550256
0.029535000000000002;0.0023386599801033217
0.02959;0.0024233576293002748
0.029645;0.0025118817747880728
0.0297;0.0026044408101442754
0.029755;0.002701256587566132
0.02981;0.002802565432864178
0.029865000000000003;0.0029086192486044594
0.029920000000000002;0.003019686714104662
0.029975;0.003136054591952349
0.03003;0.003258029151801835
0.030085;0.003385937723429594
0.03014;0.003520130392397452
0.030195;0.0036609818532329194
0.030250000000000003;0.0038088934367818883
0.030305000000000002;0.003964295330373456
0.03036;0.0041276490116823345
0.030415;0.004299449919723732
0.03047;0.0044802303892960684
0.030525;0.0046705628784890815
0.03058;0.00487106352261875
0.030635000000000003;0.005082396052218146
0.030690000000000002;0.005305276117617372
0.030745;0.005540476068216735
0.0308;0.0057888302409918
0.030855;0.006051240820125819
0.03091;0.006328684338137747
0.030965;0.006622218898642884
0.031020000000000002;0.006932992212177047
0.031075000000000002;0.007262250549535674
0.03113;0.007611348732234589
0.031185;0.007981761297228345
0.03124;0.008375094993491383
0.031295;0.00879310279187115
0.03135;0.009237699617473154
0.031405;0.00971098004643107
0.03146;0.01021523824718387
0.031515;0.010752990491340583
0.03157;0.011327000612285084
0.031625;0.011940308852260889
0.03168;0.01259626461295887
0.031735;0.013298563712615851
0.03179;0.01405129085753337
0.031845;0.014858968160906783
0.0319;0.01572661069145949
0.031955000000000004;0.01665979021370831
0.032010000000000004;0.01766470849729267
0.032065;0.018748281832673543
0.03212;0.019918238704685468
0.032175;0.02118323295596325
0.03223;0.022552975234826488
0.032285;0.024038386085447953
0.03234;0.02565177472626312
0.032395;0.027407048404895037
0.03245;0.029319958251692962
0.032505;0.03140838882549328
0.03256;0.033692700112506274
0.032615;0.03619613267374424
0.032670000000000005;0.03894528902834672
0.032725000000000004;0.04197070731870541
0.032780000000000004;0.04530754696423964
0.032835;0.04899641053537524
0.03289;0.05308433165934666
0.032945;0.057625965622420214
0.033;0.06268502769157144
0.033055;0.06833603426260922
0.03311;0.07466641390186249
0.033165;0.08177906915327196
0.03322;0.08979548520536088
0.033275;0.09885949695382677
0.03333;0.1091418389929052
0.033385;0.12084560830092707
0.033440000000000004;0.1342127567951707
0.033495000000000004;0.1495316821799455
0.03355;0.16714586808176785
0.033605;0.18746328209755894
0.03366;0.21096577829002092
0.033715;0.23821691455391034
0.03377;0.26986514622620256
0.033825;0.3066369551359175
0.03388;0.3493107080966036
0.033935;0.3986566124310584
0.03399;0.45532140980773383
0.034045;0.5196307215898415
0.0341;0.5912837938818643
0.034155;0.6689383555992657
0.034210000000000004;0.7497470666413042
0.034265000000000004;0.8290225212475945
0.03432;0.9003373093380771
0.034375;0.9563783362611902
0.03443;0.9905931510064573
0.034485;0.9991014994229471
0.03454;0.9819202111541125
0.034595;0.942800613949983
0.03465;0.8878281339239689
0.034705;0.8236215955518309
0.03476;0.7559496373727287
0.034815;0.6890829673364468
0.03487;0.6257539638159665
0.034925000000000005;0.5674373454733143
0.034980000000000004;0.5147167363433963
0.035035000000000004;0.46761092462333703
0.03509;0.4258178734856963
0.035145;0.38887857928297553
0.0352;0.35627851260532434
0.035255;0.3275058053069139
0.03531;0.3020816365291847
0.035365;0.2795737537105645
0.03542;0.2596003037565409
0.035475;0.2418284459705444
0.03553;0.22597042161884762
0.035585;0.21177861835887987
0.03564;0.19904047359403512
0.035695000000000005;0.18757364911139532
0.035750000000000004;0.1772216721914298
0.035805000000000003;0.1678501064608061
0.03586;0.15934324598558242
0.035915;0.15160129221644708
0.03597;0.14453795969707697
0.036025;0.13807845366764498
0.03608;0.1321577654752429
0.036135;0.12671923699590606
0.03619;0.12171335140084116
0.036245;0.11709671368127482
0.0363;0.11283118995489567
0.036355;0.10888317953887806
0.03641;0.10522299805541203
0.036465000000000004;0.1018243534692879
0.036520000000000004;0.09866390000778036
0.036575;0.09572085745774953
0.03663;0.092976685446702
0.036685;0.0904148040634945
0.03674;0.08802035362002118
0.036795;0.08577998755002372
0.03685;0.08368169342852519
0.036905;0.08171463791232539
0.03696;0.07986903207846154
0.037015;0.07813601419848275
0.03707;0.07650754745243335
0.037125;0.07497633047452043
0.037180000000000005;0.07353571894564638
0.037235000000000004;0.07217965671868445
0.037290000000000004;0.07090261518846484
0.037345;0.06969953980869185
0.0374;0.0685658028178074
0.037455;0.06749716137055678
0.03751;0.06648972038592559
0.037565;0.06553989951856566
0.03762;0.06464440374258601
0.037675;0.06380019710636832
0.03773;0.06300447927618955
0.037785;0.06225466453731012
0.03784;0.06154836296445118
0.037895;0.06088336351091307
0.037950000000000005;0.06025761879746161
0.038005000000000004;0.05966923140975468
0.038060000000000004;0.05911644153683436
0.038115;0.058597615803764845
0.03817;0.05811123716927517
0.038225;0.057655895774801104
0.03828;0.05723028064467812
0.038335;0.056833172148989544
0.03839;0.05646343515078144
0.038445;0.05612001276825781
0.0385;0.055801920690421315
0.038555;0.05550824199145229
0.03861;0.055238122395129735
0.038665;0.05499076594595392
0.038720000000000004;0.054765431048188304
0.038775000000000004;0.05456142683827932
0.03883;0.05437810985964867
0.038885;0.05421488101213027
0.03894;0.05407118275117089
0.038995;0.05394649651441033
0.03905;0.053840340355571684
0.039105;0.05375226676752362
0.03916;0.05368186067822211
0.039215;0.05362873760480001
0.03927;0.0535925419524852
0.039325;0.05357294544635142
0.03938;0.05356964568498037
0.039435000000000005;0.05358236480618725
0.039490000000000004;0.053610848255846937
0.039545000000000004;0.05365486365170867
0.0396;0.053714199734809544
0.039655;0.05378866540176045
0.03971;0.05387808881181562
0.039765;0.05398231656313869
0.03982;0.05410121293319542
0.039875;0.054234659178645214
0.03993;0.054382552890488586
0.039985;0.054544807400632216
0.04004;0.0547213512363057
0.040095;0.054912127619136684
0.04015;0.055117094005885436
0.040205000000000005;0.05533622166816825
0.040260000000000004;0.05556949530866177
0.040315000000000004;0.05581691271153025
0.04037;0.05607848442496462
0.040425;0.056354233473956426
0.04048;0.0566441951015107
0.040535;0.056948416536719317
0.04059;0.057266956788176435
0.040645;0.05759988646142424
0.0407;0.05794728759912833
0.040755;0.05830925354287674
0.04081;0.05868588881552006
0.040865;0.05907730902309673
0.04092;0.059483640775459284
0.040975000000000004;0.05990502162477089
0.041030000000000004;0.06034160002111224
0.041085;0.06079353528454953
0.04114;0.061260997592979455
0.041195;0.06174416798520505
0.04125;0.0622432383786825
0.041305;0.06275841160146862
0.04136;0.06328990143790542
0.041415;0.06383793268763742
0.04147;0.0644027412375465
0.041525;0.06498457414632373
0.04158;0.06558368974126871
0.041635;0.06620035772709905
0.041690000000000005;0.06683485930643084
0.041745000000000004;0.06748748731172192
0.041800000000000004;0.06815854634841263
0.041855;0.06884835294906462
0.04191;0.06955723573829041
0.041965;0.07028553560823213
0.04202;0.07103360590449831
0.042075;0.0718018126222988
0.04213;0.07259053461263276
0.042185;0.07340016379839608
0.04224;0.0742311054001865
0.042295;0.075083778171702
0.04235;0.07595861464452221
0.042405;0.07685606138211545
0.042460000000000005;0.07777657924293607
0.042515000000000004;0.07872064365233652
0.042570000000000004;0.07968874488323005
0.042625;0.08068138834516979
0.04268;0.08169909488171902
0.042735;0.0827424010758287
0.04279;0.08381185956297826
0.042845;0.08490803935180025
0.0429;0.08603152615188871
0.042955;0.08718292270844202
0.04301;0.08836284914343784
0.043065;0.08957194330280371
0.04312;0.09081086110934995
0.043175;0.09208027692077903
0.043230000000000005;0.09338088389244005
0.043285000000000004;0.09471339434408561
0.043340000000000004;0.09607854013013074
0.043395;0.09747707301269345
0.04345;0.09890976503664933
0.043505;0.10037740890589157
0.04356;0.10188081835997734
0.043615;0.10342082855008666
0.04367;0.10499829641335992
0.043725;0.10661410104438455
0.04378;0.10826914406266623
0.043835;0.10996434997470338
0.04389;0.11170066652927499
0.043945000000000005;0.11347906506428816
0.044000000000000004;0.11530054084362333
0.044055000000000004;0.11716611338205143
0.04411;0.11907682675634253
0.044165;0.12103374990038991
0.04422;0.12303797688216185
0.044275;0.12509062716001293
0.04433;0.12719284581576318
0.044385;0.12934580376171187
0.04444;0.13155069791870824
0.044495;0.1338087513620026
0.04455;0.13612121343153413
0.044605;0.13848935980296143
0.04466;0.1409144925157477
0.044715000000000005;0.14339793995397088
0.044770000000000004;0.14594105677575697
0.044825000000000004;0.14854522378655494
0.04488;0.15121184775142738
0.044935;0.15394236114127896
0.04499;0.15673822180748775
0.045045;0.1596009125791984
0.0451;0.16253194077742447
0.045155;0.16553283763933574
0.04521;0.168605157646399
0.045265;0.17175047774923335
0.04532;0.174970396481937
0.045375;0.1782665329584757
0.04543;0.1816405257430955
0.045485000000000005;0.18509403158671714
0.045540000000000004;0.18862872402085493
0.045595000000000004;0.1922462918003801
0.04565;0.1959484371860992
0.045705;0.19973687405812415
0.04576;0.20361332585049105
0.045815;0.20757952329756746
0.04587;0.21163720198263342
0.045925;0.21578809967878135
0.04598;0.22003395347233376
0.046035;0.22437649665919127
0.04609;0.2288174554041884
0.046145;0.2333585451542415
0.046200000000000005;0.2380014667957294
0.046255000000000004;0.24274790254753037
0.046310000000000004;0.24759951158098406
0.046365;0.25255792535915966
0.04642;0.2576247426879259
0.046475;0.2628015244727966
0.04653;0.2680897881759136
0.046585;0.27349100196911375
0.04664;0.27900657858005634
0.046695;0.284637868830282
0.04675;0.29038615486588426
0.046805;0.29625264308416704
0.04686;0.3022384567641249
0.046915;0.30834462841841626
0.046970000000000005;0.31457209191661967
0.047025000000000004;0.32092167457950016
0.047080000000000004;0.3273940905519206
0.047135;0.3339899560098199
0.04719;0.3407117759657363
0.047245;0.34755350755438136
0.0473;0.3545217018941513
0.047355;0.36161425188383367
0.04741;0.3688309707235172
0.047465;0.37617150344046635
0.04752;0.38363530649846095
0.047575;0.3912216370322251
0.04763;0.39892954308985773
0.047685000000000005;0.40675785419207877
0.047740000000000005;0.41470517214566543
0.047795000000000004;0.42276986214959844
0.047850000000000004;0.43095004425633615
0.047905;0.43924358526053575
0.04796;0.447648091092573
0.048015;0.45616089979853996
0.04807;0.46477907519020084
0.048125;0.4734994012511899
0.04818;0.48231837738666933
0.048235;0.49123221460420186
0.04829;0.5002368327128932
0.048345;0.5093278586271777
0.0484;0.5185006258582773
0.048455000000000005;0.527750175273529
0.048510000000000005;0.5370712571990265
0.048565000000000004;0.5464583349348024
0.048620000000000003;0.5559055897452525
0.048675;0.5654069273786325
0.04873;0.5749559861604776
0.048785;0.584546146694675
0.04884;0.5941705431943048
0.048895;0.6038220764511253
0.04895;0.6134934284393471
0.049005;0.6231770785337156
0.04906;0.632865321307558
0.049115;0.6425502858595646
0.04917;0.6522239566025914
0.049225000000000005;0.6618781954313881
0.049280000000000004;0.6715047651696403
0.049335000000000004;0.6810953541809296
0.04939;0.6906416020142683
0.049445;0.7001351259385905
0.0495;0.7095675482093899
0.049555;0.718930523897696
0.04961;0.7282157691024508
0.049665;0.7374150893580717
0.04972;0.7465204080437624
0.049775;0.755523794595952
0.04983;0.7644174923243026
0.049885;0.7731939456317591
0.049940000000000005;0.7818458264420453
0.049995000000000005;0.7903660596432736
0.050050000000000004;0.7987478473644419
0.050105000000000004;0.8069846919106108
0.05016;0.8150704171955343
0.050215;0.8229991885234922
0.05027;0.8307655305887238
0.050325;0.8383643435772424
0.05038;0.8457909172748636
0.050435;0.8530409431039602
0.05049;0.860110524032403
0.050545;0.8669961823175222
0.0506;0.8736948650691728
0.050655;0.8802039476353898
0.050710000000000005;0.8865212348345232
0.050765000000000005;0.8926449600756887
0.050820000000000004;0.8985737824279455
0.050875000000000004;0.9043067817141744
0.05093;0.9098434517214726
0.050985;0.9151836916327147
0.05104;0.9203277957956966
0.051095;0.92527644195632
0.05115;0.9300306780898947
0.051205;0.9345919079710101
0.05126;0.9389618756267017
0.051315;0.9431426488196956
0.05137;0.9471366017097852
0.051425;0.9509463968399207
0.051480000000000005;0.9545749665916644
0.051535000000000004;0.9580254942505204
0.051590000000000004;0.9613013948163699
0.051645;0.964406295689271
0.0517;0.9673440173521529
0.051755;0.9701185541656528
0.05181;0.972734055381005
0.051865;0.9751948064686524
0.05192;0.9775052108506715
0.051975;0.9796697721162066
0.05203;0.9816930767894066
0.052085;0.983579777710531
0.05214;0.9853345780814691
0.052195000000000005;0.9869622162183995
0.052250000000000005;0.9884674510457271
0.052305000000000004;0.9898550483575256
0.052360000000000004;0.9911297678651634
0.052415;0.9922963510426912
0.05247;0.993359509775117
0.052525;0.9943239158087896
0.05258;0.9951941909976278
0.052635;0.9959748983342191
0.05269;0.9966705337504504
0.052745;0.9972855186686718
0.0528;0.9978241932811791
0.052855;0.9982908105330859
0.05291;0.9986895307813916
0.052965000000000005;0.9990244171013691
0.053020000000000005;0.999299431209899
0.053075000000000004;0.999518429974451
0.053130000000000004;0.9996851624757581
0.053185;0.9998032675918811
0.05324;0.9998762720712852
0.053295;0.9999075890628342
0.05335;0.999900517070892
0.053405;0.9998582393044445
0.05346;0.9997838233898753
0.053515;0.999680221417904
0.05357;0.9995502702962935
0.053625;0.9993966923809621
0.05368;0.9992220963593851
0.053735000000000005;0.999028978361312
0.053790000000000004;0.9988197232732513
0.053845000000000004;0.9985966062342597
0.0539;0.99836179429207
0.053955;0.9981173481997264
0.05401;0.9978652243343138
0.054065;0.9976072767205103
0.05412;0.9973452591430064
0.054175;0.9970808273330111
0.05423;0.9968155412151865
0.054285;0.9965508672025382
0.05434;0.9962881805277766
0.054395;0.9960287676007562
0.054450000000000005;0.995773828382528
0.054505000000000005;0.9955244787696289
0.054560000000000004;0.9952817529657422
0.054615000000000004;0.9950466058795701
0.05467;0.9948199154666153
0.054725;0.994602485085759
0.05478;0.9943950458201811
0.054835;0.994198258773776
0.05489;0.9940127173373968
0.054945;0.9938389494219867
0.055;0.9936774196560524
0.055055;0.9935285315454907
0.05511;0.9933926295941481
0.055165;0.9932700013838122
0.055220000000000005;0.9931608796128061
0.055275000000000005;0.9930654440925146
0.055330000000000004;0.9929838237015174
0.055385000000000004;0.9929160982973123
0.05544;0.9928623005856961
0.055495;0.9928224179481615
0.05555;0.9927963942278374
0.055605;0.9927841314745796
0.05566;0.9927854916500517
0.055715;0.992800298293623
0.05577;0.99282833815012
0.055825;0.9928693627604526
0.05588;0.9929230900162529
0.055935;0.9929892056796776
0.055990000000000005;0.9930673648695771
0.056045000000000005;0.9931571935152526
0.056100000000000004;0.993258289779008
0.056155000000000004;0.9933702254487661
0.05621;0.993492547301939
0.056265;0.9936247784417479
0.05632;0.9937664196072487
0.056375;0.9939169504580818
0.05643;0.9940758308352298
0.056485;0.994242501998702
0.05654;0.994416387843277
0.056595;0.9945968960932412
0.05665;0.9947834194770516
0.056705000000000005;0.9949753368827989
0.056760000000000005;0.9951720144952684
0.056815000000000004;0.9953728069153462
0.056870000000000004;0.9955770582624682
0.056925;0.9957841032606999
0.05698;0.9959932683090307
0.057035;0.9962038725363339
0.05709;0.9964152288414342
0.057145;0.9966266449186254
0.0572;0.9968374242688965
0.057255;0.9970468671971385
0.05731;0.9972542717954072
0.057365;0.997458934912399
0.05742;0.9976601531091135
0.057475000000000005;0.9978572236006843
0.057530000000000005;0.9980494451842962
0.057585000000000004;0.9982361191529882
0.057640000000000004;0.9984165501951965
0.057695;0.998590047279703
0.05775;0.9987559245257637
0.057805;0.9989135020579692
0.05786;0.9990621068455002
0.057915;0.999201073525315
0.05797;0.9993297452088027
0.058025;0.9994474742713473
0.05808;0.9995536231243208
0.058135;0.9996475649689053
0.05819;0.9997286845311536
0.058245000000000005;0.9997963787776756
0.058300000000000005;0.999850057611364
0.058355000000000004;0.9998891445464831
0.058410000000000004;0.9999130773624901
0.058465;0.9999213087359661
0.05852;0.9999133068500119
0.058575;0.9998885559804691
0.05863;0.9998465570582963
0.058685;0.9997868282075961
0.05874;0.9997089052585779
0.058795;0.9996123422350026
0.05885;0.999496711815415
0.058905;0.9993616057677775
0.058960000000000005;0.9992066353569526
0.059015000000000005;0.9990314317245723
0.059070000000000004;0.9988356462408968
0.059125000000000004;0.99861895082828
0.05918;0.9983810382558885
0.059235;0.9981216224054218
0.05929;0.9978404385075387
0.059345;0.9975372433488578
0.0594;0.9972118154493267
0.059455;0.9968639552099289
0.05951;0.9964934850306467
0.059565;0.9961002493987355
0.05962;0.9956841149473606
0.059675;0.9952449704847401
0.059730000000000005;0.9947827269939866
0.059785000000000005;0.9942973176038746
0.059840000000000004;0.9937886975308673
0.059895000000000004;0.9932568439927181
0.05995;0.9927017560941054
0.060005;0.9921234546847265
0.06006;0.9915219821904055
0.060115;0.9908974024177444
0.06017;0.990249800333004
0.060225;0.989579281815798
0.06028;0.9888859733883969
0.060335;0.9881700219213554
0.06039;0.9874315943162585
0.060445;0.9866708771664648
0.060500000000000005;0.9858880763966844
0.060555000000000005;0.9850834168823285
0.060610000000000004;0.9842571420495373
0.060665000000000004;0.9834095134569009
0.06072;0.9825408103598212
0.060775;0.9816513292585541
0.06083;0.9807413834309583
0.060885;0.9798113024510127
0.06094;0.9788614316941082
0.060995;0.9778921318302756
0.06105;0.9769037783063474
0.061105;0.9758967608181475
0.06116;0.9748714827738229
0.061215000000000006;0.9738283607493363
0.061270000000000005;0.9727678239372658
0.061325000000000005;0.9716903135898555
0.061380000000000004;0.9705962824575011
0.061435000000000003;0.9694861942236008
0.06149;0.9683605229368134
0.061545;0.9672197524417819
0.0616;0.9660643758091856
0.061655;0.9648948947661952
0.06171;0.9637118191281578
0.061765;0.9625156662324852
0.06182;0.9613069603755577
0.061875;0.9600862322535407
0.06193;0.9588540184078523
0.061985000000000005;0.9576108606761637
0.062040000000000005;0.9563573056494916
0.062095000000000004;0.9550939041363621
0.062150000000000004;0.9538212106343765
0.062205;0.9525397828101543
0.06226;0.9512501809879591
0.062315;0.9499529676477434
0.06237;0.9486487069330918
0.062425;0.9473379641694994
0.06248;0.9460213053934675
0.06253500000000001;0.9446992968928376
0.06259;0.9433725047586742
0.062645;0.9420414944491123
0.0627;0.9407068303653672
0.062755;0.9393690754402609
0.06281;0.9380287907394339
0.062865;0.9366865350754322
0.06292;0.9353428646348625
0.062975;0.9339983326187106
0.06303;0.9326534888958895
0.063085;0.9313088796701853
0.06314;0.9299650471604941
0.063195;0.928622529294433
0.06325;0.9272818594153323
0.063305;0.9259435660024584
0.06336;0.9246081724044959
0.063415;0.9232761965861281
0.06347;0.9219481508876213
0.063525;0.920624541797271
0.06358;0.9193058697365493
0.063635;0.9179926288577441
0.06369;0.916685306853972
0.063745;0.915384384781261
0.0638;0.9140903368925244
0.06385500000000001;0.9128036304831995
0.06391000000000001;0.9115247257482568
0.06396500000000001;0.910254075650351
0.06402000000000001;0.9089921257988057
0.06407500000000001;0.9077393143391963
0.06413;0.9064960718531798
0.064185;0.9052628212683622
0.06424;0.9040399777777607
0.064295;0.9028279487687138
0.06435;0.9016271337608198
0.064405;0.9004379243525936
0.06446;0.8992607041766025
0.064515;0.8980958488626485
0.06457;0.8969437260087885
0.064625;0.8958046951597947
0.06468;0.8946791077927352
0.064735;0.893567307309483
0.06479;0.8924696290356076
0.064845;0.8913864002255955
0.0649;0.8903179400738548
0.064955;0.8892645597313968
0.06501;0.888226562327746
0.065065;0.8872042429978803
0.06512;0.8861978889138231
0.065175;0.8852077793206781
0.06523;0.8842341855767991
0.065285;0.8832773711977808
0.06534000000000001;0.882337591904055
0.06539500000000001;0.8814150956718031
0.06545000000000001;0.8805101227869266
0.06550500000000001;0.8796229059018428
0.06556000000000001;0.8787536700948454
0.065615;0.8779026329317905
0.06567;0.8770700045299038
0.065725;0.8762559876234658
0.06578;0.8754607776311716
0.065835;0.8746845627249261
0.06589;0.8739275238999539
0.065945;0.8731898350459302
0.066;0.8724716630190104
0.066055;0.8717731677145955
0.06611;0.8710945021405525
0.066165;0.870435812490924
0.06622;0.8697972382197373
0.066275;0.8691789121149353
0.06633;0.8685809603722434
0.066385;0.8680035026687727
0.06644;0.867446652236312
0.066495;0.8669105159341463
0.06655;0.8663951943212768
0.066605;0.8659007817279869
0.06666;0.8654273663265635
0.066715;0.8649750302011499
0.06677;0.8645438494166199
0.066825;0.8641338940863565
0.06688000000000001;0.8637452284389145
0.06693500000000001;0.8633779108834212
0.06699000000000001;0.8630319940737113
0.06704500000000001;0.8627075249710909
0.0671;0.8624045449057128
0.067155;0.8621230896364462
0.06721;0.8618631894092617
0.067265;0.8616248690140559
0.06732;0.8614081478398717
0.067375;0.8612130399285026
0.06743;0.8610395540264261
0.067485;0.8608876936350762
0.06754;0.8607574570593798
0.067595;0.8606488374546274
0.06765;0.8605618228715468
0.067705;0.860496396299712
0.06776;0.8604525357091524
0.067815;0.8604302140902381
0.06787;0.8604293994918423
0.067925;0.8604500550577419
0.06798;0.8604921390613114
0.068035;0.8605556049385054
0.06809;0.8606404013191435
0.068145;0.8607464720565241
0.0682;0.8608737562553799
0.068255;0.8610221882982264
0.06831;0.861191697870087
0.06836500000000001;0.8613822099816695
0.06842000000000001;0.861593644991024
0.06847500000000001;0.861825918623675
0.06853000000000001;0.8620789419913211
0.06858500000000001;0.8623526216091254
0.06864;0.8626468594116253
0.068695;0.8629615527673322
0.06875;0.8632965944920612
0.068805;0.8636518728610351
0.06886;0.8640272716198323
0.068915;0.864422669994226
0.06897;0.8648379426989843
0.069025;0.8652729599456457
0.06908;0.8657275874494361
0.069135;0.8662016864352623
0.06919;0.8666951136429478
0.069245;0.8672077213317397
0.0693;0.8677393572841727
0.069355;0.8682898648093186
0.06941;0.8688590827455809
0.069465;0.8694468454630198
0.06952;0.8700529828653653
0.069575;0.8706773203917155
0.06963;0.8713196790180893
0.069685;0.8719798752588329
0.06974;0.8726577211680608
0.069795;0.8733530243410783
0.06985000000000001;0.8740655879160615
0.06990500000000001;0.8747952105758623
0.06996000000000001;0.8755416865502402
0.07001500000000001;0.8763048056184636
0.07007000000000001;0.8770843531124388
0.070125;0.8778801099204334
0.07018;0.8786918524915315
0.070235;0.8795193528408493
0.07029;0.8803623785556587
0.070345;0.8812206928025061
0.0704;0.8820940543353932
0.070455;0.8829822175051768
0.07051;0.8838849322702135
0.070565;0.8848019442084097
0.07062;0.8857329945307453
0.070675;0.8866778200963658
0.07073;0.8876361534293707
0.070785;0.8886077227373623
0.07084;0.8895922519318784
0.070895;0.8905894606507861
0.07095;0.8915990642827782
0.071005;0.8926207739940084
0.07106;0.8936542967570076
0.071115;0.8946993353819589
0.07117;0.8957555885504388
0.071225;0.8968227508516944
0.07128;0.8979005128216005
0.071335;0.8989885609842986
0.07139000000000001;0.9000865778967305
0.07144500000000001;0.9011942421960246
0.07150000000000001;0.9023112286499492
0.07155500000000001;0.9034372082104009
0.07161000000000001;0.9045718480700984
0.071665;0.9057148117225574
0.07172;0.9068657590253588
0.071775;0.9080243462668596
0.07183;0.9091902262364606
0.071885;0.9103630482983786
0.07194;0.9115424584691586
0.071995;0.912728099498923
0.07205;0.9139196109564798
0.072105;0.9151166293184021
0.07216;0.9163187880621833
0.072215;0.9175257177636155
0.07227;0.9187370461985814
0.072325;0.9199523984494753
0.07238;0.9211713970165682
0.072435;0.9223936619347388
0.07249;0.9236188108962193
0.072545;0.92484645938017
0.0726;0.92607622079057
0.072655;0.9273077066043416
0.07271;0.9285405265331493
0.072765;0.9297742887041015
0.07282;0.9310085998683226
0.07287500000000001;0.9322430656526008
0.07293000000000001;0.9334772908814983
0.07298500000000001;0.9347108800205006
0.07304000000000001;0.9359434378386968
0.07309500000000001;0.9371745704933759
0.07315;0.9384038874803696
0.073205;0.939631005502958
0.07326;0.9408555570139643
0.073315;0.9420772115947671
0.07337;0.9432957387416792
0.073425;0.9445112386472649
0.07348;0.9457253549811842
0.073535;0.9469544605516432
0.07359;1.2631594629407479
0.073645;0.9493488151642883
0.0737;0.9505139160435331
0.073755;0.9516919520048075
0.07381;0.9528662113978844
0.073865;0.9540342692885155
0.07392;0.9551952300099407
0.073975;0.9563485306504231
0.07403;0.9574937113476559
0.074085;0.9586303526131877
0.07414;0.9597580541126975
0.074195;0.9608764263689442
0.07425;0.9619850871904352
0.074305;0.9630836600469038
0.07436000000000001;0.9641717733249306
0.07441500000000001;0.9652490600122744
0.07447000000000001;0.9663151576040091
0.07452500000000001;0.9673697081294909
0.07458000000000001;0.9684123582478075
0.074635;0.9694427593833296
0.07469;0.9704605678853039
0.074745;0.9714654452020177
0.0748;0.972457058063747
0.074855;0.9734350786707185
0.07491;0.9743991848839365
0.074965;0.9753490604166098
0.07502;0.9762843950259606
0.075075;0.9772048847035536
0.07513;0.9781102318641122
0.075185;0.9790001455320536
0.07524;0.9798743415252875
0.075295;0.9807325426359783
0.07535;0.9815744788078257
0.075405;0.9823998873096282
0.07546;0.9832085129048159
0.075515;0.9840001080166757
0.07557;0.9847744328890559
0.075625;0.9855312557422363
0.07568;0.98627035292385
0.075735;0.9869915090545305
0.07579;0.9876945171681347
0.07584500000000001;0.9883791788463475
0.07590000000000001;0.989045304347453
0.07595500000000001;0.9896927127291094
0.07601000000000001;0.990321231964957
0.07606500000000001;0.990930699054909
0.07612000000000001;0.9915209601289326
0.076175;0.992091870544243
0.07623;0.9926432949757261
0.076285;0.9931751074994946
0.07634;0.993687191669454
0.076395;0.9941794405867943
0.07645;0.9946517569622876
0.076505;0.9951040531713654
0.07656;0.9955362513018461
0.076615;0.9959482831942754
0.07667;0.9963400904748941
0.076725;0.9967116245810868
0.07678;0.9970628467793863
0.076835;0.9973937281759692
0.07689;0.9977042497196724
0.076945;0.9979944021975048
0.077;0.9982641862227267
0.077055;0.9985136122154784
0.07711;0.998742700376038
0.077165;0.9989514806507557
0.07722;0.9991399926907323
0.077275;0.9993082858032977
0.07733;0.9994564188964188
0.07738500000000001;0.9995844604161006
0.07744000000000001;0.9996924882768949
0.07749500000000001;0.9997805897856601
0.07755000000000001;0.999848861558656
0.07760500000000001;0.9998974094321521
0.07766;0.9999263483666757
0.077715;0.9999358023450314
0.07777;0.9999259042643209
0.077825;0.9998967958220496
0.07788;0.9998486273965682
0.077935;0.9997815579219813
0.07799;0.9996957547577648
0.078045;0.9995913935532251
0.0781;0.9994686581070695
0.078155;0.9993277402222528
0.07821;0.9991688395563255
0.078265;0.9989921634675069
0.07832;0.9987979268566894
0.078375;0.9985863520056196
0.07843;0.9983576684114618
0.078485;0.9981121126179907
0.07854;0.9978499280436306
0.078595;0.9975713648065984
0.07865;0.9972766795473451
0.078705;0.9969661352485948
0.07876;0.9966400010531334
0.078815;0.9962985520796668
0.07887000000000001;0.9959420692369215
0.07892500000000001;0.9955708390362513
0.07898000000000001;0.9951851534029915
0.07903500000000001;0.9947853094867524
0.07909000000000001;0.9943716094709232
0.07914500000000001;0.9939443603815973
0.0792;0.993503873896132
0.079255;0.993050466151564
0.07931;0.9925844575531415
0.079365;0.9921061725831024
0.07942;0.9916159396099995
0.079475;0.9911140906986968
0.07953;0.9906009614213033
0.079585;0.9900768906691967
0.07964;0.9895422204663366
0.079695;0.9889972957840679
0.07975;0.9884424643575781
0.079805;0.9878780765041915
0.07986;0.9873044849436523
0.079915;0.9867220446205801
0.07997;0.9861311125292572
0.080025;0.9855320475408691
0.08008;0.9849252102333532
0.080135;0.9843109627240372
0.08019;0.9836896685051213
0.080245;0.9830616922821886
0.0803;0.9824273998158545
0.08035500000000001;0.9817871577666288
0.08041000000000001;0.9811413335431667
0.08046500000000001;0.9804902951539212
0.08052000000000001;0.9798344110623749
0.08057500000000001;0.9791740500458742
0.08063000000000001;0.9785095810581889
0.080685;0.9778413730958377
0.08074;0.9771697950682808
0.080795;0.9764952156720115
0.08085;0.9758180032686103
0.080905;0.9751385257668357
0.08096;0.9744571505087338
0.081015;0.9737742441598813
0.08107;0.973090172603719
0.081125;0.9724053008400185
0.08118;0.9717199928875507
0.081235;0.9710346116908706
0.08129;0.9703495190312605
0.081345;0.9696650754418804
0.0814;0.968981640126968
0.081455;0.9682995708852341
0.08151;0.9676192240372173
0.081565;0.9669409543567489
0.08162;0.9662651150062301
0.081675;0.9655920574759019
0.08173;0.9649221315267237
0.081785;0.9642556851369087
0.08184;0.9635930644518726
0.08189500000000001;0.9629346137373848
0.08195000000000001;0.9622806753356513
0.08200500000000001;0.9616315896239901
0.08206000000000001;0.9609876949756756
0.08211500000000001;0.9603493277224053
0.08217;0.9597168221175838
0.082225;0.9590905102996283
0.08228;0.9584707222538766
0.082335;0.9578577857715196
0.08239;0.9572520264031538
0.082445;0.9566537674037463
0.0825;0.9560633296643501
0.082555;0.9554810316238647
0.08261;0.9549071891507848
0.082665;0.9543421153794953
0.08272;0.9537861204767092
0.082775;0.9532395112978039
0.08283;0.9527025908637989
0.082885;0.9521756575333526
0.08294;0.9516590036263207
0.082995;0.9511529129870965
0.08305;0.9506576562909426
0.083105;0.9501734808576002
0.08316;0.9497005841320753
0.083215;0.9492390184886089
0.08327;0.9487878327386945
0.083325;0.9551519077730024
0.08338000000000001;0.9568255950805206
0.08343500000000001;0.9579674631306581
0.08349000000000001;0.9588519372155282
0.08354500000000001;0.959577824916943
0.08360000000000001;0.9601940909934218
0.08365500000000001;0.9607291999838812
0.08371;0.9612014086079187
0.083765;0.9616232407345512
0.08382;0.9620037196360001
0.083875;0.9623495946550019
0.08393;0.9626660658252948
0.083985;0.962957236696707
0.08404;0.9632264103739128
0.084095;0.9634762903587819
0.08415;0.9637091210963041
0.084205;0.9639267889484802
0.08426;0.9641308963987497
0.084315;0.9643228176678725
0.08437;0.9645037411241626
0.084425;0.9646747021219342
0.08448;0.964836608777314
0.084535;0.964990262449256
0.08459;0.9651363741937915
0.084645;0.9652755781160895
0.0847;0.9654084423042896
0.084755;0.9655354778580127
0.08481;0.9656571464007789
0.08486500000000001;0.9657738663751574
0.08492000000000001;0.965886018352398
0.08497500000000001;0.9659939495379005
0.08503000000000001;0.9660979776159169
0.08508500000000001;0.966198394047592
0.08514000000000001;0.966295466913926
0.085195;0.9663894433777503
0.08525;0.9664805518249031
0.085305;0.9665690037340123
0.08536;0.9666549953154359
0.085415;0.9667387089531236
0.08547;0.9668203144773102
0.085525;0.9668999702915996
0.08558;0.9669778243740792
0.085635;0.9670540151691465
0.08569;0.9671286723841676
0.085745;0.9672019177029785
0.0858;0.9672738654265077
0.085855;0.9673446230493228
0.08591;0.9674142917797304
0.085965;0.9674829670099059
0.08602;0.967550738741812
0.086075;0.9676176919737599
0.08613;0.9676839070519996
0.086185;0.9677494599910114
0.08624;0.9678144227658289
0.086295;0.967878863579321
0.08635;0.9679428471068876
0.08640500000000001;0.9680064347209335
0.08646000000000001;0.9680696846970155
0.08651500000000001;0.968132652403464
0.08657000000000001;0.968195390476055
0.08662500000000001;0.9682579489791285
0.08668000000000001;0.9683203755543567
0.086735;0.9683827155583382
0.08679;0.968445012189982
0.086845;0.9685073066085397
0.0869;0.9685696380431783
0.086955;0.9686320438947325
0.08701;0.9686945598303279
0.087065;0.9687572198714597
0.08712;0.968820056476039
0.087175;0.9688831006149432
0.08723;0.96894638184341
0.087285;0.9690099283677919
0.08734;0.969073767107895
0.087395;0.9691379237553958
0.08745;0.969202422828455
0.087505;0.9692672877229044
0.08756;0.9693325407603226
0.087615;0.9693982032329946
0.08767;0.9694642954462751
0.087725;0.969530836758072
0.08778;0.9695978456165357
0.087835;0.9696653395947554
0.08789000000000001;0.9697333354238965
0.08794500000000001;0.9698018490241493
0.08800000000000001;0.9698708955339053
0.08805500000000001;0.9699404893371987
0.08811000000000001;0.9700106440894741
0.08816500000000001;0.970081372741892
0.08822;0.970152687564111
0.088275;0.9702246001657623
0.08833;0.9702971215165749
0.088385;0.9703702619652873
0.08844;0.9704440312573885
0.088495;0.9705184385516731
0.08855;0.97059349243579
0.088605;0.9706692009406988
0.08866;0.9707455715541092
0.088715;0.9708226112329739
0.08877;0.9709003264150031
0.088825;0.9709787230292489
0.08888;0.9710578065057496
0.088935;0.971137581784273
0.08899;0.971218053322151
0.089045;0.9712992251011686
0.0891;0.9713811006335559
0.089155;0.9714636829670061
0.08921;0.9715469746887536
0.089265;0.971630977928627
0.08932;0.9717156943610771
0.08937500000000001;0.9718011252061166
0.08943000000000001;0.9718872712290896
0.08948500000000001;0.9719741327392516
0.08954000000000001;0.9720617095870114
0.08959500000000001;0.9721500011597901
0.08965000000000001;0.9722390063763476
0.08970500000000001;0.9723287236794202
0.08976;0.972419151026588
0.089815;0.972510285879098
0.08987;0.9726021251884397
0.089925;0.9726946653812235
0.08998;0.9727879023369842
0.090035;0.9728818313734301
0.09009;0.9729764472141395
0.090145;0.9730717439628291
0.0902;0.9731677150688056
0.090255;0.9732643532879891
0.09031;0.9733616506379736
0.090365;0.9734595983462196
0.09042;0.9735581867903748
0.090475;0.9736574054293788
0.09053;0.9737572427238794
0.090585;0.9738576860441367
0.09064;0.9739587215632417
0.090695;0.9740603341329825
0.09075;0.9741625071391782
0.090805;0.974265222332617
0.09086;0.9743684596307697
0.09091500000000001;0.9744721968843943
0.09097000000000001;0.9745764096018125
0.09102500000000001;0.9746810706217466
0.09108000000000001;0.9747861497233513
0.09113500000000001;0.9748916131591305
0.09119000000000001;0.9749974230925412
0.091245;0.9751035369169633
0.0913;0.9752099064260319
0.091355;0.9753164767962719
0.09141;0.9754231853307518
0.091465;0.9755299598958624
0.09152;0.9756367169603591
0.091575;0.9757433591135256
0.09163;0.975849771893995
0.091685;0.9759558196952074
0.09174;0.9760613404182181
0.091795;0.9761661384011021
0.09185;0.9762699749404974
0.091905;0.9763725553915478
0.09196;0.9764735113134941
0.092015;0.9765723752897213
0.09207;0.9766685446591087
0.092125;0.9767612280111206
0.09218;0.9768493640671897
0.092235;0.976931494758838
0.09229;0.9770055591978152
0.092345;0.9770685443514291
0.09240000000000001;0.9771158609179601
0.09245500000000001;0.9771401541778835
0.09251000000000001;0.9771288471136746
0.09256500000000001;0.9770584987781651
0.09262000000000001;0.9768798365105307
0.09267500000000001;0.9764686514964912
0.09273;0.9753962628929705
0.092785;0.9705416482671722
0.09284;0.9916465426593548
0.092895;0.9826610484837222
0.09295;0.9812312857396648
0.093005;0.9807236848073505
0.09306;0.9805079909619984
0.093115;0.9804217751780987
0.09317;0.9804043686118554
0.093225;0.9804279691616566
0.09328;0.9804780387370758
0.093335;0.9805462343263978
0.09339;0.9806274241350738
0.093445;0.9807182767081691
0.0935;0.9808165337843006
0.093555;0.9809206092131582
0.09361;0.9810293552230845
0.093665;0.9811419198738519
0.09372;0.9812576567269056
0.093775;0.981376065701593
0.09383;0.9814967532399552
0.09388500000000001;0.9816194048056543
0.09394000000000001;0.9817437654803539
0.09399500000000001;0.9818696260063068
0.09405000000000001;0.9819968125715376
0.09410500000000001;0.9821251792170665
0.09416000000000001;0.982254602113243
0.09421500000000001;0.9823849751896789
0.09427;0.9825162067595454
0.094325;0.9826482168840082
0.09438;0.9827809352942473
0.094435;0.9829142997381595
0.09449;0.9830482546539313
0.094545;0.9831827500975143
0.0946;0.9833177408691621
0.094655;0.9834531857972114
0.09471;0.9835890471471598
0.094765;0.9837252901311869
0.09482;0.9838618824988361
0.094875;0.9839987941936171
0.09493;0.9841359970635426
0.094985;0.9842734646159598
0.09504;0.9844111718090655
0.095095;0.9845490948738156
0.09515;0.9846872111612904
0.095205;0.9848254990113418
0.09526;0.9849639376391892
0.095315;0.9851025070372071
0.09537000000000001;0.9852411878895778
0.09542500000000001;0.9853799614979546
0.09548000000000001;0.9855188097164755
0.09553500000000001;0.9856577148948761
0.09559000000000001;0.9857966598285057
0.09564500000000001;0.985935627714358
0.09570000000000001;0.9860746021122798
0.095755;0.9862135669106894
0.09581;0.9863525062962206
0.095865;0.986491404726802
0.09592;0.9866302469077299
0.095975;0.9867690177703794
0.09603;0.9869077024532357
0.096085;0.9870462862849647
0.09614;0.9871847547692955
0.096195;0.9873230935714955
0.09625;0.9874612885062649
0.096305;0.9875993255268908
0.09636;0.9877371907155328
0.096415;0.9878748702744935
0.09647;0.9880123505183999
0.096525;0.988149617867172
0.09658;0.9882866588397224
0.096635;0.9884234600482832
0.09669;0.9885600081933316
0.096745;0.9886962900590184
0.0968;0.9888322925090782
0.096855;0.9889680024831599
0.09691000000000001;0.9891034069935261
0.09696500000000001;0.9892384931221416
0.09702000000000001;0.9893732480180193
0.09707500000000001;0.989507658894883
0.09713000000000001;0.9896417130290931
0.09718500000000001;0.9897753977577783
0.09724000000000001;0.9899087004772072
0.097295;0.9900416086413341
0.09735;0.9901741097605337
0.097405;0.9903061914004887
0.09746;0.9904378411812145
0.097515;0.9905690467762382
0.09757;0.9906997959118808
0.097625;0.9908300763666408
0.09768;0.9909598759707097
0.097735;0.9910891826055469
0.09779;0.9912179842035457
0.097845;0.9913462687477983
0.0979;0.9914740242718789
0.097955;0.9916012388597497
0.09801;0.9917279006456499
0.098065;0.9918539978141467
0.09812;0.9919795186001011
0.098175;0.9921044512887611
0.09823;0.9922287842158826
0.098285;0.9923525057678507
0.09834;0.9924756043818636
0.09839500000000001;0.9925980685461402
0.09845000000000001;0.9927198868001278
0.09850500000000001;0.9928410477347535
0.09856000000000001;0.9929615399926937
0.09861500000000001;0.9930813522686485
0.09867000000000001;0.9932004733096326
0.09872500000000001;0.9933188919152841
0.09878;0.9934365969381836
0.098835;0.9935535772841745
0.09889;0.993669821912686
0.098945;0.9937853198370834
0.099;0.9939000601249957
0.099055;0.9940140318986461
0.09911;0.9941272243352105
0.099165;0.9942396266671457
0.09922;0.994351228182537
0.099275;0.9944620182254129
0.09933;0.9945719861960969
0.099385;0.9946811215515168
0.09944;0.9947894138055322
0.099495;0.9948968525292506
0.09955;0.9950034273513156
0.099605;0.9951091279582227
0.09966;0.9952139440945913
0.099715;0.9953178655634485
0.09977;0.9954208822264923
0.099825;0.9955229840043454
0.09988000000000001;0.9956241608768007
0.09993500000000001;0.9957244028830473
0.09999000000000001;0.9958237001218992
0.10004500000000001;0.9959220427519699
0.10010000000000001;0.9960194209918917
0.10015500000000001;0.9961158251204795
0.10021000000000001;0.99621124547688
0.100265;0.9963056724607242
0.10032;0.9963990965322506
0.100375;0.9964915082124168
0.10043;0.9965828980829876
0.100485;0.9966732567866151
0.10054;0.996762575026896
0.100595;0.9968508435684089
0.10065;0.9969380532367244
0.100705;0.9970241949184435
0.10076;0.997109259561105
0.100815;0.9971932381732442
0.10087;0.9972761218242582
0.100925;0.9973579016443451
0.10098;0.9974385688244514
0.101035;0.9975181146160313
0.10109;0.9975965303311259
0.101145;0.9976738073418887
0.1012;0.9977499370807029
0.101255;0.9978249110397744
0.10131;0.997898720770983
0.101365;0.9979713578856071
0.10142000000000001;0.9980428140540555
0.10147500000000001;0.9981130810055578
0.10153000000000001;0.9981821505278358
0.10158500000000001;0.9982500144667739
0.10164000000000001;0.998316664726017
0.10169500000000001;0.9983820932665951
0.10175000000000001;0.9984462921064968
0.101805;0.9985092533202066
0.10186;0.9985709690382456
0.101915;0.9986314314466666
0.10197;0.9986906327865224
0.102025;0.9987485653533261
0.10208;0.9988052214964565
0.102135;0.9988605936185676
0.10219;0.9989146741749395
0.102245;0.9989674556728325
0.1023;0.9990189306707876
0.102355;0.9990690917779159
0.10241;0.9991179316531494
0.102465;0.9991654430044731
0.10252;0.999211618588119
0.102575;0.999256451207733
0.10263;0.9992999337135152
0.102685;0.9993420590013368
0.10274;0.9993828200117985
0.102795;0.9994222097293124
0.10285;0.9994602211810789
0.10290500000000001;0.9994968474361114
0.10296000000000001;0.9995320816041708
0.10301500000000001;0.9995659168346973
0.10307000000000001;0.9995983463156982
0.10312500000000001;0.9996293632726115
0.10318000000000001;0.9996589609671358
0.10323500000000001;0.9996871326960174
0.10329;0.9997138717898258
0.103345;0.9997391716116586
0.1034;0.9997630255558613
0.103455;0.9997854270466715
0.10351;0.9998063695368451
0.103565;0.9998258465062502
0.10362;0.9998438514604244
0.103675;0.9998603779290808
0.10373;0.9998754194646108
0.103785;0.9998889696405104
0.10384;0.9999010220498071
0.103895;0.99991157030341
0.10395;0.9999206080284647
0.104005;0.99992812886664
0.10406;0.9999341264723844
0.104115;0.9999385945111482
0.10417;0.9999415266575454
0.104225;0.9999429165935176
0.10428;0.9999427580064116
0.104335;0.9999410445870388
0.10439000000000001;0.9999377700276989
0.10444500000000001;0.9999329280201378
0.10450000000000001;0.9999265122534852
0.10455500000000001;0.9999185164121444
0.10461000000000001;0.999908934173624
0.10466500000000001;0.999897759206338
0.10472000000000001;0.9998849851673721
0.10477500000000001;0.9998706057001657
0.10483;0.9998546144322003
0.104885;0.9998370049725834
0.10494;0.9998177709096394
0.104995;0.9997969058084133
0.10505;0.9997744032081414
0.105105;0.999750256619672
0.10516;0.9997244595228303
0.105215;0.9996970053637337
0.10527;0.9996678875520669
0.105325;0.9996370994582724
0.10538;0.9996046344107287
0.105435;0.9995704856928428
0.10549;0.9995346465400995
0.105545;0.9994971101370538
0.1056;0.9994578696142611
0.105655;0.9994169180451542
0.10571;0.9993742484428639
0.105765;0.9993298537569663
0.10582;0.9992837268701826
0.105875;0.99923586059501
0.10593000000000001;0.9991862476702906
0.10598500000000001;0.9991348807577174
0.10604000000000001;0.9990817524382609
0.10609500000000001;0.9990268552085612
0.10615000000000001;0.9989701814772128
0.10620500000000001;0.9989117235610028
0.10626000000000001;0.9988514736810784
0.106315;0.998789423959025
0.10637;0.9987255664129123
0.106425;0.9986598929532052
0.10648;0.9985923953786351
0.106535;0.9985230653720139
0.10659;0.9984518944959098
0.106645;0.9983788741883084
0.1067;0.9983039957581203
0.106755;0.9982272503806846
0.10681;0.9981486290931293
0.106865;0.9980681227896392
0.10692;0.9979857222166956
0.106975;0.9979014179681492
0.10703;0.9978152004802685
0.107085;0.997727060026637
0.10714;0.9976369867129936
0.107195;0.9975449704719559
0.10725;0.9974510010576332
0.107305;0.9973550680401795
0.10736;0.9972571608001825
0.10741500000000001;0.9971572685230005
0.10747000000000001;0.9970553801929416
0.10752500000000001;0.996951484587371
0.10758000000000001;0.9968455702706865
0.10763500000000001;0.996737625588176
0.10769000000000001;0.9966276386597597
0.10774500000000001;0.9965155973736209
0.1078;0.996401489379693
0.107855;0.9962853020830439
0.10791;0.9961670226371092
0.107965;0.9960466379368184
0.10802;0.9959241346115537
0.108075;0.9957994990180183
0.10813;0.9956727172329225
0.108185;0.9955437750455569
0.10824;0.9954126579501987
0.108295;0.9952793511383992
0.10835;0.9951438394910832
0.108405;0.9950061075705372
0.10846;0.9948661396122122
0.108515;0.994723919516385
0.10857;0.9945794308396457
0.108625;0.9944326567862422
0.10868;0.9942835801992306
0.108735;0.9941321835514889
0.10879;0.9939784489365424
0.108845;0.9938223580592179
0.10890000000000001;0.9936638922261313
0.10895500000000001;0.9935030323359936
0.10901000000000001;0.9933397588697568
0.10906500000000001;0.9931740518805351
0.10912000000000001;0.9930058909834264
0.10917500000000001;0.9928352553450699
0.10923000000000001;0.992662123673094
0.10928500000000001;0.9924864742053451
0.10934;0.9923082846989513
0.109395;0.9921275324192237
0.10945;0.9919441941283769
0.109505;0.9917582460740785
0.10956;0.9915696639778543
0.109615;0.9913784230233184
0.10967;0.9911844978442769
0.109725;0.9909878625126858
0.10978;0.9907884905264728
0.109835;0.9905863547972865
0.10989;0.9903814276381178
0.109945;0.9901736807508623
0.11;0.9899630852138342
0.110055;0.9897496114692781
0.11011;0.9895332293108662
0.110165;0.989313907871259
0.11022;0.9890916156097934
0.110275;0.9888663203002761
0.11033;0.9886379890190203
0.110385;0.9884065881331766
0.11044000000000001;0.9881720832893858
0.11049500000000001;0.9879344394029751
0.11055000000000001;0.9876936206476912
0.11060500000000001;0.9874495904461302
0.11066000000000001;0.9872023114611043
0.11071500000000001;0.986951745588019
0.11077000000000001;0.9866978539485645
0.110825;0.9864405968858843
0.11088;0.9861799339615778
0.110935;0.9859158239550068
0.11099;0.985648224864625
0.111045;0.9853770939138153
0.1111;0.9851023875581302
0.111155;0.9848240614989633
0.11121;0.9845420707012615
0.111265;0.9842563694175792
0.11132;0.9839669112195902
0.111375;0.9836736490380243
0.11143;0.9833765352131733
0.111485;0.9830755215578159
0.11154;0.9827705594349138
0.111595;0.9824615998533853
0.11165;0.9821485935853848
0.111705;0.9818314913098524
0.11176;0.9815102437877744
0.111815;0.9811848020762048
0.11187;0.9808551177897457
0.11192500000000001;0.9805211434202877
0.11198000000000001;0.9801828327287847
0.11203500000000001;0.9798401412264257
0.11209000000000001;0.9794930267673916
0.11214500000000001;0.9791414502816567
0.11220000000000001;0.978785376684745
0.11225500000000001;0.9784247760124009
0.11231000000000001;0.9780596248432549
0.112365;0.9776899080930525
0.11242;0.9773156212920542
0.112475;0.9769367734962574
0.11253;0.9765533910378479
0.112585;0.9761655223978849
0.11264;0.9757732445960597
0.112695;0.9753766716551929
0.11275;0.9749759659391314
0.112805;0.9745713535251485
0.11286;0.9741631453264006
0.112915;0.9737517665446597
0.11297;0.9733377984104266
0.113025;0.9729220384108477
0.11308;0.9725055889547198
0.113135;0.9720899908684753
0.11319;0.9716774295506376
0.113245;0.9712710626341674
0.1133;0.9708755582528416
0.113355;0.9704980137288879
0.11341000000000001;0.9701495953700942
0.11346500000000001;0.9698486254615789
0.11352000000000001;0.9696267802980443
0.11357500000000001;0.9695425661143214
0.11363000000000001;0.9697137413307565
0.11368500000000001;0.9704064803511167
0.11374000000000001;0.9723307516591003
0.11379500000000001;0.977936986420188
0.11385;1.0007431633426804
0.113905;1.2853330459441683
0.11396;1.126860040335446
0.114015;0.9910827702112044
0.11407;0.9737307939359615
0.114125;0.9680759693778931
0.11418;0.9652990089440009
0.114235;0.9635559399791657
0.11429;0.9622703346042143
0.114345;0.9612150515136187
0.1144;0.9602858037048679
0.114455;0.9594291693737943
0.11451;0.958615414110875
0.114565;0.957826863020204
0.11462;0.9570524262402108
0.114675;0.9562848185896456
0.11473;0.9555190577051214
0.114785;0.9547516101578859
0.11484;0.9539798845127111
0.11489500000000001;0.9532019189901658
0.11495000000000001;0.9524161827323699
0.11500500000000001;0.951621445728325
0.11506000000000001;0.9508166915177996
0.11511500000000001;0.9500010572751454
0.11517000000000001;0.9491737918423387
0.11522500000000001;0.9483342257837393
0.11528000000000001;0.9474817496497979
0.11533500000000001;0.9466157979446743
0.11539;0.9457358371203648
0.115445;0.9448413564545329
0.1155;0.9439318610205158
0.115555;0.943006866193459
0.11561;0.9420658932965412
0.115665;0.941108466101325
0.11572;0.9401341079735394
0.115775;0.9391423395112359
0.11583;0.9381326765585268
0.115885;0.9371046285108251
0.11594;0.9360576968436638
0.115995;0.9349913738159262
0.11605;0.9339051413079564
0.116105;0.9327984697639322
0.11616;0.9316708172148553
0.116215;0.9305216283627656
0.11627;0.9293503337111251
0.116325;0.9281563487289606
0.11638;0.9269390730388103
0.11643500000000001;0.9256978896201796
0.11649000000000001;0.9244321640217498
0.11654500000000001;0.9231412435765378
0.11660000000000001;0.9218244566152879
0.11665500000000001;0.9204811116738727
0.11671000000000001;0.9191104966911757
0.11676500000000001;0.9177118781944051
0.11682000000000001;0.9162845004690097
0.116875;0.9148275847108089
0.11693;0.9133403281581435
0.116985;0.9118219032019895
0.11704;0.9102714564722841
0.117095;0.9086881078986734
0.11715;0.9070709497441498
0.117205;0.9054190456100826
0.11726;0.9037314294112345
0.117315;0.9020071043193909
0.11737;0.9002450416744654
0.117425;0.898444179861748
0.11748;0.8966034231542054
0.117535;0.8947216405189455
0.11759;0.8927976643865461
0.117645;0.8908302893825715
0.1177;0.8888182710203774
0.117755;0.8867603243543994
0.11781;0.8846551225933417
0.117865;0.8825012956726779
0.11792000000000001;0.8802974287861076
0.11797500000000001;0.8780420608756233
0.11803000000000001;0.8757336830801645
0.11808500000000001;0.8733707371428752
0.11814000000000001;0.870951613777252
0.11819500000000001;0.8684746509927939
0.11825000000000001;0.8659381323808075
0.11830500000000001;0.8633402853615813
0.11836;0.8606792793943153
0.118415;0.8579532241516451
0.11847;0.8551601676609865
0.118525;0.8522980944155263
0.11858;0.849364923458027
0.118635;0.8463585064415102
0.11869;0.8432766256712139
0.118745;0.8401169921333922
0.1188;0.8368772435169242
0.118855;0.8335549422351052
0.11891;0.8301475734556607
0.118965;0.8266525431484487
0.11902;0.823067176161452
0.119075;0.8193887143372671
0.11913;0.8156143146836264
0.119185;0.8117410476136336
0.11924;0.8077658952728197
0.119295;0.8036857499727978
0.11935;0.7994974127532288
0.11940500000000001;0.7951975920965731
0.11946000000000001;0.7907829028229092
0.11951500000000001;0.7862498651951725
0.11957000000000001;0.7815949042685661
0.11962500000000001;0.776814349521518
0.11968000000000001;0.7719044348096694
0.11973500000000001;0.7668612986887879
0.11979000000000001;0.761680985156917
0.11984500000000001;0.7563594448717099
0.1199;0.7508925369038953
0.119955;0.745276031094133
0.12001;0.7395056110867899
0.120065;0.7335768781207688
0.12012;0.7274853556652605
0.120175;0.7212264949954245
0.12023;0.7147956818114523
0.120285;0.7081882440130698
0.12034;0.7013994607500577
0.120395;0.6944245728788878
0.12045;0.6872587949649055
0.120505;0.679897328978978
0.12056;0.6723353798473937
0.120615;0.6645681730230183
0.12067;0.6565909742551196
0.120725;0.6483991117438302
0.12078;0.6399880008731945
0.120835;0.6313531717235868
0.12089;0.6224902995691518
0.12094500000000001;0.6133952385699574
0.12100000000000001;0.6040640588687844
0.12105500000000001;0.5944930873006842
0.12111000000000001;0.584678951917692
0.12116500000000001;0.5746186305203479
0.12122000000000001;0.5643095033726843
0.12127500000000001;0.5537494102551302
0.12133000000000001;0.5429367119810677
0.121385;0.5318703564654556
0.12144;0.5205499493874342
0.121495;0.5089758294315733
0.12155;0.4971491480240579
0.121605;0.4850719533977076
0.12166;0.47274727872568545
0.121715;0.4601792339521299
0.12177;0.44737310082376225
0.121825;0.43433543048483764
0.12188;0.4210741428410308
0.121935;0.40759862672626057
0.12199;0.39391983972076106
0.122045;0.3800504062714053
0.1221;0.36600471255914224
0.122155;0.3517989963473644
0.12221;0.33745142983485166
0.122265;0.32298219333248446
0.12232;0.3084135373941428
0.122375;0.2937698308657701
0.12243000000000001;0.2790775921844996
0.12248500000000001;0.26436550117198265
0.12254000000000001;0.24966438853461395
0.12259500000000001;0.2350072003221378
0.12265000000000001;0.22042893471372058
0.12270500000000001;0.20596654871206943
0.12276000000000001;0.19165883263862846
0.12281500000000001;0.17754625074395908
0.12287000000000001;0.16367074678111582
0.122925;0.150075514035508
0.12298;0.13680473005624905
0.123035;0.1239032571808363
0.12309;0.11141631086715666
0.123145;0.09938909882305652
0.1232;0.08786643492111974
0.123255;0.07689233286967437
0.12331;0.06650958554187891
0.123365;0.05675933669703033
0.12342;0.04768065252409086
0.123475;0.03931010095046117
0.12353;0.03168134695808679
0.123585;0.02482477220181606
0.12364;0.01876712701455247
0.123695;0.01353122240210333
0.12375;0.00913566888311164
0.123805;0.005594668035175997
0.12386;0.002917861399743239
0.12391500000000001;0.0011102400176927138
0.12397000000000001;0.00017211636903139416
0.12402500000000001;9.915893201628738e-05
0.12408000000000001;0.000882488022029795
0.12413500000000001;0.0025088300802085235
0.12419000000000001;0.004960726213502321
0.12424500000000001;0.008216789591746081
0.12430000000000001;0.012252005323403531
0.12435500000000001;0.01703806568837928
0.12441;0.022543733118928284
0.124465;0.0287352230912013
0.12452;0.035576599111111946
0.124575;0.043030172228583394
0.12463;0.051056897966748255
0.124685;0.05961676417069469
0.12474;0.06866916402863368
0.124795;0.07817324935385674
0.12485;0.08808826010301501
0.124905;0.09837382700703591
0.12496;0.10899024507417895
0.12501500000000002;0.1198987165632606
0.12507000000000001;0.13106156279838668
0.12512500000000001;0.14244240488649818
0.12518;0.15400631400006923
0.125235;0.16571993238836935
0.12529;0.1775515666871052
0.125345;0.1894712554059205
0.1254;0.201450812695814
0.125455;0.21346385063939424
0.12551;0.22548578237583156
0.125565;0.237493808381709
0.12562;0.24946688818452115
0.125675;0.2613856997016231
0.12573;0.2732325882808557
0.125785;0.28499150737883655
0.12584;0.2966479526583223
0.125895;0.30818889111994663
0.12595;0.3196026867170413
0.126005;0.33087902373386985
0.12606;0.3420088290460187
0.126115;0.35298419422661703
0.12617;0.3637982983160237
0.126225;0.37444533193854956
0.12628;0.3849204233267201
0.126335;0.39521956670188485
0.12639;0.40533955336127625
0.126445;0.41527790573397927
0.1265;0.42503281459152836
0.126555;0.43460307953327987
0.12661;0.44398805280956744
0.126665;0.4531875864989897
0.12672;0.4622019830161285
0.126775;0.47103194889361966
0.12683;0.4796785517567626
0.126885;0.4881431803883447
0.12694;0.4964275077656401
0.126995;0.50453345694049
0.12705;0.5124631696251374
0.127105;0.5202189773421485
0.12716;0.5278033749941603
0.127215;0.5352189967092879
0.12727;0.542468593819279
0.127325;0.5495550148304372
0.12738;0.5564811872516858
0.127435;0.5632501011480977
0.12749;0.5698647942944793
0.127545;0.5763283388086133
0.1276;0.5826438291503524
0.127655;0.5888143713787528
0.12771000000000002;0.5948430735654758
0.12776500000000002;0.6007330372693042
0.12782000000000002;0.6064873499824972
0.12787500000000002;0.6121090784653612
0.12793000000000002;0.6176012628919055
0.12798500000000002;0.6229669117337424
0.12804000000000001;0.628208997316714
0.12809500000000001;0.6333304519865178
0.12815000000000001;0.6383341648280845
0.128205;0.6432229788849516
0.12826;0.6479996888305701
0.128315;0.6526670390470033
0.12837;0.657227722070179
0.128425;0.6616843773642057
0.12848;0.6660395903906754
0.128535;0.6702958919414421
0.12859;0.6744557577065905
0.128645;0.6785216080513629
0.1287;0.6824958079784061
0.128755;0.686380667253903
0.12881;0.6901784406778846
0.128865;0.6938913284811019
0.12892;0.6975214768322857
0.128975;0.7010709784413282
0.12903;0.7045418732452452
0.129085;0.7079361491650221
0.12914;0.7112557429227103
0.129195;0.7145025409091342
0.12925;0.7176783800936049
0.129305;0.7207850489678932
0.12936;0.7238242885174986
0.129415;0.726797793214067
0.12947;0.7297072120234704
0.129525;0.73255414942447
0.12958;0.7353401664338903
0.129635;0.7380667816340891
0.12969;0.7407354721997003
0.129745;0.7433476749203226
0.1298;0.7459047872167555
0.129855;0.748408168148354
0.12991;0.7508591394096836
0.129965;0.7532589863145253
0.13002;0.7556089587660456
0.130075;0.7579102722115736
0.13013;0.7601641085812834
0.130185;0.7623716172095987
0.13024;0.7645339157387354
0.130295;0.7666520910039627
0.13035;0.7687271998997972
0.130405;0.7707602702271318
0.13046;0.7727523015208787
0.130515;0.7747042658580222
0.13057;0.7766171086461027
0.130625;0.7784917493919736
0.13068000000000002;0.7803290824510367
0.13073500000000002;0.7821299777570594
0.13079000000000002;0.7838952815326582
0.13084500000000002;0.7856258169807377
0.13090000000000002;0.7873223849570778
0.13095500000000002;0.7889857646243642
0.13101000000000002;0.7906167140879554
0.13106500000000001;0.7922159710136749
0.13112000000000001;0.7937842532280311
0.131175;0.7953222593010927
0.13123;0.7968306691125201
0.131285;0.7983101444010305
0.13134;0.7997613292976918
0.131395;0.8011848508434333
0.13145;0.802581319491155
0.131505;0.8039513295928334
0.13156;0.8052954598719553
0.131615;0.8066142738817363
0.13167;0.8079083204494554
0.131725;0.809178134107278
0.13178;0.8104242355100086
0.131835;0.811647131840012
0.13189;0.8128473171998156
0.131945;0.8140252729926657
0.132;0.8151814682913444
0.132055;0.8163163601957417
0.13211;0.8174303941793357
0.132165;0.8185240044250696
0.13222;0.8195976141508438
0.132275;0.8206516359249828
0.13233;0.8216864719719783
0.132385;0.8227025144687992
0.13244;0.8237001458320902
0.132495;0.8246797389964852
0.13255;0.8256416576843709
0.132605;0.8265862566673575
0.13266;0.8275138820196802
0.132715;0.8284248713638392
0.13277;0.8293195541086856
0.132825;0.8301982516802244
0.13288;0.8310612777453296
0.132935;0.8319089384286401
0.13299;0.8327415325228323
0.133045;0.8335593516924852
0.1331;0.8343626806717221
0.133155;0.8351517974558986
0.13321;0.8359269734874345
0.133265;0.8366884738360556
0.13332;0.8374365573736067
0.133375;0.8381714769435543
0.13343;0.838893479525452
0.133485;0.8396028063944595
0.13354;0.8402996932760851
0.133595;0.8409843704963349
0.13365;0.8416570631273828
0.13370500000000002;0.8423179911289322
0.13376000000000002;0.8429673694854242
0.13381500000000002;0.8436054083391358
0.13387000000000002;0.8442323131194637
0.13392500000000002;0.8448482846683626
0.13398000000000002;0.8454535193620513
0.13403500000000002;0.8460482092294861
0.13409000000000001;0.8466325420669076
0.13414500000000001;0.8472067015495667
0.1342;0.8477708673399219
0.134255;0.8483252151928887
0.13431;0.8488699170580354
0.134365;0.8494051411788612
0.13442;0.8499310521893298
0.134475;0.8504478112076065
0.13453;0.8509555759272367
0.134585;0.8514545007057154
0.13464;0.8519447366506809
0.134695;0.852426431703636
0.13475;0.8528997307214483
0.134805;0.8533647755555764
0.13486;0.8538217051291649
0.134915;0.8542706555120505
0.13497;0.854711759993771
0.135025;0.8551451491546108
0.13508;0.8555709509347635
0.135135;0.8559892907017058
0.13519;0.8564002913157851
0.135245;0.8568040731941198
0.1353;0.8572007543728626
0.135355;0.8575904505678726
0.13541;0.8579732752338702
0.135465;0.8583493396220974
0.13552;0.8587187528365594
0.135575;0.8590816218889036
0.13563;0.8594380517519438
0.135685;0.8597881454119197
0.13574;0.8601320039195406
0.135795;0.8604697264397986
0.13585;0.8608014103006759
0.135905;0.8611271510407158
0.13596;0.8614470424555686
0.136015;0.8617611766434867
0.13607;0.8620696440498711
0.136125;0.8623725335108323
0.13618;0.8626699322959116
0.136235;0.8629619261498875
0.13629;0.8632485993337696
0.136345;0.863530034665027
0.1364;0.8638063135570354
0.136455;0.8640775160577966
0.13651;0.8643437208880277
0.136565;0.8646050054785375
0.13662;0.8648614460070361
0.13667500000000002;0.8651131174343444
0.13673000000000002;0.8653600935400538
0.13678500000000002;0.8656024469576831
0.13684000000000002;0.8658402492093642
0.13689500000000002;0.8660735707400589
0.13695000000000002;0.8663024809513737
0.13700500000000002;0.8665270482350174
0.13706000000000002;0.8667473400058613
0.13711500000000001;0.8669634227347534
0.13717000000000001;0.8671753619809912
0.137225;0.8673832224246008
0.13728;0.8675870678983727
0.137335;0.8677869614197328
0.13739;0.8679829652224776
0.137445;0.8681751407884174
0.1375;0.8683635488789024
0.137555;0.8685482495663848
0.13761;0.8687293022659346
0.137665;0.8689067657668363
0.13772;0.8690806982642383
0.137775;0.8692511573909648
0.13783;0.8694182002494669
0.137885;0.8695818834439886
0.13794;0.869742263113008
0.137995;0.8698993949619518
0.13805;0.870053334296278
0.138105;0.870204136054942
0.13816;0.8703518548443292
0.138215;0.8704965449726834
0.13827;0.8706382604850265
0.138325;0.8707770551989273
0.13838;0.8709129827404706
0.138435;0.8710460965815634
0.13849;0.8711764500775734
0.138545;0.8713040965060439
0.1386;0.8714290891063229
0.138655;0.8715514811201951
0.13871;0.8716713258336067
0.138765;0.8717886766195851
0.13882;0.8719035869824145
0.138875;0.872016110603185
0.13893;0.8721263013867774
0.138985;0.8722342135104116
0.13904;0.8723399014738753
0.139095;0.8724434201515255
0.13915;0.8725448248461732
0.139205;0.8726441713450185
0.13926;0.8727415159777437
0.139315;0.8728369156768937
0.13937;0.872930428040754
0.139425;0.8730221113987874
0.13948;0.8731120248799096
0.139535;0.8732002284837075
0.13959;0.8732867831548213
0.139645;0.8733717508606916
0.13970000000000002;0.8734551946728891
0.13975500000000002;0.8735371788522494
0.13981000000000002;0.8736177689380755
0.13986500000000002;0.8736970318416418
0.13992000000000002;0.8737750359443031
0.13997500000000002;0.873851851200509
0.14003000000000002;0.8739275492460151
0.14008500000000002;0.8740022035116306
0.14014000000000001;0.8740758893429033
0.14019500000000001;0.8741486841260783
0.14025;0.8742206674207582
0.140305;0.8742919210997226
0.14036;0.8743625294963544
0.140415;0.8744325795601642
0.14047;0.8745021610210103
0.140525;0.874571366562499
0.14058;0.8746402920052803
0.140635;0.8747090365008013
0.14069;0.8747777027362986
0.140745;0.8748463971517695
0.1408;0.8749152301697016
0.140855;0.8749843164384706
0.14091;0.8750537750903222
0.140965;0.875123730014915
0.14102;0.8751943101495733
0.141075;0.8752656497872765
0.14113;0.8753378889037283
0.141185;0.8754111735047263
0.14124;0.875485655995286
0.141295;0.8755614955719545
0.14135;0.8756388586399211
0.141405;0.8757179192564816
0.14146;0.8757988596026269
0.141515;0.8758818704843387
0.14157;0.8759671518652602
0.141625;0.8760549134319987
0.14168;0.8761453751929448
0.141735;0.8762387681100261
0.14179;0.8763353347604524
0.141845;0.876435330019535
0.1419;0.8765390217417873
0.141955;0.8766466913800218
0.14201;0.8767586343631745
0.142065;0.8768751595644696
0.14212;0.876996583939295
0.142175;0.8788025336193532
0.14223;0.8790685480770098
0.142285;0.879286257105648
0.14234;0.8794932311848969
0.142395;0.8796970454219321
0.14245;0.8799009403371295
0.142505;0.8801067345544492
0.14256;0.8803156273563866
0.142615;0.880528503061871
0.14267;0.8807460697563869
0.14272500000000002;0.8809689308046663
0.14278000000000002;0.8811976251817811
0.14283500000000002;0.8814326518638886
0.14289000000000002;0.8816744854447732
0.14294500000000002;0.8819235866331017
0.14300000000000002;0.8821804096202874
0.14305500000000002;0.8824454074610871
0.14311000000000001;0.8827190361527598
0.14316500000000001;0.8830017578401379
0.14322000000000001;0.8832940434222166
0.143275;0.8835963747429694
0.14333;0.8839092464907357
0.143385;0.8842331678929646
0.14344;0.8845686642679662
0.143495;0.8849162784787069
0.14355;0.885276572321762
0.143605;0.8856501278767432
0.14366;0.8860375488354089
0.143715;0.8864394618257362
0.14377;0.8868565177430247
0.143825;0.8872893930978668
0.14388;0.8877387913891409
0.143935;0.8882054445088896
0.14399;0.8886901141848922
0.144045;0.8891935934660079
0.1441;0.8897167082547053
0.144155;0.8902603188906182
0.14421;0.8908253217886596
0.144265;0.8914126511346104
0.14432;0.8920232806409368
0.144375;0.8926582253650199
0.14443;0.8933185435917743
0.144485;0.894005338782103
0.14454;0.8947197615882545
0.144595;0.895463011936656
0.14465;0.8962363411781987
0.144705;0.897041054305371
0.14476;0.897878512234841
0.144815;0.8987501341532673
0.14487;0.8996573999231505
0.144925;0.9006018525443488
0.14498;0.9015851006655815
0.145035;0.9026088211387253
0.14509;0.9036747616068811
0.145145;0.9047847431152353
0.1452;0.9059406627312055
0.145255;0.9071444961578045
0.14531;0.9083983003209091
0.145365;0.9097042159074663
0.14542;0.9110644698276089
0.145475;0.9124813775687214
0.14553;0.9139573454041202
0.145585;0.9154948724126428
0.14564;0.9170965522582433
0.14569500000000002;0.9187650746703183
0.14575000000000002;0.9205032265562074
0.14580500000000002;0.9223138926662849
0.14586000000000002;0.9242000557198203
0.14591500000000002;0.9261647958854766
0.14597000000000002;0.928211289494377
0.14602500000000002;0.9303428068450398
0.14608000000000002;0.9325627089385256
0.14613500000000001;0.9348744429580935
0.14619000000000001;0.9372815362803453
0.146245;0.939787588773531
0.1463;0.9423962631031749
0.146355;0.9451112727244945
0.14641;0.9479363671948762
0.146465;0.9508753143868715
0.14652;0.9539318791218436
0.146575;0.9571097976758074
0.14663;0.9604127475301608
0.146685;0.9638443116506035
0.14674;0.9674079364741628
0.146795;0.9711068826668526
0.14685;0.974944167578748
0.146905;0.9789224981674436
0.14696;0.9830441929811307
0.147015;0.9873110915839899
0.14707;0.9917244495649278
0.147125;0.9962848169883236
0.14718;1.0009918978148153
0.147235;1.005844387430406
0.14729;1.010839784960951
0.147345;1.0159741764988726
0.1474;1.0212419847091874
0.147455;1.0266356794849905
0.14751;1.0321454433539312
0.147565;1.037758784150681
0.14762;1.0434600860091492
0.147675;1.0492300879162324
0.14773;1.0550452768103824
0.147785;1.0608771793823923
0.14784;1.066691533185795
0.147895;1.0724473132025876
0.14795;1.0780955844052391
0.148005;1.0835781438447372
0.14806;1.0888259071012445
0.148115;1.0937569833200396
0.14817;1.0982743704496782
0.148225;1.1022631880379747
0.14828;1.1055873502911036
0.148335;1.1080855702575476
0.14839;1.1095665840607787
0.148445;1.1098035069046817
0.1485;1.108527310090194
0.148555;1.1054195999202494
0.14861;1.100105301322743
0.148665;1.0921467258740922
0.14872000000000002;1.081042263251876
0.14877500000000002;1.0662363710385308
0.14883000000000002;1.0471540570771916
0.14888500000000002;1.023284911124833
0.14894000000000002;0.994361772936948
0.14899500000000002;0.9607079569192075
0.14905000000000002;0.923852264991388
0.14910500000000002;0.8874778483787304
0.14916000000000001;0.8585316985862401
0.14921500000000001;0.8476600212967784
0.14927;0.8672186222117706
0.149325;0.9255270096621853
0.14938;1.0200048263433832
0.149435;1.1361192562188265
0.14949;1.2548084025019537
0.149545;1.3614826210244377
0.1496;1.4494573447814532
0.149655;1.5181953795935468
0.14971;1.5702016559232201
0.149765;1.6088058347260328
0.14982;1.6370949830676804
0.149875;1.6575707685439118
0.14993;1.6721383219020785
0.149985;1.6822073801771922
0.15004;1.6888100001768178
0.150095;1.6927017692079958
0.15015;1.694439725520557
0.150205;1.6944393763768058
0.15026;1.6930154008803602
0.150315;1.6904103721337658
0.15037;1.6868149365436589
0.150425;1.6823819862510319
0.15048;1.6772366323591925
0.150535;1.6714832466825167
0.15059;1.6652104550656839
0.150645;1.6584946964269016
0.1507;1.651402775226098
0.150755;1.6439937060182823
0.15081;1.6363200593018674
0.150865;1.6284289556443143
0.15092;1.6203628115852984
0.150975;1.6121599102929314
0.15103;1.6038548484291428
0.151085;1.595478895457064
0.15114;1.5870602908270475
0.151195;1.578624496815955
0.15125;1.570194419357557
0.151305;1.5617906053555313
0.15136;1.5534314222603278
0.151415;1.5451332237967843
0.15147;1.5369105044163862
0.151525;1.5287760441530467
0.15158;1.5207410449606444
0.151635;1.5128152592191244
0.15169000000000002;1.5050071108500098
0.15174500000000002;1.4973238093359047
0.15180000000000002;1.4897714568592195
0.15185500000000002;1.4823551487411717
0.15191000000000002;1.4750790673533003
0.15196500000000002;1.4679465696834255
0.15202000000000002;1.460960268753339
0.15207500000000002;1.4541221091055487
0.15213000000000002;1.4474334365954868
0.15218500000000001;1.4408950627418122
0.15224000000000001;1.4345073239009136
0.152295;1.42827013554089
0.15235;1.4221830418953854
0.152405;1.4162452612794807
0.15246;1.4104557273476157
0.152515;1.404813126569239
0.15257;1.3993159321905073
0.152625;1.3939624349412478
0.15268;1.3887507707362774
0.152735;1.383678945607851
0.15279;1.3787448580942907
0.152845;1.3739463192967638
0.1529;1.369281070803047
0.152955;1.3647468006645447
0.15301;1.3603411575996538
0.153065;1.3560617635844574
0.15312;1.3519062249796896
0.153175;1.3478721423312592
0.15323;1.3439571189709503
0.153285;1.3401587685334815
0.15334;1.3364747214963937
0.153395;1.332902630840231
0.15345;1.3294401769178388
0.153505;1.3260850716140251
0.15356;1.3228350618691966
0.153615;1.3196879326340007
0.15367;1.316641509315894
0.153725;1.3136936597725801
0.15378;1.3108422959023371
0.153835;1.3080853748761094
0.15389;1.3054209000521515
0.153945;1.3028469216098792
0.154;1.3003615369358703
0.154055;1.2979628907917509
0.15411;1.2956491752906492
0.154165;1.293418629706123
0.15422;1.2912695401350105
0.154275;1.289200239033402
0.15433;1.2872091046428535
0.154385;1.285294560322261
0.15444;1.2834550737988695
0.154495;1.2816891563507664
0.15455;1.279995361931435
0.154605;1.2783722862461142
0.15466;1.2768185657884086
0.15471500000000002;1.2753328768444667
0.15477000000000002;1.2739139344715456
0.15482500000000002;1.2725604914566604
0.15488000000000002;1.2712713372603244
0.15493500000000002;1.270045296949944
0.15499000000000002;1.2688812301266812
0.15504500000000002;1.2677780298490948
0.15510000000000002;1.2667346215565052
0.15515500000000002;1.2657499619945596
0.15521000000000001;1.2648230381450338
0.15526500000000001;1.263952866161781
0.15532;1.2631384903142218
0.155375;1.2623789819396816
0.15543;1.2616734384055603
0.155485;1.2610209820821239
0.15554;1.2604207593266525
0.155595;1.2598719394792988
0.15565;1.259373713871062
0.155705;1.2589252948441616
0.15576;1.2585259147848122
0.155815;1.2581748251685128
0.15587;1.2578712956178353
0.155925;1.2576146129724886
0.15598;1.2574040803716013
0.156035;1.2572390163480183
0.15609;1.257118753934275
0.156145;1.2570426397800438
0.1562;1.2570100332807794
0.156255;1.25702030571717
0.15631;1.257072839405142
0.156365;1.2571670268560486
0.15642;1.2573022699467344
0.156475;1.257477979099142
0.15653;1.257693572469141
0.156585;1.257948475144243
0.15664;1.2582421183499837
0.156695;1.258573938664588
0.15675;1.2589433772417407
0.156805;1.2593498790411835
0.15686;1.259792892066953
0.156915;1.260271866613045
0.15697;1.2607862545163389
0.157025;1.2613355084167093
0.15708;1.2619190810241423
0.157135;1.2625364243928712
0.15719;1.2631869892024568
0.157245;1.2638702240458333
0.1573;1.2645855747243415
0.157355;1.2653324835498871
0.15741;1.2661103886542715
0.157465;1.2669187233059231
0.15752;1.2677569152342076
0.157575;1.2686243859615627
0.15763;1.2695205501437137
0.157685;1.2704448149184258
0.15774000000000002;1.2713965792630075
0.15779500000000002;1.2723752333611218
0.15785000000000002;1.2733801579792823
0.15790500000000002;1.2744107238536322
0.15796000000000002;1.2754662910875012
0.15801500000000002;1.2765462085603898
0.15807000000000002;1.2776498133489804
0.15812500000000002;1.278776430160942
0.15818000000000002;1.279925370782256
0.15823500000000001;1.2810959335387553
0.15829000000000001;1.2822874027728393
0.158345;1.2834990483361908
0.1584;1.2847301250993632
0.158455;1.2859798724792557
0.15851;1.2872475139854194
0.158565;1.2885322567862805
0.15862;1.289833291296297
0.158675;1.2911497907851777
0.15873;1.2924809110102884
0.158785;1.2938257898733858
0.15884;1.2951835471029143
0.158895;1.2965532839629856
0.15895;1.297934082990375
0.159005;1.2993250077606695
0.15906;1.3007251026849747
0.159115;1.3021333928381724
0.15917;1.303548883820347
0.159225;1.3049705616523481
0.15928;1.306397392706941
0.159335;1.3078283236766446
0.15939;1.309262281579639
0.159445;1.310698173804874
0.1595;1.3121348881975454
0.159555;1.3135712931861443
0.15961;1.3150062379522167
0.159665;1.316438552643846
0.15972;1.3178670486338817
0.159775;1.319290518823998
0.15983;1.3207077379952934
0.159885;1.3221174632064527
0.15994;1.3235184342401851
0.159995;1.3249093740984692
0.16005;1.3262889895474523
0.160105;1.327655971712334
0.16016;1.3290089967226137
0.160215;1.330346726408156
0.16027;1.331667809046079
0.160325;1.3329708801586158
0.16038;1.3342545633619671
0.160435;1.3355174712657534
0.16049;1.336758206422975
0.160545;1.3379753623299189
0.1606;1.3391675244753996
0.160655;1.3403332714386498
0.16071000000000002;1.3414711760350613
0.16076500000000002;1.3425798065085417
0.16082000000000002;1.3436577277694912
0.16087500000000002;1.3447035026770995
0.16093000000000002;1.3457156933643208
0.16098500000000002;1.3466928626040158
0.16104000000000002;1.3476335752145678
0.16109500000000002;1.3485363995029023
0.16115000000000002;1.349399908742923
0.16120500000000001;1.3502226826871573
0.16126000000000001;1.3510033091093439
0.16131500000000001;1.3517403853753713
0.16137;1.3524325200400176
0.161425;1.353078334466818
0.16148;1.3536764644682515
0.161535;1.3542255619631118
0.16159;1.3547242966483626
0.161645;1.3551713576820084
0.1617;1.3555654553740328
0.161755;1.3559053228820204
0.16181;1.3561897179080804
0.161865;1.35641742439385
0.16192;1.3565872542099866
0.161975;1.3566980488368148
0.16203;1.3567486810326064
0.162085;1.3567380564860565
0.16214;1.3566651154495162
0.162195;1.3565288343495034
0.16225;1.3563282273711268
0.162305;1.3560623480130418
0.16236;1.3557302906097486
0.162415;1.3553311918177402
0.16247;1.3548642320627116
0.162525;1.35432863694446
0.16258;1.3537236785966857
0.162635;1.353048676998845
0.16269;1.352303001237226
0.162745;1.3514860707127425
0.1628;1.3505973562929747
0.162855;1.3496363814061019
0.16291;1.3486027230746132
0.162965;1.347496012886677
0.16302;1.346315937903555
0.163075;1.3450622415010307
0.16313;1.3437347241436706
0.163185;1.3423332440904125
0.16324;1.3408577180302221
0.163295;1.3393081216470548
0.16335;1.3376844901130478
0.163405;1.3359869185094826
0.16346;1.3342155621748322
0.163515;1.3323706369797592
0.16357;1.3304524195287517
0.163625;1.3284612472885169
0.16368;1.3263975186431036
0.16373500000000002;1.3242616928762823
0.16379000000000002;1.3220542900813943
0.16384500000000002;1.3197758909994133
0.16390000000000002;1.3174271367857748
0.16395500000000002;1.3150087287069459
0.16401000000000002;1.3125214277674828
0.16406500000000002;1.309966054268805
0.16412000000000002;1.3073434873006917
0.16417500000000002;1.30465466416673
0.16423000000000001;1.3019005797450933
0.16428500000000001;1.2990822857859854
0.16434;1.2962008901471371
0.164395;1.293257555968995
0.16445;1.2902535007909288
0.164505;1.2871899956103225
0.16456;1.2840683638859356
0.164615;1.2808899804872864
0.16467;1.277656270591794
0.164725;1.274368708531212
0.16478;1.2710288165892158
0.164835;1.267638163751748
0.16489;1.26419836441185
0.164945;1.2607110770307468
