1e-20;1.396508508321394e-21
3.000000000000001e-05;1.4687971970222191e-21
6.000000000000001e-05;1.5449384558166237e-21
9.000000000000002e-05;1.6251436170674996e-21
0.00012000000000000002;1.7096359397744076e-21
0.00015000000000000001;1.798651301568391e-21
0.00018;1.8924389319320796e-21
0.00021;1.9912621891795683e-21
0.00024;2.0953993838624752e-21
0.00027;2.2051446514548224e-21
0.00030000000000000003;2.320808877333956e-21
0.00033;2.442720677270339e-21
0.00036;2.5712274368448855e-21
0.00039;2.7066964134173995e-21
0.00042;2.8495159045074786e-21
0.00045;3.0000964866852952e-21
0.00048;3.15887232932981e-21
0.00051;3.326302587894452e-21
0.00054;3.502872881601299e-21
0.00057;3.6890968608028665e-21
0.0006000000000000001;3.885517869586016e-21
0.00063;4.09271070953079e-21
0.00066;4.311283510941898e-21
0.00069;4.541879718224327e-21
0.00072;4.785180196555543e-21
0.00075;5.041905467404682e-21
0.00078;5.312818080982069e-21
0.0008100000000000001;5.5987251341748236e-21
0.00084;5.900480943085196e-21
0.00087;6.21898987988671e-21
0.0009;6.555209384298251e-21
0.00093;6.910153160667045e-21
0.00096;7.284894572323365e-21
0.00099;7.680570245647228e-21
0.00102;8.098383897030978e-21
0.00105;8.539610396857418e-21
0.00108;9.005600085380464e-21
0.00111;9.497783356482698e-21
0.00114;1.0017675526212952e-20
0.00117;1.0566882004133469e-20
0.0012000000000000001;1.1147103786646511e-20
0.00123;1.1760143292666753e-20
0.00126;1.2407910563389503e-20
0.0012900000000000001;1.3092429849175572e-20
0.00132;1.3815846608164303e-20
0.00135;1.4580434942712925e-20
0.00138;1.5388605501429677e-20
0.00141;1.6242913876418664e-20
0.00144;1.7146069527135508e-20
0.00147;1.810094526430529e-20
0.0015;1.9110587329490623e-20
0.0015300000000000001;2.017822610809545e-20
0.00156;2.1307287516056025e-20
0.00159;2.2501405102979705e-20
0.0016200000000000001;2.376443291717322e-20
0.00165;2.5100459180911924e-20
0.00168;2.6513820827219145e-20
0.0017100000000000001;2.800911895292857e-20
0.00174;2.9591235245748944e-20
0.00177;3.12653494471647e-20
0.0018;3.3036957916423985e-20
0.00183;3.4911893365204994e-20
0.00186;3.689634583655123e-20
0.00189;3.899688500649781e-20
0.00192;4.122048389123838e-20
0.0019500000000000001;4.3574544048003865e-20
0.00198;4.606692236301909e-20
0.00201;4.870595952537448e-20
0.00204;5.1500510291802164e-20
0.0020700000000000002;5.445997565306871e-20
0.0021;5.759433701993678e-20
0.00213;6.091419255243521e-20
0.00216;6.44307957642593e-20
0.00219;6.815609654077646e-20
0.00222;7.2102784717552e-20
0.0022500000000000003;7.628433637365914e-20
0.00228;8.07150630029408e-20
0.00231;8.541016373490897e-20
0.00234;9.0385780785595e-20
0.00237;9.565905832849749e-20
0.0024000000000000002;1.0124820498439782e-19
0.00243;1.0717256013893432e-19
0.00246;1.1345266430640326e-19
0.00249;1.2011033376800912e-19
0.00252;1.2716873972231429e-19
0.00255;1.346524921959194e-19
0.0025800000000000003;1.4258772897050297e-19
0.00261;1.5100220979353485e-19
0.00264;1.5992541614579928e-19
0.00267;1.693886568488149e-19
0.0027;1.7942517980090459e-19
0.0027300000000000002;1.9007029013610525e-19
0.00276;2.0136147510475586e-19
0.00279;2.1333853597506003e-19
0.00282;2.2604372725618553e-19
0.00285;2.3952190353777415e-19
0.00288;2.538206742350685e-19
0.0029100000000000003;2.689905665160766e-19
0.00294;2.850851966707323e-19
0.00297;3.021614501570197e-19
0.003;3.202796705318926e-19
0.00303;3.395038574288274e-19
0.0030600000000000002;3.599018736984299e-19
0.00309;3.815456617625909e-19
0.00312;4.0451146915369483e-19
0.00315;4.2888008311795813e-19
0.00318;4.547370740394634e-19
0.00321;4.821730473064129e-19
0.0032400000000000003;5.112839030673015e-19
0.00327;5.421711031222721e-19
0.0033;5.749419439521381e-19
0.00333;6.097098345942208e-19
0.00336;6.465945777343728e-19
0.0033900000000000002;6.85722651969661e-19
0.0034200000000000003;7.27227492710415e-19
0.00345;7.712497686188433e-19
0.00348;8.1793764979118945e-19
0.00351;8.674470630921481e-19
0.00354;9.199419290880964e-19
0.0035700000000000003;9.755943738982509e-19
0.0036;1.0345849079434734e-18
0.00363;1.0971025619845005e-18
0.00366;1.163344968969143e-18
0.00369;1.2335183779601525e-18
0.00372;1.3078375837772574e-18
0.0037500000000000003;1.3865257528178039e-18
0.00378;1.469814121747852e-18
0.00381;1.5579415412551102e-18
0.00384;1.6511538316359562e-18
0.00387;1.749702910491864e-18
0.0039000000000000003;1.8538456449654844e-18
0.00393;1.9638423714425303e-18
0.00396;2.0799550140751464e-18
0.0039900000000000005;2.202444719377057e-18
0.00402;2.3315689067545534e-18
0.00405;2.4675776134293806e-18
0.00408;2.6107089854726832e-18
0.00411;2.7611837332790888e-18
0.0041400000000000005;2.9191983275294458e-18
0.00417;3.084916657814136e-18
0.0042;3.258459806741465e-18
0.00423;3.4398935018909402e-18
0.00426;3.629212688800021e-18
0.00429;3.8263225086028525e-18
0.00432;4.031014747211821e-18
0.00435;4.242938523197929e-18
0.00438;4.461563559001605e-18
0.00441;4.686133771281499e-18
0.00444;4.915608017278971e-18
0.00447;5.148583469723363e-18
0.0045000000000000005;5.3831949564624756e-18
0.00453;5.616980134322248e-18
0.00456;5.846694505824922e-18
0.00459;6.0680498926787994e-18
0.00462;6.275330470553034e-18
0.0046500000000000005;6.4608012659679754e-18
0.00468;6.613738304393882e-18
0.00471;6.718700911753269e-18
0.00474;6.7520800652084074e-18
0.00477;6.673931749542293e-18
0.0048000000000000004;6.4023628252550986e-18
0.00483;5.659390678181271e-18
0.00486;2.347664482656294e-15
0.00489;6.311377211288542e-15
0.00492;1.0887924678133733e-14
0.00495;1.618998982762755e-14
0.00498;2.232551435737053e-14
0.00501;2.941177850471311e-14
0.00504;3.7579540912775634e-14
0.00507;4.69757636017259e-14
0.0051;5.776614484196593e-14
0.00513;7.013778830991823e-14
0.0051600000000000005;8.430214513643581e-14
0.00519;1.0049831375630443e-13
0.00522;1.1899676910887146e-13
0.00525;1.4010359269062974e-13
0.00528;1.6416528077774618e-13
0.0053100000000000005;1.915742173614238e-13
0.00534;2.2277491016847785e-13
0.00537;2.582711024220767e-13
0.0054;2.9863388985869045e-13
0.00543;3.4451099226224926e-13
0.0054600000000000004;3.966373518193014e-13
0.00549;4.558472574616244e-13
0.00552;5.230882256876833e-13
0.00555;5.994369048966351e-13
0.00558;6.861173129379603e-13
0.00561;7.84521767449663e-13
0.00564;8.962349269025093e-13
0.0056700000000000006;1.0230614286147156e-12
0.0057;1.1670576901462907e-12
0.00573;1.330568534577146e-12
0.00576;1.5162694107982597e-12
0.00579;1.7272151101441167e-12
0.0058200000000000005;1.9668960341397215e-12
0.00585;2.239303249247466e-12
0.00588;2.549003778491818e-12
0.00591;2.9012278330887913e-12
0.00594;3.3019699873467308e-12
0.0059700000000000005;3.758106656241788e-12
0.006;4.277532658447758e-12
0.00603;4.869320151496258e-12
0.00606;5.543903826503609e-12
0.00609;6.313296967362554e-12
0.0061200000000000004;7.191343837242144e-12
0.00615;8.1940148834575e-12
0.00618;9.339752485224127e-12
0.00621;1.0649876452377713e-11
0.00624;1.2149060269263258e-11
0.00627;1.3865891233779518e-11
0.0063;1.583353024713036e-11
0.0063300000000000006;1.8090490166249035e-11
0.00636;2.0681555461511476e-11
0.00639;2.365887058079977e-11
0.00642;2.7083230098527494e-11
0.00645;3.102561066202281e-11
0.0064800000000000005;3.55689932347015e-11
0.00651;4.081053454784768e-11
0.00654;4.686415947609005e-11
0.00657;5.386366183336891e-11
0.0066;6.19664205877222e-11
0.0066300000000000005;7.135786265115815e-11
0.00666;8.225683340785197e-11
0.00669;9.49220735131769e-11
0.00672;1.0966004716688094e-10
0.00675;1.268344255169237e-10
0.0067800000000000004;1.4687760227366933e-10
0.00681;1.7030471112951496e-10
0.006840000000000001;1.9773073150924378e-10
0.00687;2.2989141744908334e-10
0.0069;2.676689730518464e-10
0.00693;3.1212363881178786e-10
0.00696;3.645326616958555e-10
0.0069900000000000006;4.264385187341055e-10
0.00702;4.997087762103476e-10
0.00705;5.866106306154594e-10
0.00708;6.899040417597629e-10
0.00711;8.129584980790614e-10
0.0071400000000000005;9.5989993717877e-10
0.00717;1.1357963006419743e-09
0.0072;1.3468927943237015e-09
0.00723;1.600911377751334e-09
0.00726;1.907433628439536e-09
0.0072900000000000005;2.2783923485719376e-09
0.00732;2.728705703724389e-09
0.00735;3.2770991515377134e-09
0.00738;3.947176130810492e-09
0.00741;4.768820148118518e-09
0.00744;5.7800409783144884e-09
0.00747;7.029419749937489e-09
0.007500000000000001;8.579366922952245e-09
0.00753;1.0510491257859847e-08
0.00756;1.2927498236617245e-08
0.00759;1.5967210170073715e-08
0.00762;1.98095534227641e-08
0.0076500000000000005;2.4692730690456675e-08
0.00768;3.093434994653989e-08
0.00771;3.8961113654545657e-08
0.00774;4.935093656750078e-08
0.00777;6.289330685655894e-08
0.0078000000000000005;8.067674063600141e-08
0.00783;1.0421698068224943e-07
0.00786;1.356472991678809e-07
0.00789;1.7800484742365863e-07
0.00792;2.3566790106607813e-07
0.00795;3.150342525671824e-07
0.007980000000000001;4.2559222573347946e-07
0.00801;5.81644102775619e-07
0.00804;8.051382650801488e-07
0.00807;1.130432902970115e-06
0.0081;1.6125193428907122e-06
0.00813;2.3416375060754567e-06
0.00816;3.4701246943331915e-06
0.00819;5.263637546871327e-06
0.00822;8.203246231439571e-06
0.00825;1.3199662429081534e-05
0.008280000000000001;2.2071244437433703e-05
0.00831;3.869363002221601e-05
0.00834;7.203747521101555e-05
0.00837;0.0001452406545958167
0.0084;0.000327646215174729
0.00843;0.0008797531138466208
0.00846;0.003249723666181032
0.008490000000000001;0.0279824312822444
0.00852;0.21589420237475046
0.00855;0.02305034880905504
0.00858;0.013432669214957444
0.00861;0.013203350699895214
0.00864;0.018642004291891265
0.00867;0.040339101287813796
0.0087;0.2086072849172446
0.00873;0.4270013144878069
0.00876;0.05763287372135195
0.008790000000000001;0.023757712319131596
0.00882;0.015530876904981084
0.00885;0.013856385854262398
0.00888;0.017013302927604633
0.00891;0.03499560704024489
0.00894;0.4037939801015601
0.00897;0.04321192952215961
0.009000000000000001;0.0062649741346452355
0.00903;0.001955835990721522
0.00906;0.0008257251388597078
0.00909;0.0004119186958768076
0.00912;0.0002289797208739924
0.00915;0.00013748071522214425
0.00918;8.749489174274312e-05
0.00921;5.8300405833181304e-05
0.00924;4.032608210774353e-05
0.00927;2.877494663602805e-05
0.009300000000000001;2.1081943188290017e-05
0.00933;1.5801035765919157e-05
0.00936;1.2080278567367305e-05
0.00939;9.398584989612062e-06
0.00942;7.426781812764238e-06
0.00945;5.950991497050029e-06
0.00948;4.828758384958189e-06
0.009510000000000001;3.96308249015369e-06
0.00954;3.2865975935640766e-06
0.00957;2.7516773387599783e-06
0.009600000000000001;2.3241027467908153e-06
0.00963;1.978923216738802e-06
0.00966;1.697699179181749e-06
0.00969;1.4666329731727788e-06
0.00972;1.2752814697913887e-06
0.00975;1.115656277319249e-06
0.00978;9.81586261459618e-07
0.009810000000000001;8.682601998014003e-07
0.00984;7.71894815005667e-07
0.00987;6.894911764052236e-07
0.0099;6.1865411748638e-07
0.00993;5.574570845153485e-07
0.00996;5.04340076243371e-07
0.00999;4.580319197931078e-07
0.01002;4.174906071972679e-07
0.01005;3.8185715049072043e-07
0.01008;3.504196377149469e-07
0.010110000000000001;3.225850455177523e-07
0.01014;2.978569926912564e-07
0.01017;2.7581807545385004e-07
0.0102;2.5611575946471114e-07
0.01023;2.3845105014843915e-07
0.01026;2.225693462076993e-07
0.01029;2.082530184430814e-07
0.010320000000000001;1.9531535943943397e-07
0.01035;1.8359562815753426e-07
0.01038;1.7295497337122676e-07
0.01041;1.6327306589269338e-07
0.01044;1.544453050460639e-07
0.01047;1.4638049243331696e-07
0.0105;1.3899888755988933e-07
0.01053;1.322305767729031e-07
0.01056;1.260141002742064e-07
0.01059;1.202952925064568e-07
0.010620000000000001;1.150262995950558e-07
0.01065;1.1016474422132356e-07
0.01068;1.0567301367468528e-07
0.01071;1.0151765115537943e-07
0.01074;9.766883389622643e-08
0.01077;9.409992450907103e-08
0.0108;9.078708427157286e-08
0.010830000000000001;8.770893895898666e-08
0.01086;8.484628937323789e-08
0.01089;8.218185999564971e-08
0.010920000000000001;7.970008024094586e-08
0.01095;7.738689365993116e-08
0.01098;7.522959116111045e-08
0.01101;7.321666492298684e-08
0.01104;7.133768017093485e-08
0.01107;6.958316241347711e-08
0.0111;6.794449808536927e-08
0.011130000000000001;6.641384684274429e-08
0.01116;6.498406400559506e-08
0.01119;6.364863185552435e-08
0.01122;6.240159867621768e-08
0.01125;6.123752457687754e-08
0.01128;6.015143326922977e-08
0.01131;5.913876907945414e-08
0.011340000000000001;5.819535857171829e-08
0.01137;5.7317376241221143e-08
0.0114;5.6501313804716394e-08
0.011430000000000001;5.5743952676635254e-08
0.01146;5.504233927090008e-08
0.01149;5.4393762813211915e-08
0.01152;5.379573538768659e-08
0.01155;5.324597397505268e-08
0.01158;5.2742384269128665e-08
0.01161;5.2283046083563665e-08
0.011640000000000001;5.186620018310171e-08
0.01167;5.149023639295276e-08
0.0117;5.115368285681709e-08
0.01173;5.085519632889009e-08
0.01176;5.059355339831449e-08
0.01179;5.0367642555835325e-08
0.01182;5.017645702264792e-08
0.011850000000000001;5.001908827018335e-08
0.01188;4.989472016753028e-08
0.01191;4.9802623700054846e-08
0.011940000000000001;4.974215220898939e-08
0.01197;4.9712737107198526e-08
0.012;4.971388403118985e-08
0.01203;4.974516939380059e-08
0.01206;4.98062373057744e-08
0.01209;4.989679683800513e-08
0.01212;5.001661959921734e-08
0.012150000000000001;5.0165537606732574e-08
0.01218;5.034344143036904e-08
0.01221;5.05502785918836e-08
0.012240000000000001;5.0786052204341774e-08
0.01227;5.1050819837677287e-08
0.0123;5.1344692598407206e-08
0.01233;5.1667834412988704e-08
0.01236;5.2020461505723896e-08
0.01239;5.240284206344148e-08
0.01242;5.2815296080382125e-08
0.012450000000000001;5.3258195377799014e-08
0.01248;5.373196379388476e-08
0.01251;5.423707754058069e-08
0.01254;5.477406572480854e-08
0.01257;5.534351103242627e-08
0.0126;5.5946050574217247e-08
0.01263;5.6582376893916774e-08
0.012660000000000001;5.725323913907473e-08
0.01269;5.7959444396480643e-08
0.01272;5.870185919432752e-08
0.012750000000000001;5.9481411174420234e-08
0.01278;6.029909093818051e-08
0.01281;6.115595407111442e-08
0.01284;6.20531233511609e-08
0.01287;6.29917911470227e-08
0.0129;6.397322201350497e-08
0.01293;6.4998755491662e-08
0.012960000000000001;6.606980912231024e-08
0.01299;6.718788168249146e-08
0.01302;6.835455665530349e-08
0.01305;6.957150594443135e-08
0.01308;7.084049384595422e-08
0.01311;7.216338129065351e-08
0.01314;7.354213037163066e-08
0.013170000000000001;7.497880917290026e-08
0.0132;7.647559691609371e-08
0.01323;7.803478944356811e-08
0.013260000000000001;7.965880505784428e-08
0.01329;8.135019073867644e-08
0.01332;8.311162876084113e-08
0.01335;8.494594373719873e-08
0.01338;8.685611011389608e-08
0.01341;8.884526014609627e-08
0.01344;9.091669238518253e-08
0.013470000000000001;9.307388071049448e-08
0.0135;9.53204839411168e-08
0.01353;9.766035606608061e-08
0.013560000000000001;1.000975571339926e-07
0.01359;1.0263636484661948e-07
0.01362;1.052812869036498e-07
0.01365;1.0803707415018951e-07
0.013680000000000001;1.1090873458188996e-07
0.01371;1.139015482672219e-07
0.01374;1.1702108325060148e-07
0.013770000000000001;1.2027321250523626e-07
0.0138;1.236641320098935e-07
0.01383;1.272003800292885e-07
0.01386;1.3088885768440607e-07
0.01389;1.3473685090544168e-07
0.01392;1.387520538676359e-07
0.01395;1.4294259401801564e-07
0.013980000000000001;1.4731705880996006e-07
0.01401;1.5188452427139026e-07
0.01404;1.5665458554295167e-07
0.014070000000000001;1.6163738953323439e-07
0.0141;1.6684366985054294e-07
0.01413;1.7228478418298333e-07
0.01416;1.7797275431351517e-07
0.014190000000000001;1.8392030897175733e-07
0.01422;1.9014092974091853e-07
0.01425;1.9664890025698102e-07
0.014280000000000001;2.034593589568151e-07
0.01431;2.1058835565365172e-07
0.01434;2.180529122424458e-07
0.01437;2.2587108786335545e-07
0.0144;2.3406204887945317e-07
0.01443;2.426461440568907e-07
0.01446;2.5164498536753233e-07
0.014490000000000001;2.610815348742784e-07
0.01452;2.7098019819579896e-07
0.01455;2.8136692509550683e-07
0.014580000000000001;2.922693177860635e-07
0.01461;3.0371674759428014e-07
0.01464;3.157404806914247e-07
0.01467;3.28373813655439e-07
0.0147;3.4165221970515355e-07
0.01473;3.5561350652203033e-07
0.01476;3.702979866615841e-07
0.014790000000000001;3.857486616500994e-07
0.01482;4.020114209655117e-07
0.01485;4.1913525721629757e-07
0.01488;4.3717249895732966e-07
0.01491;4.5617906272013374e-07
0.01494;4.762147259891348e-07
0.01497;4.97343423024142e-07
0.015000000000000001;5.196335656164771e-07
0.01503;5.4315839107476e-07
0.01506;5.679963399629525e-07
0.015090000000000001;5.942314663707299e-07
0.01512;6.219538837751384e-07
0.01515;6.51260249868479e-07
0.01518;6.822542940708483e-07
0.01521;7.150473918358198e-07
0.01524;7.497591902843145e-07
0.01527;7.865182901804978e-07
0.015300000000000001;8.254629897978613e-07
0.01533;8.667420968141254e-07
0.01536;9.105158150379511e-07
0.015390000000000001;9.569567135116385e-07
0.01542;1.0062507863582964e-06
0.01545;1.0585986126697815e-06
0.01548;1.1142166267666671e-06
0.015510000000000001;1.1733385103194578e-06
0.01554;1.2362167191357454e-06
0.01557;1.3031241588588158e-06
0.015600000000000001;1.3743560254901047e-06
0.01563;1.4502318284849284e-06
0.01566;1.5310976162497033e-06
0.01569;1.6173284262380749e-06
0.01572;1.7093309844608762e-06
0.01575;1.8075466822510453e-06
0.01578;1.9124548614834266e-06
0.01581;2.0245764432989326e-06
0.01584;2.144477939712049e-06
0.01587;2.2727758924166694e-06
0.0159;2.4101417886971636e-06
0.01593;2.5573075107196544e-06
0.015960000000000002;2.71507138172254e-06
0.01599;2.8843048808865724e-06
0.01602;3.065960108103219e-06
0.016050000000000002;3.2610780906249184e-06
0.01608;3.4707980359326087e-06
0.01611;3.6963676492750495e-06
0.01614;3.939154650567761e-06
0.01617;4.200659643966264e-06
0.0162;4.482530514901256e-06
0.01623;4.786578554051888e-06
0.01626;5.114796536290453e-06
0.01629;5.469379015601917e-06
0.01632;5.852745135183118e-06
0.01635;6.267564296178569e-06
0.01638;6.716785079986839e-06
0.01641;7.203667878882158e-06
0.01644;7.731821759482228e-06
0.016470000000000002;8.3052461650513e-06
0.0165;8.928378157863455e-06
0.01653;9.606146014576616e-06
0.016560000000000002;1.0344030118631758e-05
0.01659;1.1148132248064803e-05
0.01662;1.2025254538864672e-05
0.01665;1.298298961902728e-05
0.01668;1.402982366282047e-05
0.01671;1.5175254416715386e-05
0.01674;1.642992660748441e-05
0.01677;1.7805787571037012e-05
0.0168;1.931626645219773e-05
0.01683;2.0976480938408985e-05
0.01686;2.280347622660415e-05
0.01689;2.4816501809045337e-05
0.01692;2.7037332734632736e-05
0.01695;2.94906432991283e-05
0.016980000000000002;3.2204442693008335e-05
0.01701;3.521058405488041e-05
0.01704;3.854536072473351e-05
0.017070000000000002;4.2250206368178816e-05
0.0171;4.6372519182896445e-05
0.01713;5.0966634770718335e-05
0.01716;5.60949776757743e-05
0.01719;6.182942833134306e-05
0.01722;6.825295057659831e-05
0.01725;7.546153546590508e-05
0.01728;8.356653039543934e-05
0.01731;9.269743940399723e-05
0.01734;0.00010300530190415526
0.01737;0.00011466678443666297
0.0174;0.00012788915514472927
0.01743;0.0001429163559857843
0.01746;0.00016003644653612406
0.017490000000000002;0.0001795907700927229
0.01752;0.00020198529376020798
0.01755;0.00022770470780185333
0.017580000000000002;0.00025733004746043923
0.01761;0.00029156083917872305
0.01764;0.0003312430959176632
0.01767;0.0003774049262166575
0.0177;0.0004313021265463695
0.01773;0.0004944769658313682
0.01776;0.0005688345470751143
0.01779;0.0006567427960861846
0.01782;0.0007611645110651264
0.01785;0.0008858333602966031
0.01788;0.0010354907826537875
0.01791;0.0012162082841049992
0.01794;0.001435831004897659
0.01797;0.0017045958927618086
0.018000000000000002;0.0020360050727319307
0.01803;0.002448078358206029
0.01806;0.0029651792426034084
0.018090000000000002;0.0036207256151804695
0.01812;0.004461295448027694
0.01815;0.005552985824169022
0.01818;0.0069915113081294175
0.01821;0.008918697749246635
0.01824;0.011550291829354398
0.01827;0.01522457395258639
0.0183;0.020490910760415353
0.01833;0.0282788333175871
0.01836;0.0402386030689742
0.01839;0.05946925140986681
0.01842;0.092174007677192
0.01845;0.1516096727433534
0.01848;0.26720360722990044
0.018510000000000002;0.49631025150260727
0.01854;0.8509104345932025
0.01857;0.9820018140451796
0.018600000000000002;0.7306344666400555
0.01863;0.48136453952710373
0.01866;0.331149035619017
0.018690000000000002;0.2443523727351156
0.01872;0.19189208859839113
0.01875;0.15850248066803907
0.01878;0.13635863109484156
0.01881;0.12127362874751811
0.01884;0.11088964199153648
0.01887;0.1038186324833716
0.0189;0.09921701327594191
0.01893;0.09656503440294714
0.01896;0.0955476834115618
0.01899;0.09598878328202046
0.019020000000000002;0.09781474316667901
0.01905;0.10103616778414426
0.01908;0.10574145634567388
0.019110000000000002;0.11209977190070748
0.01914;0.1203727939074621
0.01917;0.1309362044671397
0.019200000000000002;0.14431328700018137
0.01923;0.1612245115383008
0.01926;0.18265843865508158
0.01929;0.20996990307046656
0.01932;0.24500856512093458
0.01935;0.29026685039545075
0.01938;0.3489908098883413
0.01941;0.42507292258927815
0.01944;0.5222536766144926
0.01947;0.6416402842730687
0.0195;0.7762708522140757
0.019530000000000002;0.90372589528758
0.01956;0.9858906885373194
0.01959;0.9894268429124898
0.019620000000000002;0.9147676249579257
0.01965;0.795043231406499
0.01968;0.6670263547904502
0.019710000000000002;0.5522481105973269
0.01974;0.45768957006522176
0.01977;0.3827157357550833
0.0198;0.32410114026642656
0.01983;0.27835367031410585
0.01986;0.24249732103225932
0.01989;0.21420813507922212
0.01992;0.19173543438909332
0.01995;0.17377824241509235
0.01998;0.159372839513244
0.02001;0.14780439575102225
0.02004;0.1385415096313016
0.02007;0.13118900511759088
0.0201;0.12545436831562579
0.020130000000000002;0.12112414781523459
0.02016;0.11804764396047111
0.02019;0.11612604532568259
0.020220000000000002;0.1153058197644949
0.02025;0.11557567892035536
0.02028;0.11696686931560059
0.02031;0.11955696395913756
0.02034;0.12347780822455812
0.02037;0.12892890701967327
0.0204;0.13619846639840932
0.02043;0.14569574269979024
0.02046;0.15800066449511155
0.02049;0.17394044500644174
0.02052;0.19470890326786774
0.02055;0.22205320645079749
0.02058;0.25856354835144296
0.02061;0.30810250656161825
0.020640000000000002;0.37634819471221875
0.02067;0.47108411215311596
0.0207;0.600533581812454
0.020730000000000002;0.7642085263670011
0.02076;0.9271804329091778
0.02079;0.9976514375881091
0.02082;0.902052527839696
0.02085;0.7006943154209307
0.02088;0.5026990307373941
0.02091;0.35369888637981994
0.02094;0.25159705116380304
0.02097;0.1829578487219319
0.021;0.13631421703465343
0.02103;0.10393390434346285
0.02106;0.08091210563607033
0.02109;0.06415939810540391
0.02112;0.051704510285659915
0.021150000000000002;0.042263929586493956
0.02118;0.034983117403108166
0.02121;0.029280432008718695
0.021240000000000002;0.024751600117896146
0.02127;0.021110110506508933
0.0213;0.01814924655161558
0.021330000000000002;0.01571740102726566
0.02136;0.013701707316844615
0.02139;0.012016981587180899
0.02142;0.010598121767591163
0.02145;0.00939479749514915
0.02148;0.008367684385923014
0.02151;0.007485756013363914
0.02154;0.006724311149270077
0.02157;0.0060635192547303695
0.0216;0.005487336015594165
0.02163;0.004982686310526041
0.021660000000000002;0.004538842648049114
0.02169;0.004146947990975796
0.02172;0.003799646296844366
0.021750000000000002;0.0034907941665530177
0.02178;0.0032152341014635905
0.02181;0.0029686149432399697
0.021840000000000002;0.0027472487293348264
0.02187;0.0025479958601428666
0.0219;0.0023681724298452566
0.02193;0.002205475021728871
0.02196;0.0020579193506431778
0.02199;0.0019237899491377586
0.02202;0.001801598710748389
0.02205;0.0016900505746044053
0.02208;0.0015880149971046144
0.02211;0.0014945021359014207
0.02214;0.001408642888701186
0.022170000000000002;0.0013296720993315014
0.0222;0.001256914377104289
0.02223;0.0011897720810963457
0.022260000000000002;0.0011277151048187843
0.02229;0.0010702721636719197
0.02232;0.001017023341234823
0.022350000000000002;0.0009675936936358749
0.02238;0.0009216477461886309
0.02241;0.0008788847448338761
0.02244;0.0008390345480490015
0.02247;0.0008018540637941886
0.0225;0.0007671241515985533
0.02253;0.0007346469226768239
0.02256;0.0007042433815520842
0.02259;0.0006757513614230569
0.02262;0.000649023712825198
0.02265;0.0006239267112140793
0.022680000000000002;0.000600338654205481
0.02271;0.0005781486234818372
0.02274;0.0005572553899760701
0.022770000000000002;0.0005375664439834071
0.0228;0.0005189971344231033
0.02283;0.0005014699036505864
0.022860000000000002;0.00048491360607668467
0.02289;0.00046926290042950247
0.02292;0.00045445770684368787
0.02295;0.0004404427211181214
0.02298;0.0004271669794716241
0.02301;0.0004145834679822692
0.02304;0.00040264877162519275
0.02307;0.0003913227584605048
0.0231;0.0003805682950694994
0.02313;0.0003703509898110194
0.02316;0.0003606389608841045
0.023190000000000002;0.000351402626538766
0.02322;0.000342614515090385
0.02325;0.00033424909266451035
0.023280000000000002;0.0003262826068375668
0.02331;0.0003186929445464973
0.02334;0.00031145950282347105
0.023370000000000002;0.00030456307107165127
0.0234;0.0002979857237396879
0.02343;0.00029171072237599413
0.02346;0.00028572242615409424
0.02349;0.0002800062100565519
0.02352;0.00027454838999064476
0.02355;0.0002693361541850688
0.02358;0.0002643575002836362
0.02361;0.00025960117761215825
0.02364;0.0002550566341476246
0.02367;0.0002507139677684522
0.023700000000000002;0.00024656388141173775
0.02373;0.0002425976418353105
0.02376;0.00023880704193082782
0.023790000000000002;0.00023518436858135661
0.02382;0.00023172241181727892
0.02385;0.00022841649082661362
0.023880000000000002;0.0002831687582997924
0.02391;0.00022245455842031064
0.02394;0.00021935070268031069
0.02397;0.00021659665536713954
0.024;0.00021396830437739648
0.02403;0.00021146040493069063
0.02406;0.00020906843329846422
0.02409;0.0002067881411128403
0.02412;0.00020461552342697337
0.02415;0.0002025468030846662
0.02418;0.0002005784174534917
0.02421;0.00019870700626917423
0.02424;0.00019692940036192657
0.02427;0.00019524261117240062
0.024300000000000002;0.0001936438209929455
0.02433;0.0001921303738799478
0.02436;0.00019069976718814899
0.024390000000000002;0.0001893496436827764
0.02442;0.00018807778418843745
0.02445;0.0001868821007376411
0.024480000000000002;0.00018576063018435813
0.02451;0.00018471152825120434
0.02454;0.00018373306398090938
0.02457;0.00018282361456553175
0.0246;0.00018198166052858227
0.02463;0.00018120578123745104
0.02466;0.00018049465072510136
0.02469;0.00017984703380177273
0.02472;0.0001792617824389822
0.02475;0.00017873783240933102
0.02478;0.00017827420016701363
0.024810000000000002;0.00017786997995519808
0.02484;0.00017752434112734916
0.02487;0.00017723652567073204
0.024900000000000002;0.00017700584592117134
0.02493;0.0001768316824591293
0.02496;0.00017671348217784586
0.024990000000000002;0.0001766507565150802
0.02502;0.000176643079840782
0.02505;0.00017669008799343078
0.02508;0.00017679147695886586
0.02511;0.00017694700168527513
0.02514;0.00017715647502930998
0.02517;0.00017741976682830347
0.0252;0.0001777368030941187
0.02523;0.00017810756532488556
0.02526;0.00017853208993082585
0.02529;0.00017901046777125322
0.025320000000000002;0.0001795428437998602
0.02535;0.0001801294168160146
0.02538;0.00018077043931991564
0.025410000000000002;0.00018146621747000278
0.02544;0.0001822171111411999
0.02547;0.000183023534082959
0.025500000000000002;0.00018388595417628622
0.02553;0.00018480489378941406
0.02556;0.0001857809302317529
0.02559;0.00018681469630650127
0.02562;0.00018790688096203276
0.02565;0.0001890582300429858
0.02568;0.00019026954714184704
0.02571;0.00019154169455235615
0.02574;0.00019287559432621944
0.02577;0.00019427222943494758
0.0258;0.00019573264503888098
0.025830000000000002;0.0001972579498658085
0.02586;0.00019884931770185264
0.02589;0.0002005079889975815
0.025920000000000002;0.00020223527259264552
0.02595;0.00020403254756252607
0.02598;0.00020590126519141153
0.026010000000000002;0.00020784295107537212
0.02604;0.00020985920736053088
0.02607;0.00021195171512127772
0.0261;0.00021412223688376097
0.02613;0.00021637261930072317
0.02616;0.00021870479598355138
0.02619;0.00022112079049850996
0.02622;0.00022362271953391756
0.02625;0.00022621279624657342
0.02628;0.00022889333379448002
0.02631;0.00023166674906547038
0.026340000000000002;0.00023453556661054122
0.02637;0.00023750242279182667
0.0264;0.00024057007015558697
0.026430000000000002;0.00024374138204152478
0.02646;0.000247019357440145
0.02649;0.00025040712611082867
0.026520000000000002;0.0002539079539742023
0.02655;0.0002575252487928304
0.02658;0.0002612625661555979
0.02661;0.0002651236157819337
0.02664;0.00026911226816308734
0.02667;0.0002732325615586984
0.0267;0.00027748870936806597
0.02673;0.0002818851078971363
0.02676;0.00028642634454272817
0.02679;0.00029111720641802354
0.02682;0.00029596268944388646
0.026850000000000002;0.0003009680079327603
0.02688;0.00030613860469333475
0.02691;0.00031148016168646044
0.026940000000000002;0.000316998611263985
0.02697;0.0003227001480252241
0.027;0.00032859124132699906
0.027030000000000002;0.00033467864848700973
0.02706;0.0003409694287211152
0.02709;0.0003474709578595368
0.027120000000000002;0.00035419094388902385
0.02715;0.0003611374433712268
0.02718;0.00036831887879182855
0.02721;0.0003757440568972203
0.02724;0.000383422188081
0.02727;0.00039136290688554265
0.0273;0.0003995762936895533
0.02733;0.00040807289765648305
0.027360000000000002;0.0004168637610245047
0.02739;0.0004259604448244015
0.02742;0.0004353750561179436
0.027450000000000002;0.00044512027685533946
0.02748;0.0004552093944583585
0.02751;0.0004656563342427428
0.027540000000000002;0.0004764756938019295
0.02757;0.00048768277948350977
0.0276;0.0004992936450987535
0.027630000000000002;0.0005113251330166118
0.02766;0.0005237949178044154
0.02769;0.0005367215525904369
0.02772;0.0005501245183353931
0.02775;0.0005640242762157981
0.02778;0.0005784423233360738
0.02781;0.0005934012520046908
0.02784;0.0006089248128260681
0.027870000000000002;0.0006250379818814008
0.0279;0.0006417670322912703
0.02793;0.0006591396104778989
0.027960000000000002;0.0006771848174690474
0.02799;0.0006959332956133807
0.02802;0.0007154173211068878
0.028050000000000002;0.0007356709027623714
0.02808;0.0007567298874912166
0.02811;0.0007786320730012134
0.028140000000000002;0.0008014173282613242
0.02817;0.0008251277223262681
0.0282;0.000849807662166501
0.02823;0.0008755040402023836
0.02826;0.0009022663923019031
0.02829;0.0009301470670673056
0.02832;0.0009592014073067855
0.02835;0.000989487944666838
0.028380000000000002;0.0010210686084863741
0.02841;0.0010540089500280271
0.02844;0.0010883783833464699
0.028470000000000002;0.0011242504441678145
0.0285;0.0011617030682769772
0.02853;0.0012008188910495301
0.028560000000000002;0.0012416855699175814
0.02859;0.0012843961317193576
0.02862;0.0013290493470784594
0.028650000000000002;0.0013757501341450408
0.02868;0.0014246099942723483
0.02871;0.001475747482436491
0.02874;0.0015292887154890026
0.02877;0.0015853679216308637
0.0288;0.0016441280348330897
0.02883;0.0017057213383028548
0.02886;0.0017703101615052733
0.02889;0.0018380676357089745
0.02892;0.0019091785135362293
0.02895;0.001983840058560305
0.028980000000000002;0.002062263011634472
0.02901;0.0021446726413241906
0.02904;0.002231309886618516
0.029070000000000002;0.002322432600960916
0.0291;0.0024183169076203237
0.02913;0.0025192586775354023
0.029160000000000002;0.002625575141967197
0.02919;0.002737606653704149
0.02922;0.002855718612082101
0.02925;0.00298030356884482
0.02928;0.003111783533805684
0.02931;0.0032506125014809244
0.02934;0.003397279222355282
0.02937;0.0035523102452254215
0.0294;0.003716273260246427
0.02943;0.0038897807758791164
0.02946;0.004073494166999453
0.029490000000000002;0.004268128136014874
0.02952;0.004474455634087862
0.02955;0.00469331329545128
0.029580000000000002;0.004925607444611086
0.02961;0.005172320743887692
0.02964;0.0054345195575657805
0.029670000000000002;0.005713362118931598
0.0297;0.006010107597980835
0.02973;0.006326126180728486
0.02976;0.006662910286139638
0.02979;0.00702208706403872
0.02982;0.007405432337285049
0.02985;0.007814886174452544
0.02988;0.00825257030575122
0.02991;0.008720807625493005
0.02994;0.00922214405973303
0.02997;0.009759373118712602
0.030000000000000002;0.010335563501113275
0.03003;0.010954090172324165
0.03006;0.01161866940284328
0.030090000000000002;0.012333398327540789
0.03012;0.013102799673302785
0.03015;0.013931872403726927
0.030180000000000002;0.01482614914791512
0.03021;0.01579176141823535
0.03024;0.016835513783602568
0.030270000000000002;0.017964968353546017
0.0303;0.019188541149431432
0.03033;0.020515612197840274
0.03036;0.021956651483809535
0.03039;0.02352336325551502
0.03042;0.025228851585471633
0.03045;0.027087810575157977
0.03048;0.0291167431506315
0.030510000000000002;0.03133421304620971
0.03054;0.03376113532202009
0.03057;0.03642111161928632
0.030600000000000002;0.03934081732955599
0.03063;0.042550448944361094
0.03066;0.0460842410495624
0.030690000000000002;0.049981063711380724
0.03072;0.054285112318497745
0.03075;0.059046703207019005
0.030780000000000002;0.06432318945077124
0.03081;0.0701800118025166
0.03084;0.07669189953476299
0.03087;0.08394423425772773
0.0309;0.09203458578399343
0.03093;0.10107442142643915
0.03096;0.11119097679105377
0.03099;0.12252925432988214
0.031020000000000002;0.13525408164983388
0.03105;0.14955210931082716
0.03108;0.1656335502303016
0.031110000000000002;0.18373335046271944
0.03114;0.20411132299784404
0.03117;0.22705056097216295
0.031200000000000002;0.25285316621975495
0.03123;0.2818319858245119
0.03126;0.3142966695124991
0.03129;0.35053201616448026
0.03132;0.3907664166711858
0.03135;0.4351284825339203
0.03138;0.4835910666275143
0.03141;0.5359043213801797
0.03144;0.5915236181108656
0.03147;0.6495440488984805
0.0315;0.708659817065683
0.03153;0.7671715101202594
0.03156;0.823063002214177
0.03159;0.8741585966574722
0.03162;0.9183492688947353
0.03165;0.953850178856047
0.03168;0.9794318884370322
0.03171;0.9945672424726029
0.03174;0.9994584930624485
0.03177;0.9949458368271624
0.0318;0.9823319983531027
0.031830000000000004;0.9631738352674063
0.03186;0.9390881130731802
0.03189;0.9116016423456039
0.031920000000000004;0.8820562609820668
0.03195;0.8515641718041408
0.03198;0.8210014310067806
0.032010000000000004;0.7910257832537392
0.03204;0.762107038157235
0.03207;0.7345615095543172
0.032100000000000004;0.7085852743647421
0.03213;0.6842835307517785
0.03216;0.6616950357230817
0.03219;0.640811610791905
0.03222;0.6215932186540962
0.03225;0.6039793144576943
0.03228;0.5878971972917848
0.03231;0.573268020672039
0.03234;0.5600110191593474
0.03237;0.5480464015057521
0.0324;0.5372972632962156
0.03243;0.5276907895081303
0.03246;0.5191589506018364
0.03249;0.5116388433222451
0.03252;0.505072787117112
0.03255;0.4994082566405776
0.03258;0.49459770807966336
0.03261;0.4905983402368293
0.03264;0.4873718189729324
0.03267;0.4848839846355581
0.0327;0.4831045555985602
0.03273;0.4820068363631422
0.03276;0.48156743532967206
0.03279;0.48176599497434647
0.03282;0.4825849354923026
0.032850000000000004;0.48400921179348877
0.03288;0.48602608292414123
0.03291;0.4886248924231568
0.032940000000000004;0.49179685773735254
0.03297;0.49553486655727313
0.033;0.4998332777575353
0.033030000000000004;0.5046877245077047
0.03306;0.5100949170428251
0.03309;0.5160524425381051
0.033120000000000004;0.5225585595152341
0.03315;0.5296119842175573
0.03318;0.5372116664341312
0.03321;0.5453565523325646
0.03324;0.5540453319932102
0.03327;0.5632761695319256
0.0333;0.5730464139762708
0.03333;0.5833522894368393
0.03336;0.5941885636160799
0.03339;0.605548194341461
0.03342;0.6174219546264972
0.03345;0.6297980377649871
0.03348;0.6426616451834327
0.03351;0.6559945612121513
0.03354;0.6697747206001478
0.03357;0.6839757764799672
0.0336;0.6985666785514526
0.03363;0.7135112734563621
0.03366;0.7287679415665307
0.03369;0.7442892866036687
0.03372;0.760021896494781
0.03375;0.7759061954649482
0.03378;0.7918764083654098
0.03381;0.8078606583932818
0.03384;0.8237812184428255
0.033870000000000004;0.8395549341070784
0.0339;0.8550938326418115
0.03393;0.870305926900953
0.033960000000000004;0.8850962163521554
0.03399;0.8993678789177046
0.03402;0.9130236378649731
0.034050000000000004;0.9259672777533069
0.03408;0.9381052731730632
0.03411;0.9493484844308949
0.034140000000000004;0.9596138662887777
0.03417;0.9688261301518307
0.0342;0.9769192974490688
0.034230000000000003;0.9838380828695908
0.03426;0.989539050845662
0.03429;0.9939914971111581
0.03432;0.9971780188614023
0.03435;0.9990947512223017
0.03438;0.9997512633793587
0.03441;0.9991701236524668
0.03444;0.9973861578429019
0.03447;0.9944454382518765
0.0345;0.9904040510201965
0.03453;0.9853266963111031
0.03456;0.9792851791302188
0.03459;0.9723568483521294
0.03462;0.964623038182312
0.03465;0.9561675604230997
0.03468;0.9470752882376559
0.03471;0.937430863374087
0.03474;0.9273175497275525
0.03477;0.9168162472996343
0.0348;0.9060046725429172
0.03483;0.8949567040912815
0.03486;0.8837418871682073
0.034890000000000004;0.872425085598459
0.03492;0.8610662672893028
0.03495;0.849720407179379
0.034980000000000004;0.8384374908160164
0.03501;0.8272626017282437
0.03504;0.8162360764234162
0.035070000000000004;0.8053937119645188
0.0351;0.7947670125258643
0.03513;0.7843834629349302
0.035160000000000004;0.7742668188795315
0.03519;0.764437405105662
0.03522;0.754912414490734
0.035250000000000004;0.7457062023105969
0.03528;0.7368305713007339
0.03531;0.7282950442327297
0.03534;0.7201071216869197
0.03537;0.712272523505084
0.0354;0.7047954130679643
0.03543;0.697678604072749
0.03546;0.6909237499011333
0.03549;0.684531515986839
0.03552;0.6785017358232364
0.03555;0.6728335514177399
0.03558;0.667525539103765
0.03561;0.662575821682713
0.03564;0.6579821678923331
0.03567;0.6537420801923858
0.0357;0.6498528718347721
0.03573;0.6463117341421099
0.03576;0.6431157948677602
0.03579;0.6402621684499539
0.03582;0.6377479989088987
0.03585;0.6355704960695544
0.03588;0.6337269657249802
0.03591;0.6322148342910352
0.03594;0.631031668436635
0.03597;0.6301751901129873
0.036000000000000004;0.6296432873451364
0.03603;0.6294340210921815
0.03606;0.6295456284289217
0.036090000000000004;0.6299765222501817
0.03612;0.6307252876510147
0.03615;0.631790675090104
0.036180000000000004;0.6331715904006746
0.03621;0.6348670816722937
0.03624;0.6368763229886795
0.036270000000000004;0.6391985949704865
0.0363;0.6418332620380478
0.03633;0.644779746277589
0.03636;0.648037497765416
0.03639;0.6516059611779685
0.03642;0.6554845384926913
0.03645;0.6596725475645722
0.03648;0.6641691763475399
0.03651;0.6689734325193325
0.03654;0.674084088262842
0.03657;0.679499619959676
0.0366;0.6852181425603929
0.03663;0.6912373384164857
0.03666;0.6975543803895081
0.03669;0.704165849096983
0.03672;0.7110676442137536
0.03675;0.7182548898241932
0.03678;0.7257218339173944
0.03681;0.7334617422352866
0.03684;0.7414667868274124
0.03687;0.7497279298346272
0.0369;0.7582348032225588
0.03693;0.7669755854128474
0.03696;0.7759368760186895
0.03699;0.7851035701778818
0.037020000000000004;0.794458734294048
0.03705;0.8039834853362139
0.03708;0.8136568762080083
0.037110000000000004;0.8234557900688736
0.03714;0.8333548468626135
0.03717;0.8433263256688756
0.037200000000000004;0.8533401068236064
0.03723;0.8633636380364516
0.03726;0.873361928941058
0.037290000000000004;0.8832975786254204
0.03732;0.8931308406737029
0.03735;0.9028197300815545
0.037380000000000004;0.912320176055348
0.03741;0.9215862241500814
0.03744;0.9305702904209555
0.03747;0.9392234692586579
0.0375;0.9474958953719036
0.03753;0.9553371591010041
0.03756;0.9626967734827319
0.03759;0.9695246947210909
0.03762;0.9757719339554899
0.03765;0.9813917791455056
0.03768;0.9863635976927502
0.03771;0.9908337284516251
0.03774;0.9944505345777028
0.03777;0.9971433410320828
0.0378;0.9988431001458159
0.03783;0.9996268029143286
0.03786;0.9997416380192469
0.03789;0.9990038166305979
0.03792;0.9973761735434
0.03795;0.9948554680126351
0.03798;0.9914455527231093
0.03801;0.9871566093393467
0.038040000000000004;0.9820049330758102
0.03807;0.9760126752943916
0.0381;0.9692075009968457
0.038130000000000004;0.9616221639169081
0.03816;0.9532940099983428
0.03819;0.9442644228626972
0.038220000000000004;0.9345782262511135
0.03825;0.9242830589857353
0.03828;0.9134287378866937
0.038310000000000004;0.9020666233873207
0.03834;0.8902490013990477
0.03837;0.8780284933952616
0.038400000000000004;0.8654575048200799
0.03843;0.8525877198990025
0.03846;0.8394696488397275
0.03849;0.8261522313652573
0.03852;0.8126824985900137
0.03855;0.7991052935098333
0.03858;0.7854630488555712
0.03861;0.7717956198003628
0.03864;0.7581401680079325
0.03867;0.744531092769544
0.0387;0.7310000044768761
0.03873;0.7175757353985533
0.03876;0.7042843826393973
0.03879;0.6911493782296008
0.03882;0.6781915814896506
0.03885;0.6654293891093823
0.03888;0.6528788587418414
0.03891;0.6405538423185468
0.03894;0.6284661257210971
0.03897;0.6166255718762371
0.039;0.6050402647650643
0.03903;0.5937166522419677
0.039060000000000004;0.582659685932609
0.03909;0.5718729568287595
0.03912;0.5613588255025073
0.039150000000000004;0.5511185461400279
0.03918;0.5411523838298976
0.03921;0.5314597247471193
0.039240000000000004;0.5220391790448431
0.03927;0.5128886764083181
0.0393;0.5040055543419886
0.039330000000000004;0.49538663935276733
0.03936;0.4870283212641092
0.03939;0.47892662094931593
0.039420000000000004;0.47107725181075955
0.03945;0.4634756753571289
0.03948;0.4561171512463663
0.03951;0.44899678216689165
0.03954;0.4421095539302101
0.03957;0.43545037113984464
0.0396;0.4290140887929144
0.03963;0.42279554015478366
0.03966;0.4167895612325831
0.03969;0.41099101215468264
0.03972;0.40539479574535775
0.03975;0.39999587356463695
0.03978;0.39478927966406235
0.03981;0.3897701322909619
0.03984;0.38493364375505534
0.03987;0.3802751286542257
0.0399;0.37579001063935213
0.03993;0.37147382788253325
0.03996;0.36732223739769526
0.03999;0.3633310183497769
0.04002;0.35949607447470405
0.04005;0.3558134357210412
0.04008;0.35227925921313874
0.04011;0.34888982962564313
0.04014;0.34564155904922905
0.040170000000000004;0.34253098642015656
0.0402;0.33955477657756883
0.04023;0.33670971900572766
0.040260000000000004;0.3339927263122921
0.04029;0.33140083248765284
0.04032;0.32893119098525214
0.040350000000000004;0.32658107265826225
0.04038;0.3243478635834696
0.04041;0.3222290627998348
0.040440000000000004;0.32022227998547503
0.04047;0.31832523309368344
0.0405;0.3165357459665251
0.040530000000000004;0.31485174594104187
0.04056;0.3132712614619795
0.04059;0.31179241971239235
0.04062;0.3104134442717391
0.04065;0.309132652810075
0.04068;0.3079484548248444
0.04071;0.30685934942624227
0.04074;0.3058639231754888
0.04077;0.30496084797988704
0.0408;0.30414887904724125
0.04083;0.30342685290190463
0.04086;0.30279368546364177
0.04089;0.30224837019024464
0.04092;0.30178997628416065
0.04095;0.3014176469628973
0.04098;0.301130597792726
0.04101;0.3009281150846569
0.04104;0.3008095543514619
0.04107;0.3007743388241652
0.0411;0.30082195802624034
0.04113;0.300951966403364
0.04116;0.301163982006577
0.041190000000000004;0.30145768522627064
0.04122;0.30183281757445674
0.04125;0.3022891805124666
0.041280000000000004;0.3028266343209927
0.04131;0.30344509700958305
0.04134;0.30414454326199053
0.041370000000000004;0.30492500341421835
0.0414;0.3057865624615123
0.04143;0.30672935909063254
0.041460000000000004;0.30775358473356496
0.04149;0.30885948263859175
0.04152;0.31004734695471226
0.041550000000000004;0.3113175218248946
0.04158;0.31267040048402217
0.04161;0.3141064243566872
0.04164;0.31562608215032195
0.04167;0.31722990893885133
0.0417;0.31891848523173805
0.04173;0.3206924360237714
0.04176;0.322552429820207
0.04179;0.3244991776324222
0.04182;0.32653343193901163
0.04185;0.32865598560749837
0.04188;0.3308676707719802
0.04191;0.33316935766275585
0.04194;0.3355619533842925
0.04197;0.3380464006391092
0.042;0.3406236763967531
0.04203;0.343294790508757
0.04206;0.3460607842744762
0.04209;0.34892272896624976
0.04212;0.35188172433048986
0.04215;0.3549388970907182
0.04218;0.3580953994951939
0.042210000000000004;0.36135240797649726
0.04224;0.36471112203045924
0.04227;0.3681727634887941
0.042300000000000004;0.3717385764738198
0.04233;0.37540982852936366
0.04236;0.3791878138120487
0.042390000000000004;0.38307386001299704
0.04242;0.3870693423995973
0.04245;0.3911757125205641
0.042480000000000004;0.39539456058766526
0.04251;0.3997277687786019
0.04254;0.40417798373366653
0.042570000000000004;0.4087510142343145
0.0426;0.5374287782759326
0.04263;0.5365481068088419
0.042660000000000003;0.5371710272736159
0.04269;0.5383933656257819
0.04272;0.5399775650445584
0.04275;0.5418195727615863
0.04278;0.543863189860855
0.04281;0.5460741774838347
0.04284;0.5484299476468397
0.04287;0.5509147226089006
0.0429;0.5535169922207503
0.04293;0.5562280642676344
0.04296;0.5590411843495018
0.04299;0.561950974178757
0.04302;0.5649530581770741
0.04305;0.5680438066511305
0.04308;0.5712201539590324
0.04311;0.574479466504076
0.04314;0.5778194447703351
0.04317;0.5812380491852038
0.0432;0.5847334430161268
0.043230000000000005;0.5883039476770935
0.04326;0.5919480072287341
0.04329;0.5956641597937112
0.043320000000000004;0.5994510142459161
0.04335;0.6033072309730522
0.04338;0.6072315058235509
0.043410000000000004;0.6112225565696957
0.04344;0.6152791113815195
0.04347;0.619399898923993
0.043500000000000004;0.6235836397784361
0.04353;0.6278290389555053
0.04356;0.6321347793179527
0.043590000000000004;0.6364995157697074
0.04362;0.6409218700987586
0.04365;0.6454004263837824
0.043680000000000004;0.6499337268941828
0.04371;0.6545202684270398
0.04374;0.6591584990369918
0.04377;0.6638468151237523
0.0438;0.6685835588505951
0.04383;0.6733670158724224
0.04386;0.6781954133578084
0.04389;0.6830669182932438
0.04392;0.6879796360610657
0.04395;0.6929316092856889
0.04398;0.6979208169442964
0.04401;0.7029451737410948
0.04404;0.7080025297439316
0.04407;0.7130906702848858
0.0441;0.7182073161259359
0.04413;0.7233501238920218
0.04416;0.7285166867738618
0.04419;0.7337045355028091
0.04422;0.738911139600434
0.04425;0.7441339089046878
0.04428;0.7493701953744217
0.04431;0.7546172951732638
0.044340000000000004;0.7598724510332565
0.04437;0.7651328548977373
0.0444;0.7703956508421526
0.044430000000000004;0.775657938270043
0.04446;0.7809167753807239
0.04449;0.7861691829037014
0.044520000000000004;0.7914121480935323
0.04455;0.7966426289776187
0.04458;0.8018575588477991
0.044610000000000004;0.8070538509852999
0.04464;0.8122284036069557
0.04467;0.8173781050195015
0.044700000000000004;0.8224998389666066
0.04473;0.8275904901524646
0.04476;0.8326469499240511
0.04479;0.8376661220928655
0.04482;0.8426449288756049
0.04485;0.847580316932025
0.04488;0.8524692634770453
0.04491;0.8573087824437224
0.04494;0.8620959306716279
0.04497;0.8668278140958108
