1e-20;2.1664379794458982e-16
3.000000000000001e-05;2.30859152375287e-16
6.000000000000001e-05;2.4604025827865684e-16
9.000000000000002e-05;2.622550465468236e-16
0.00012000000000000002;2.7957639495360074e-16
0.00015000000000000001;2.980825010548091e-16
0.00018;3.1785728417675304e-16
0.00021;3.389908188432622e-16
0.00024;3.615798021828514e-16
0.00027;3.857280580738931e-16
0.00030000000000000003;4.1154708101411963e-16
0.00033;4.391566229532625e-16
0.00036;4.686853266015227e-16
0.00039;5.002714090215383e-16
0.00042;5.340633996358485e-16
0.00045;5.702209371321522e-16
0.00048;6.089156301298687e-16
0.00051;6.503319868896794e-16
0.00054;6.946684197965681e-16
0.00057;7.421383308404045e-16
0.0006000000000000001;7.929712848558612e-16
0.00063;8.474142778617293e-16
0.00066;9.057331084844876e-16
0.00069;9.682138611302532e-16
0.00072;1.0351645103384602e-15
0.00075;1.10691665655874e-15
0.00078;1.1838274045027116e-15
0.0008100000000000001;1.2662813961871762e-15
0.00084;1.354693011858463e-15
0.00087;1.449508753151434e-15
0.0009;1.5512098240987643e-15
0.00093;1.6603149269995329e-15
0.00096;1.77738329165738e-15
0.00099;1.9030179581607257e-15
0.00102;2.037869335161608e-15
0.00105;2.182639057607725e-15
0.00108;2.338084169991416e-15
0.00111;2.505021663569244e-15
0.00114;2.6843333985461283e-15
0.00117;2.8769714450413446e-15
0.0012000000000000001;3.083963879716075e-15
0.00123;3.3064210782945198e-15
0.00126;3.5455425479062846e-15
0.0012900000000000001;3.802624347160913e-15
0.00132;4.079067146300659e-15
0.00135;4.376384984565518e-15
0.00138;4.696214787174118e-15
0.00141;5.04032671012669e-15
0.00144;5.410635387319277e-15
0.00147;5.809212161404332e-15
0.0015;6.238298387425062e-15
0.0015300000000000001;6.7003199065462194e-15
0.00156;7.197902796343433e-15
0.00159;7.73389051410363e-15
0.0016200000000000001;8.311362560529946e-15
0.00165;8.933654803297022e-15
0.00168;9.604381613025587e-15
0.0017100000000000001;1.0327459978850922e-14
0.00174;1.1107135786420205e-14
0.00177;1.1948012458807973e-14
0.0018;1.2855082179779889e-14
0.00183;1.3833759939971329e-14
0.00186;1.4889920669471747e-14
0.00189;1.6029939745774147e-14
0.00192;1.7260737193687466e-14
0.0019500000000000001;1.858982592450244e-14
0.00198;2.0025364395194975e-14
0.00201;2.1576214105242042e-14
0.00204;2.3252002389303937e-14
0.0020700000000000002;2.5063191008219068e-14
0.0021;2.7021151090153475e-14
0.00213;2.913824502682298e-14
0.00216;3.14279159893867e-14
0.00219;3.390478579296884e-14
0.00222;3.658476191049131e-14
0.0022500000000000003;3.948515451442748e-14
0.00228;4.2624804511382274e-14
0.00231;4.602422362894789e-14
0.00234;4.9705747717816514e-14
0.00237;5.369370454659027e-14
0.0024000000000000002;5.801459749144493e-14
0.00243;6.269730666034407e-14
0.00246;6.777330914234379e-14
0.00249;7.327692023765924e-14
0.00252;7.924555770527833e-14
0.00255;8.57200312638736e-14
0.0025800000000000003;9.274485979814978e-14
0.00261;1.0036861896244464e-13
0.00264;1.086443221310629e-13
0.00267;1.1762983793102013e-13
0.0027;1.273883479016644e-13
0.0027300000000000002;1.379888481635077e-13
0.00276;1.4950669934693359e-13
0.00279;1.6202422942934315e-13
0.00282;1.7563139456449369e-13
0.00285;1.9042650345423902e-13
0.00288;2.065170113207224e-13
0.0029100000000000003;2.240203900802984e-13
0.00294;2.4306508190540577e-13
0.00297;2.6379154398282813e-13
0.003;2.8635339294470835e-13
0.00303;3.109186581429846e-13
0.0030600000000000002;3.376711536809974e-13
0.00309;3.668119798787519e-13
0.00312;3.9856116563691777e-13
0.00315;4.3315946397098213e-13
0.00318;4.708703137779468e-13
0.00321;5.119819816844458e-13
0.0032400000000000003;5.568098985490412e-13
0.00327;6.056992058415027e-13
0.0033;6.590275276433834e-13
0.00333;7.172079843460545e-13
0.00336;7.806924642088766e-13
0.0033900000000000002;8.499751686561089e-13
0.0034200000000000003;9.255964464436074e-13
0.00345;1.0081469304544976e-12
0.00348;1.098271988674568e-12
0.00351;1.196676497646309e-12
0.00354;1.3041299420549316e-12
0.0035700000000000003;1.4214718377008563e-12
0.0036;1.5496174664614838e-12
0.00363;1.6895639003220032e-12
0.00366;1.8423962764114522e-12
0.00369;2.0092942651788812e-12
0.00372;2.1915386482732078e-12
0.0037500000000000003;2.39051788969203e-12
0.00378;2.60773454147904e-12
0.00381;2.8448112712370546e-12
0.00384;3.103496229839278e-12
0.00387;3.3856673901658522e-12
0.0039000000000000003;3.693335376505324e-12
0.00393;4.02864416320491e-12
0.00396;4.393868842304738e-12
0.0039900000000000005;4.791409433301724e-12
0.00402;5.223779420757424e-12
0.00405;5.6935873411536804e-12
0.00408;6.203509277548989e-12
0.00411;6.756249532669154e-12
0.0041400000000000005;7.354486002253588e-12
0.00417;8.000795815345202e-12
0.0042;8.697555586977787e-12
0.00423;9.446809061880629e-12
0.00426;1.025009291176522e-11
0.00429;1.110820884226435e-11
0.00432;1.2020926779680917e-11
0.00435;1.298659948128119e-11
0.00438;1.4001663082963891e-11
0.00441;1.5059990347378526e-11
0.00444;1.615205294989284e-11
0.00447;1.7263834905778122e-11
0.0045000000000000005;1.837541943269113e-11
0.00453;1.9459143275134295e-11
0.00456;2.0477170831907754e-11
0.00459;2.1378276215223333e-11
0.00462;2.2093516596647355e-11
0.0046500000000000005;2.2530295813969783e-11
0.00468;2.2563959249563595e-11
0.00471;2.2025272147983537e-11
0.00474;2.0680083284994908e-11
0.00477;1.8190801100699563e-11
0.0048000000000000004;1.4018575981424179e-11
0.00483;6.926573444281312e-12
0.00486;9.123230995742074e-07
0.00489;2.7678116487344342e-06
0.00492;5.243189121883209e-06
0.00495;8.518138984728136e-06
0.00498;1.2823299371681759e-05
0.00501;1.8456273065647053e-05
0.00504;2.580235244031592e-05
0.00507;3.536204006064495e-05
0.0051;4.7787883629987474e-05
0.00513;6.393409638648827e-05
0.0051600000000000005;8.492383924957926e-05
0.00519;0.00011224108578049535
0.00522;0.00014785698704794512
0.00525;0.00019440508778990068
0.00528;0.0002554263826242037
0.0053100000000000005;0.000335715257732537
0.00534;0.0004418128018975357
0.00537;0.0005827180077518801
0.0054;0.0007709253817834703
0.00543;0.0010239585417606348
0.0054600000000000004;0.0013666692539534959
0.00549;0.0018347378791725955
0.00552;0.0024800946256430313
0.00555;0.003379474311669749
0.00558;0.0046481967483504825
0.00561;0.006462873098197958
0.00564;0.009099759580656607
0.0056700000000000006;0.013001311749851495
0.0057;0.018895047572548687
0.00573;0.028012205102609284
0.00576;0.04250128316271563
0.00579;0.0662253471635085
0.0058200000000000005;0.1062891697119665
0.00585;0.17572417251365594
0.00588;0.29657574980876417
0.00591;0.4946977261692687
0.00594;0.7565962879241254
0.0059700000000000005;0.9606259680701005
0.006;0.9867201345554388
0.00603;0.890333100874968
0.00606;0.7742353248080874
0.00609;0.6812481055718015
0.0061200000000000004;0.6167351836747085
0.00615;0.5760217973338314
0.00618;0.5538529639823917
0.00621;0.5463226924019688
0.00624;0.5508376666675756
0.00627;0.5657385258514589
0.0063;0.5899367024828589
0.0063300000000000006;0.6226048056360501
0.00636;0.6628958358518043
0.00639;0.7096705831470789
0.00642;0.76123915703999
0.00645;0.815162330490069
0.0064800000000000005;0.8682002020242314
0.00651;0.9165117192247354
0.00654;0.956158610916342
0.00657;0.9838346224466863
0.0066;0.9975826175511804
0.0066300000000000005;0.9972024355702064
0.00666;0.9841750688298961
0.00669;0.9611661064347026
0.00672;0.931350728812245
0.00675;0.8978154153785713
0.0067800000000000004;0.863177672818826
0.00681;0.8294346801464612
0.006840000000000001;0.7979766356740097
0.00687;0.7696861458435683
0.0069;0.7450636648292748
0.00693;0.7243447604476451
0.00696;0.7075950452057933
0.0069900000000000006;0.6947804051875264
0.00702;0.6858155443896339
0.00705;0.680595444114697
0.00708;0.6790140830431665
0.00711;0.6809738291740368
0.0071400000000000005;0.6863878666676159
0.00717;0.695177087031453
0.0072;0.7072621214265281
0.00723;0.7225506276031335
0.00726;0.7409195788178234
0.0072900000000000005;0.7621921718402866
0.00732;0.7861091650643242
0.00735;0.8122951187793434
0.00738;0.8402213170478235
0.00741;0.8691692541833351
0.00744;0.8982014472546809
0.00747;0.9261495668260095
0.007500000000000001;0.9516323742471121
0.00753;0.973115858205478
0.00756;0.9890230433717463
0.00759;0.9978898000169174
0.00762;0.9985468887678923
0.0076500000000000005;0.9902926797701712
0.00768;0.9730136258405008
0.00771;0.9472173339204191
0.00774;0.913965831414588
0.00777;0.8747255904707264
0.0078000000000000005;0.8311731626378974
0.00783;0.7850018536586165
0.00786;0.7377655786343776
0.00789;0.690778102447304
0.00792;0.6450682053074471
0.00795;0.6013796525316087
0.007980000000000001;0.5602004053965725
0.00801;0.5218064560118654
0.00804;0.48630929262308514
0.00807;0.453700133731006
0.0081;0.42388751835567784
0.00813;0.3967272226273531
0.00816;0.3720448694043969
0.00819;0.34965226393723936
0.00822;0.3293586912501535
0.00825;0.3109783589023255
0.008280000000000001;0.2943350017899753
0.00831;0.27926446595048987
0.00834;0.2656158984806264
0.00837;0.25325200870621484
0.0084;0.24204873614569697
0.00843;0.2318945614636637
0.00846;0.22268962278642737
0.008490000000000001;0.2143447461994664
0.00852;0.20678046117337873
0.00855;0.199926045082688
0.00858;0.1937186227512834
0.00861;0.18810233469434143
0.00864;0.18302757966207492
0.00867;0.17845033194606355
0.0087;0.17433153075986507
0.00873;0.17063653720913693
0.00876;0.1673346534622048
0.008790000000000001;0.16439869840952212
0.00882;0.16180463414147428
0.00885;0.15953123783342102
0.00888;0.15755981400794322
0.00891;0.155873942581438
0.00894;0.15445925855560705
0.00897;0.1533032596588599
0.009000000000000001;0.15239513866181445
0.00903;0.15172563747898313
0.00906;0.15128692052031276
0.00909;0.15107246507156422
0.00912;0.15107696676288823
0.00915;0.1512962584319203
0.00918;0.1517272409038873
0.00921;0.15236782439999474
0.00924;0.15321687944823975
0.00927;0.1542741963111471
0.009300000000000001;0.1555404520645542
0.00933;0.15701718456230918
0.00936;0.15870677260578422
0.00939;0.16061242170459655
0.00942;0.1627381548685438
0.00945;0.1650888079091637
0.00948;0.16767002875516807
0.009510000000000001;0.17048828029686366
0.00954;0.173550846273458
0.00957;0.1768658396995921
0.009600000000000001;0.18044221329696378
0.00963;0.18428977134888236
0.00966;0.1884191823314835
0.00969;0.19284199159159737
0.00972;0.19757063323775695
0.00975;0.20261844028532572
0.00978;0.20799965194586473
0.009810000000000001;0.2137294167756143
0.00984;0.21982379019307377
0.00987;0.22629972464244222
0.0099;0.2331750504159009
0.00993;0.24046844485288393
0.00996;0.24819938731096372
0.00999;0.2563880969529337
0.01002;0.26505545002358694
0.01005;0.2742228729080977
0.01008;0.28391220687974816
0.010110000000000001;0.2941455400847809
0.01014;0.3049450019916499
0.01017;0.31633251528977163
0.0102;0.3283295001005541
0.01023;0.34095652540579285
0.01026;0.3542329028791873
0.01029;0.3681762188871577
0.010320000000000001;0.3828018013982387
0.01035;0.398122119988052
0.01038;0.41414611914973126
0.01041;0.4308784877976505
0.01044;0.4483188712658739
0.01047;0.46646103628633007
0.0105;0.4852920043871224
0.01053;0.5047911748030677
0.01056;0.5249294641694229
0.01059;0.5456684967116773
0.010620000000000001;0.5669598849199895
0.01065;0.5887446462910843
0.01068;0.6109528059313117
0.01071;0.6335032368951106
0.01074;0.6563037892565746
0.01077;0.6792517543253466
0.0108;0.7022347015172856
0.010830000000000001;0.72513171186161
0.01086;0.7478150140970801
0.01089;0.7701520074151382
0.010920000000000001;0.7920076303933987
0.01095;0.8132470103219145
0.01098;0.8337383031945075
0.01101;0.8533556145795964
0.01104;0.8719818777746979
0.01107;0.8895115600304014
0.0111;0.9058530714178539
0.011130000000000001;0.9209307643057173
0.01116;0.9346864335594176
0.01119;0.9470802565611406
0.01122;0.958091145309142
0.01125;0.9677165170712357
0.01128;0.975971522224306
0.01131;0.9828877952931343
0.011340000000000001;0.9885118157969992
0.01137;0.9929029782238719
0.0114;0.9961314751047343
0.011430000000000001;0.9982760944160984
0.01146;0.9994220236815462
0.01149;0.9996587398330025
0.01152;0.9990780479057589
0.01155;0.9977723146581882
0.01158;0.9958329266486253
0.01161;0.9933489872475096
0.011640000000000001;0.9904062542190194
0.01167;0.9870863092349261
0.0117;0.9834659430524673
0.01173;0.9796167349489466
0.01176;0.9756048020626749
0.01179;0.9714906931689903
0.01182;0.967329401722343
0.011850000000000001;0.9631704743367788
0.01188;0.9590581929147183
0.01191;0.9550318110773033
0.011940000000000001;0.9511258281688076
0.01197;0.9473702867287794
0.012;0.9437910818255113
0.01203;0.9404102729436764
0.01206;0.9372463911720489
0.01209;0.9343147362251177
0.01212;0.9316276593552855
0.012150000000000001;0.9291948294828969
0.01218;0.9270234809115284
0.01221;0.9251186418296908
0.012240000000000001;0.9234833434555609
0.01227;0.9221188101843478
0.0123;0.9210246314737699
0.01233;0.920198916473996
0.01236;0.9196384325950492
0.01239;0.9193387293234198
0.01242;0.9192942486655933
0.012450000000000001;0.919498423621253
0.01248;0.9199437660826362
0.01251;0.9206219455268801
0.01254;0.9215238598214732
0.01257;0.9226396994031505
0.0126;0.9239590060219698
0.01263;0.9254707271672109
0.012660000000000001;0.9271632672110074
0.01269;0.9290245362224095
0.01272;0.9310419973169036
0.012750000000000001;0.9332027133176802
0.01278;0.9354933934126678
0.01281;0.9379004403976786
0.01284;0.9404099989999836
0.01287;0.9430080056787173
0.0129;0.9456802401993468
0.01293;0.9484123791789058
0.012960000000000001;0.9511900516977544
0.01299;0.9539988969732935
0.01302;0.9568246239918986
0.01305;0.9596530728990735
0.01308;0.9624702778555984
0.01311;0.9652625309806485
0.01314;0.9680164469236274
0.013170000000000001;0.9707190275359899
0.0132;0.9733577260544598
0.01323;0.975920510159041
0.013260000000000001;0.9783959232351025
0.01329;0.9807731431489094
0.01332;0.9830420378415133
0.01335;0.9851932170572126
0.01338;0.9872180795503842
0.01341;0.9891088551568071
0.01344;0.9908586411734568
0.013470000000000001;0.9924614325613285
0.0135;0.9939121455685174
0.01353;0.995206634463224
0.013560000000000001;0.9963417011659575
0.01359;0.997315097675046
0.01362;0.9981255212862074
0.01365;0.9987726027134638
0.013680000000000001;0.9992568873218891
0.01371;0.9995798097802336
0.01374;0.9997436625311554
0.013770000000000001;0.9997515585565727
0.0138;0.9996073889840302
0.01383;0.9993157761354505
0.01386;0.9988820226618085
0.01389;0.9983120574355134
0.01392;0.9976123788868239
0.01395;0.9967899964715506
0.013980000000000001;0.9958523709460579
0.01401;0.9948073541025327
0.01404;0.9936631285844171
0.014070000000000001;0.9924281483601345
0.0141;0.9911110803843064
0.01413;0.989720747921465
0.01416;0.9882660759490293
0.014190000000000001;0.9867560389959732
0.01422;0.9851996117125562
0.01425;0.9836057224058775
0.014280000000000001;0.9819832097172432
0.01431;0.9803407825614172
0.01434;0.9786869833952975
0.01437;0.9770301548354535
0.0144;0.9753784096005844
0.01443;0.9737396037163042
0.01446;0.9721213128866955
0.014490000000000001;0.9705308119085032
0.01452;0.9689750569813321
0.01455;0.967460670748505
0.014580000000000001;0.9659939298900945
0.01461;0.9645807550800722
0.01464;0.9632267031141479
0.01467;0.9619369610131469
0.0147;0.9607163419076922
0.01473;0.9595692825140651
0.01476;0.9584998420171283
0.014790000000000001;0.9575117021844322
0.01482;0.9566081685451661
0.01485;0.9557921724785099
0.01488;0.955066274067818
0.01491;0.9544326655894854
0.01494;0.9538931755183426
0.01497;0.9534492729444103
0.015000000000000001;0.9531020723092839
0.01503;0.9528523383832332
0.01506;0.9527004914172071
0.015090000000000001;0.9526466124162861
0.01512;0.9526904484933748
0.01515;0.9528314182735075
0.01518;0.9530686173301638
0.01521;0.953400823645707
0.01524;0.9538265030976909
0.01527;0.9543438149822164
0.015300000000000001;0.95495061759399
0.01533;0.9556444738906251
0.01536;0.9564226572758161
0.015390000000000001;0.9572821575425038
0.01542;0.9582196870226323
0.01545;0.9592316869950689
0.01548;0.9603143344071023
0.015510000000000001;0.9614635489681345
0.01554;0.9626750006765441
0.01557;0.963944117841766
0.015600000000000001;0.9652660956642598
0.01563;0.9666359054352859
0.01566;0.9680483044166986
0.01569;0.9694978464585904
0.01572;0.9709788934083247
0.01575;0.9724856273602345
0.01578;0.9740120637888229
0.01581;0.9755520656015773
0.01584;0.9770993581392361
0.01587;0.9786475451421927
0.0159;0.9801901256916533
0.01593;0.9817205121229843
0.015960000000000002;0.9832320488968135
0.01599;0.9847180324007307
0.01602;0.986171731641266
0.016050000000000002;0.9875864097720131
0.01608;0.9889553463898221
0.01611;0.9902718605168727
0.01614;0.991529334172447
0.01617;0.9927212364246129
0.0162;0.9938411477989613
0.01623;0.9948827849092374
0.01626;0.9958400251635539
0.01629;0.9967069313899283
0.01632;0.9974777762166083
0.01635;0.998147066035862
0.01638;0.9987095643753876
0.01641;0.9991603144988439
0.01644;0.9994946610567755
0.016470000000000002;0.9997082706112279
0.0165;0.9997971508618434
0.01653;0.9997576684082856
0.016560000000000002;0.9995865648930364
0.01659;0.9992809713805114
0.01662;0.9988384208422457
0.01665;0.9982568586339355
0.01668;0.9975346508679362
0.01671;0.9966705906041596
0.01674;0.9956639018029694
0.01677;0.9945142410053576
0.0168;0.9932216967277224
0.01683;0.9917867865812163
0.01686;0.9902104521478043
0.01689;0.9884940516671509
0.01692;0.9866393506094372
0.01695;0.98464851022905
0.016980000000000002;0.9825240742125296
0.01701;0.9802689535508565
0.01704;0.977886409780796
0.017070000000000002;0.9753800367526764
0.0171;0.9727537410922482
0.01713;0.9700117215319237
0.01716;0.9671584472927047
0.01719;0.9641986357005174
0.01722;0.9611372292218914
0.01725;0.9579793721019788
0.01728;0.9547303867843108
0.01731;0.9513957502861475
0.01734;0.9479810706952774
0.01737;0.9444920639455333
0.0174;0.9409345310176038
0.01743;0.9373143357000392
0.01746;0.9336373830332617
0.017490000000000002;0.929909598545674
0.01752;0.9261369083782908
0.01755;0.9223252203797387
0.017580000000000002;0.9184804062403895
0.01761;0.9146082847208371
0.01764;0.9107146060162709
0.01767;0.9068050372867514
0.0177;0.9028851493702901
0.01773;0.8989604046853471
0.01776;0.8950361463185563
0.01779;0.8911175882840817
0.01782;0.8872098069327885
0.01785;0.8833177334812444
0.01788;0.8794461476246698
0.01791;0.8755996721916501
0.01794;0.8717827687942594
0.01797;0.8679997344229091
0.018000000000000002;0.864254698932649
0.01803;0.860551623365052
0.01806;0.8568942990487578
0.018090000000000002;0.8532863474206159
0.01812;0.849731220509434
0.01815;0.8462322020244347
0.01818;0.8427924089917336
0.01821;0.8394147938831076
0.01824;0.8361021471830232
0.01827;0.8328571003419852
0.0183;0.829682129066083
0.01833;0.8265795568955043
0.01836;0.8235515590267112
0.01839;0.8206001663359928
0.01842;0.817727269564613
0.01845;0.8149346236285446
0.01848;0.8122238520184467
0.018510000000000002;0.809596451258282
0.01854;0.8070537953934176
0.01857;0.804597140482034
0.018600000000000002;0.8022276290655322
0.01863;0.7999462945966744
0.01866;0.7977540658060136
0.018690000000000002;0.7956517709893728
0.01872;0.7936401422015762
0.01875;0.7917198193429984
0.01878;0.789891354127806
0.01881;0.7881552139240712
0.01884;0.7865117854577349
0.01887;0.7849613783739284
0.0189;0.7835042286500788
0.01893;0.782140501856901
0.01896;0.7808702962643366
0.01899;0.7796936457904764
0.019020000000000002;0.7786105227923953
0.01905;0.777620840698969
0.01908;0.7767244564859551
0.019110000000000002;0.7759211729949548
0.01914;0.7752107410979436
0.01917;0.7745928617099302
0.019200000000000002;0.7740671876526032
0.01923;0.7736333253885876
0.01926;0.7732908365523121
0.01929;0.773039239431277
0.01932;0.7728780102576108
0.01935;0.7728065843845451
0.01938;0.7728243573391621
0.01941;0.772930685756379
0.01944;0.7731248881995411
0.01947;0.7734062458731326
0.0195;0.7737740032330654
0.019530000000000002;0.7742273685003465
0.01956;0.7747655140839954
0.01959;0.7753875769189609
0.019620000000000002;0.7760926587252895
0.01965;0.7768798261945263
0.01968;0.7777481111095127
0.019710000000000002;0.7786965104038774
0.01974;0.7797239861675247
0.01977;0.7808294656045937
0.0198;0.782011840950055
0.01983;0.7832699693517131
0.01986;0.7846026727240165
0.01989;0.7860087375801958
0.01992;0.7874869148494149
0.01995;0.7890359196854749
0.01998;0.7906544312738617
0.02001;0.7923410926436114
0.02004;0.7940945104907661
0.02007;0.7959132550201461
0.0201;0.7977958598118593
0.020130000000000002;0.7997408217194714
0.02016;0.8017466008060996
0.02019;0.8038116203251535
0.020220000000000002;0.8059342667520841
0.02025;0.8081128898735284
0.02028;0.810345802940031
0.02031;0.8126312828885432
0.02034;0.8149675706406284
0.02037;0.8173528714822189
0.0204;0.819785355530501
0.02043;0.8222631582935441
0.02046;0.8247843813276524
0.02049;0.8273470929977106
0.02052;0.8299493293452467
0.02055;0.8325890950687453
0.02058;0.8352643646208545
0.02061;0.8379730834264143
0.020640000000000002;0.8407131692259321
0.02067;0.8434825135482055
0.0207;0.8462789833168359
0.020730000000000002;0.8491004225949531
0.02076;0.8519446544736081
0.02079;0.8548094831099787
0.02082;0.8576926959231603
0.02085;0.8605920659577379
0.02088;0.8635053544285902
0.02091;0.8664303134654902
0.02094;0.8693646890831376
0.02097;0.8723062244128374
0.021;0.8752526632467135
0.02103;0.8782017539674587
0.02106;0.8811512539677404
0.02109;0.8840989347101128
0.02112;0.887042587646155
0.021150000000000002;0.8899800313158922
0.02118;0.892909120101622
0.02121;0.8958277553443722
0.021240000000000002;0.8987338998928946
0.02127;0.9016255977205891
0.0213;0.9045010011471708
0.021330000000000002;0.9073584096590228
0.02136;0.9101963267261929
0.02139;0.9130135450584034
0.02142;0.9158092777045894
0.02145;0.9185833646855063
0.02148;0.9213366071402243
0.02151;0.9240713226904299
0.02154;0.9267922966187778
0.02157;0.9295084666878367
0.0216;0.9322360243026915
0.02163;0.9350043833596403
0.021660000000000002;0.937868292385817
0.02169;0.9409340331983697
0.02172;0.9444207373060313
0.021750000000000002;0.9488189897276195
0.02178;0.9553586329221139
0.02181;0.9676606651554244
0.021840000000000002;0.9993063597660891
0.02187;1.1248607606844045
0.0219;1.8014397196725374
0.02193;1.4769786201050064
0.02196;1.1640048903348106
0.02199;1.0842257923551069
0.02202;1.057314990801606
0.02205;1.0489146187093097
0.02208;1.0502218399379317
0.02211;1.059226046451615
0.02214;1.077158712124526
0.022170000000000002;1.1086407535702678
0.0222;1.1644483589510188
0.02223;1.2688674030501017
0.022260000000000002;1.4720359949750397
0.02229;1.8067774975303013
0.02232;1.965419199316492
0.022350000000000002;1.6878726632814314
0.02238;1.413145929349908
0.02241;1.2611781486621774
0.02244;1.1809370598366413
0.02247;1.1366473685321128
0.0225;1.1113722889908542
0.02253;1.0971906215644147
0.02256;1.0903362151519345
0.02259;1.0891721994267278
0.02262;1.0934363187786391
0.02265;1.104191875498164
0.022680000000000002;1.1245087875586621
0.02271;1.1616291732287989
0.02274;1.2333284966687046
0.022770000000000002;1.3868458960801644
0.0228;1.7236363794413019
0.02283;1.974689223840502
0.022860000000000002;1.5168109214044077
0.02289;1.2168331143503341
0.02292;1.103537466197327
0.02295;1.056246271667815
0.02298;1.0335920725151095
0.02301;1.0215152006647537
0.02304;1.0145450878167093
0.02307;1.0102733940257154
0.0231;1.007529600137875
0.02313;1.0056983812092104
0.02316;1.0044352934051723
0.023190000000000002;1.0035374337150114
0.02322;1.0028801621485874
0.02325;1.0023842116813588
0.023280000000000002;1.0019976977445804
0.02331;1.0016858396601436
0.02334;1.0014248633830103
0.023370000000000002;1.0011982642539967
0.0234;1.0009944494021044
0.02343;1.0008052120372988
0.02346;1.0006247213292518
0.02349;1.000448839785664
0.02352;1.0002746533107005
0.02355;1.0001001421724949
0.02358;0.9999239470454845
0.02361;0.9997452002806053
0.02364;0.9995634026174987
0.02367;0.9993783320059878
0.023700000000000002;0.999189975416098
0.02373;0.9989984773091951
0.02376;0.9988041003239276
0.023790000000000002;0.9986071950141605
0.02382;0.9984081763636402
0.02385;0.9982075054234406
0.023880000000000002;0.9980056748575126
0.02391;0.9978031974961435
0.02394;0.9976005972240395
0.02397;0.9973984016952485
0.024;0.997197136488914
0.02403;0.9969973204099839
0.02406;0.9967994617065634
0.02409;0.9966040550264047
0.02412;0.9964115789734995
0.02415;0.9962224941552271
0.02418;0.9960372416331503
0.02421;0.99585624170804
0.02424;0.9956798929833292
0.02427;0.9955085716618627
0.024300000000000002;0.9953426310392748
0.02433;0.9951824011638716
0.02436;0.995028188638316
0.024390000000000002;0.9948802765425413
0.02442;0.9947389244607973
0.02445;0.9946043685984914
0.024480000000000002;0.994476821976693
0.02451;0.9943564746940392
0.02454;0.9942434942472419
0.02457;0.9941380259027258
0.0246;0.9940401931127957
0.02463;0.9939500979707925
0.02466;0.9938678217002405
0.02469;0.9937934251737199
0.02472;0.993726949457514
0.02475;0.9936684163789162
0.02478;0.9936178291128769
0.024810000000000002;0.9935751727855133
0.02484;0.9935404150919763
0.02487;0.993513506926489
0.024900000000000002;0.9934943830225705
0.02493;0.9934829626016703
0.02496;0.9934791500285242
0.024990000000000002;0.9934828354716988
0.02502;0.9934938955680058
0.02505;0.9935121940893873
0.02508;0.9935375826111567
0.02511;0.9935699011804202
0.02514;0.9936089789836757
0.02517;0.9936546350125868
0.0252;0.9937066787270199
0.02523;0.993764910714467
0.02526;0.9938291233450788
0.02529;0.9938991014214541
0.025320000000000002;0.9939746228225439
0.02535;0.9940554591409203
0.02538;0.9941413763126983
0.025410000000000002;0.9942321352396603
0.02544;0.9943274924027031
0.02547;0.9944272004663065
0.025500000000000002;0.9945310088732944
0.02553;0.9946386644294304
0.02556;0.994749911877361
0.02559;0.994864494459406
0.02562;0.994982154468745
0.02565;0.9951026337885991
0.02568;0.9952256744189618
0.02571;0.9953510189905469
0.02574;0.9954784112655434
0.02577;0.9956075966248946
0.0258;0.9957383225417472
0.025830000000000002;0.9958703390408228
0.02586;0.9960033991434173
0.02589;0.9961372592978435
0.025920000000000002;0.9962716797950592
0.02595;0.9964064251693601
0.02598;0.9965412645839389
0.026010000000000002;0.9966759722012408
0.02604;0.9968103275379995
0.02607;0.9969441158049361
0.0261;0.9970771282310684
0.02613;0.9972091623726685
0.02616;0.9973400224070983
0.02619;0.9974695194110161
0.02622;0.9975974716241247
0.02625;0.9977237046976479
0.02628;0.9978480519283138
0.02631;0.9979703544779871
0.026340000000000002;0.9980904615792625
0.02637;0.9982082307274269
0.0264;0.9983235278592095
0.026430000000000002;0.9984362275188247
0.02646;0.9985462130118492
0.02649;0.9986533765476019
0.026520000000000002;0.998757619370635
0.02655;0.9988588518822026
0.02658;0.9989569937524977
0.02661;0.9990519740245889
0.02664;0.9991437312111089
0.02667;0.9992322133848359
0.0267;0.9993173782643696
0.02673;0.9993991932962751
0.02676;0.9994776357351945
0.02679;0.9995526927235705
0.02682;0.9996243613727246
0.026850000000000002;0.99969264884729
0.02688;0.9997575724551842
0.02691;0.999819159745418
0.026940000000000002;0.9998774486164402
0.02697;0.9999324874378361
0.027;0.9999843351886099
0.027030000000000002;1.0000330616155335
0.02706;1.000078747415516
0.02709;1.0001214844462758
0.027120000000000002;1.000161375970195
0.02715;1.0001985369366904
0.02718;1.0002330943091629
0.02721;1.0002651874432316
0.02724;1.0002949685237899
0.02727;1.000322603069457
0.0273;1.000348270513909
0.02733;1.0003721648749941
0.027360000000000002;1.0003944955238095
0.02739;1.00041548806769
0.02742;1.0004353853628445
0.027450000000000002;1.0004544486746956
0.02748;1.0004729590063846
0.02751;1.0004912186189907
0.027540000000000002;1.0005095527704182
0.02757;1.0005283117038493
0.0276;1.0005478729214592
0.027630000000000002;1.000568643784516
0.02766;1.0005910644874338
0.02769;1.0006156114609008
0.02772;1.0006428012681823
0.02775;1.0006731950691161
0.02778;1.0007074037388801
0.02781;1.0007460937432617
0.02784;1.0007899938898246
0.027870000000000002;1.0008399030952106
0.0279;1.00089669933383
0.02793;1.0009613499631882
0.027960000000000002;1.0010349236569935
0.02799;1.001118604220616
0.02802;1.0012137066158309
0.028050000000000002;1.0013216955851072
0.02808;1.0014442073430967
0.02811;1.0015830748967498
0.028140000000000002;1.0017403576708355
0.02817;1.0019183762566772
0.0282;1.0021197532761033
0.02823;1.0023474615676138
0.02826;1.0026048811688137
0.02829;1.0028958669015526
0.02832;1.003224828782069
0.02835;1.003596828000433
0.028380000000000002;1.0040176918718617
0.02841;1.0044941519957504
0.02844;1.0050340109183142
0.028470000000000002;1.005646343948666
0.0285;1.006341744515892
0.02853;1.0071326236951605
0.028560000000000002;1.0080335774335578
0.02859;1.009061838784308
0.02862;1.010237837399573
0.028650000000000002;1.0115858950248433
0.02868;1.0131350943097597
0.02871;1.01492036961416
0.02874;1.0169838836163465
0.02877;1.019376773737054
0.0288;1.0221613794542352
0.02883;1.0254140978748376
0.02886;1.029229063574459
0.02889;1.0337229137055903
0.02892;1.03904098554451
0.02895;1.045365406236271
0.028980000000000002;1.0529256777433884
0.02901;1.0620125334533659
0.02904;1.072996032866376
0.029070000000000002;1.0863490213932219
0.0291;1.102677095293966
0.02913;1.1227558041274701
0.029160000000000002;1.1475744052356518
0.02919;1.1783818547777969
0.02922;1.2167225875407155
0.02925;1.264433082095633
0.02928;1.3235398499366902
0.02931;1.395952185868532
0.02934;1.4827921523128917
0.02937;1.5832145342283996
0.0294;1.6927993679962532
0.02943;1.8022343845619695
0.02946;1.8978309434527616
0.029490000000000002;1.9652335775399261
0.02952;1.9952290702337612
0.02955;1.9876520503216177
0.029580000000000002;1.950347510458318
0.02961;1.8946140149066784
0.02964;1.8308659453340879
0.029670000000000002;1.7665653542770592
0.0297;1.7061145226242924
0.02973;1.651615881755435
0.02976;1.6037281494750955
0.02979;1.5623196013184897
0.02982;1.526885890614488
0.02985;1.49678930410545
0.02988;1.4713837653062254
0.02991;1.4500734154886699
0.02994;1.43233513643162
0.02997;1.417722736643925
0.030000000000000002;1.4058625925216164
0.03003;1.3964459152210456
0.03006;1.389220240922009
0.030090000000000002;1.3839813565747692
0.03012;1.3805661504934164
0.03015;1.3788465146173503
0.030180000000000002;1.3787242538702411
0.03021;1.380126885294352
0.03024;1.383004185674441
0.030270000000000002;1.3873253446920129
0.0303;1.3930765873892168
0.03033;1.4002591377300575
0.03036;1.4088874007346504
0.03039;1.418987242291369
0.03042;1.4305942425702016
0.03045;1.4437517908053799
0.03048;1.4585088764284455
0.030510000000000002;1.4749174150607496
0.03054;1.4930289295843207
0.03057;1.5128903896587889
0.030600000000000002;1.5345390029169852
0.03063;1.5579957557489685
0.03066;1.583257532672066
0.030690000000000002;1.6102877163776654
0.03072;1.6390053047384059
0.03075;1.669272796855296
0.030780000000000002;1.7008834145162803
0.03081;1.7335486425856275
0.03084;1.7668875703111317
0.03087;1.8004200316986452
0.0309;1.833565957291342
0.03093;1.8656534846016157
0.03096;1.895938019449979
0.03099;1.9236334136342328
0.031020000000000002;1.9479546701528965
0.03105;1.9681692817729577
0.03108;1.9836519148191363
0.031110000000000002;1.9939353547826084
0.03114;1.998750136212403
0.03117;1.9980465038769657
0.031200000000000002;1.991995179047079
0.03123;1.9809671445306016
0.03126;1.9654962840657821
0.03129;1.946231246775668
0.03132;1.9238838132369744
0.03135;1.8991803465632464
0.03138;1.872821108996523
0.03141;1.845449990952023
0.03144;1.8176351368836103
0.03147;1.7898594291550771
0.0315;1.7625189203037288
0.03153;1.7359270105338747
0.03156;1.7103222835312664
0.03159;1.6858782595744473
0.03162;1.6627137539862478
0.03165;1.6409029442534997
0.03168;1.620484599412581
0.03171;1.601470192939015
0.03174;1.5838508082236877
0.03177;1.5676028666027912
0.0318;1.5526927776618613
0.031830000000000004;1.5390806451108685
0.03186;1.526723171288236
0.03189;1.5155758986422965
0.031920000000000004;1.505594913966262
0.03195;1.4967381251191763
0.03198;1.4889662031795117
0.032010000000000004;1.4822432670192944
0.03204;1.476537372944269
0.03207;1.471820859616752
0.032100000000000004;1.4680705879678024
0.03213;1.4652681070534286
0.03216;1.4633997695803225
0.03219;1.462456814846784
0.03222;1.4624354318451274
0.03225;1.4633368109834064
0.03228;1.4651671890515992
0.03231;1.4679378884287975
0.03234;1.4716653478491133
0.03237;1.4763711380502427
0.0324;1.482081951028913
0.03243;1.488829546095918
0.03246;1.496650629088152
0.03249;1.5055866325227258
0.03252;1.515683353685536
0.03255;1.5269903940877432
0.03258;1.5395603268531333
0.03261;1.5534474979072683
0.03264;1.568706342020243
0.03267;1.5853890659102168
0.0327;1.603542518658459
0.03273;1.6232040369213703
0.03276;1.6443960234187172
0.03279;1.6671189999837255
0.03282;1.6913428841170253
0.032850000000000004;1.7169962902165181
0.03288;1.7439537811426324
0.03291;1.7720212280540784
0.032940000000000004;1.8009198163984503
0.03297;1.83026979813377
0.033;1.8595758446484272
0.033030000000000004;1.8882167556353064
0.03306;1.9154431841231507
0.03309;1.9403876710133945
0.033120000000000004;1.9620912287671688
0.03315;1.9795494888268077
0.03318;1.9917786603018959
0.03321;1.9978972701251403
0.03324;1.9972145883511556
0.03327;1.9893122683535989
0.0333;1.9741039281820385
0.03333;1.9518596201875837
0.03336;1.9231884879625434
0.03339;1.888981740513842
0.03342;1.8503265110286364
0.03345;1.80840642523196
0.03348;1.764405378325949
0.03351;1.7194275805372528
0.03354;1.6744412104850017
0.03357;1.6302471552573023
0.0336;1.5874698696195888
0.03363;1.5465649626288775
0.03366;1.5078375340767445
0.03369;1.4714659431703043
0.03372;1.4375269518567175
0.03375;1.4060195498879624
0.03378;1.376885949704763
0.03381;1.3500291226718897
0.03384;1.3253268322900633
0.033870000000000004;1.302642457523723
0.0339;1.2818330585241047
0.03393;1.2627551803646282
0.033960000000000004;1.2452688666315128
0.03399;1.2292402977497954
0.03402;1.2145434002875883
0.034050000000000004;1.2010607055596336
0.03408;1.1886836748780525
0.03411;1.177312657229458
0.034140000000000004;1.1668566032470882
0.03417;1.1572326262899952
0.0342;1.148365475941779
0.034230000000000003;1.1401869699424803
0.03426;1.1326354161869
0.03429;1.1256550458668444
0.03432;1.1191954711944925
0.03435;1.1132111756963876
0.03438;1.1076610412493568
0.03441;1.1025079134055538
0.03444;1.0977182047998064
0.03447;1.0932615352999262
0.0345;1.089110406873353
0.03453;1.0852399107626898
0.03456;1.0816274643967372
0.03459;1.0782525754396086
0.03462;1.0750966304488099
0.03465;1.0721427057406625
0.03468;1.0693753982195116
0.03471;1.0667806741031316
0.03474;1.0643457336555082
0.03477;1.0620588902148926
0.0348;1.0599094619731404
0.03483;1.0578876751202027
0.03486;1.0559845771135787
0.034890000000000004;1.0541919589654531
0.03492;1.0525022855614443
0.03495;1.0509086331335777
0.034980000000000004;1.049404633107824
0.03501;1.0479844216337866
0.03504;1.0466425941820552
0.035070000000000004;1.0453741646637256
0.0351;1.0441745285880746
0.03513;1.0430394298286498
0.035160000000000004;1.0419649306164929
0.03519;1.0409473844215424
0.03522;1.0399834114212572
0.035250000000000004;1.0390698762887405
0.03528;1.0382038680622758
0.03531;1.037382681884246
0.03534;1.0366038024206228
0.03537;1.0358648887925763
0.0354;1.0351637608700277
0.03543;1.0344983867929365
0.03546;1.033866871600432
0.03549;1.0332674468605327
0.03552;1.0326984612043975
0.03555;1.0321583716791245
0.03558;1.0316457358418791
0.03561;1.0311592045260938
0.03564;1.0306975152175504
0.03567;1.0302594859843417
0.0357;1.029844009910384
0.03573;1.0294500499871209
0.03576;1.0290766344225248
0.03579;1.0287228523304903
0.03582;1.0283878497673231
0.03585;1.0280708260852123
0.03588;1.0277710305754346
0.03591;1.0274877593766731
0.03594;1.0272203526260932
0.03597;1.0269681918329268
0.036000000000000004;1.026730697456261
0.03603;1.0265073266702638
0.03606;1.026297571301823
0.036090000000000004;1.0261009559266978
0.03612;1.0259170361117997
0.03615;1.0257453967921237
0.036180000000000004;1.0255856507719874
0.03621;1.0254374373411272
0.03624;1.0253004209970726
0.036270000000000004;1.025174290265919
0.0363;1.025058756614352
0.03633;1.0249535534464582
0.03636;1.0248584351792691
0.03639;1.0247731763917727
0.03642;1.0246975710422828
0.03645;1.0246314317498055
0.03648;1.0245745891352314
0.03651;1.024526891218612
0.03654;1.0244882028692068
0.03657;1.0244584053051224
0.0366;1.0244373956398083
0.03663;1.0244250864729025
0.03666;1.0244214055230711
0.03669;1.0244262953008585
0.03672;1.0244397128196905
0.03675;1.0244616293433715
0.03678;1.024492030168633
0.03681;1.0245309144414496
0.03684;1.0245782950060125
0.03687;1.0246341982853837
0.0369;1.0246986641930178
0.03693;1.0247717460744785
0.03696;1.024853510678813
0.03699;1.02494403815915
0.037020000000000004;1.0250434221022526
0.03705;1.0251517695868257
0.03708;1.0252692012705855
0.037110000000000004;1.0253958515060602
0.03714;1.0255318684853811
0.03717;1.0256774144142942
0.037200000000000004;1.025832665715835
0.03723;1.025997813264122
0.03726;1.0261730626489358
0.037290000000000004;1.026358634471797
0.03732;1.0265547646743787
0.03735;1.0267617049002389
0.037380000000000004;1.0269797228909487
0.03741;1.0272091029178103
0.03744;1.0274501462505128
0.03747;1.0277031716641845
0.0375;1.027968515986412
0.03753;1.0282465346860288
0.03756;1.0285376025054929
0.03759;1.0288421141389001
0.03762;1.0291604849579035
0.03765;1.029493151787804
0.03768;1.0298405737364407
0.03771;1.0302032330785689
0.03774;1.0305816361986895
0.03777;1.0309763145954156
0.0378;1.0313878259507945
0.03783;1.0318167552681385
0.03786;1.0322637160821881
0.03789;1.0327293517457354
0.03792;1.0332143367970388
0.03795;1.0337193784127052
0.03798;1.0342452179509947
0.03801;1.034792632590831
0.038040000000000004;1.0353624370721612
0.03807;1.035955485543653
0.0381;1.0365726735240695
0.038130000000000004;1.0372149399841888
0.03816;1.0378832695563773
0.03819;1.0385786948795614
0.038220000000000004;1.0393022990876781
0.03825;1.0400552184502714
0.03828;1.0408386451744143
0.038310000000000004;1.0416538303775964
0.03834;1.0425020872419815
0.03837;1.0433847943608334
0.038400000000000004;1.0443033992887067
0.03843;1.0452594223075407
0.03846;1.0462544604215454
0.03849;1.0472901915943917
0.03852;1.04836837924309
0.03855;1.0494908770034221
0.03858;1.050659633782795
0.03861;1.051876699116953
0.03864;1.0531442288478745
0.03867;1.0544644911407566
0.0387;1.05583987285881
0.03873;1.057272886315299
0.03876;1.058766176422722
0.03879;1.060322528259764
0.03882;1.0619448750770024
0.03885;1.063636306762625
0.03888;1.0654000787897373
0.03891;1.0672396216667206
0.03894;1.0691585509117378
0.03897;1.0711606775720528
0.039;1.0732500193078103
0.03903;1.0754308120583926
0.039060000000000004;1.0777075223078687
0.03909;1.0800848599629593
0.03912;1.082567791854097
0.039150000000000004;1.0851615558654646
0.03918;1.0878716756949292
0.03921;1.0907039762378228
0.039240000000000004;1.0936645995806011
0.03927;1.0967600215806017
0.0393;1.0999970689961944
0.039330000000000004;1.1033829371172308
0.03936;1.1069252078291285
0.03939;1.1106318680232745
0.039420000000000004;1.1145113282431878
0.03945;1.1185724414277816
0.03948;1.122824521580267
0.03951;1.1272773621535863
0.03954;1.131941253898639
0.03957;1.1368270018715243
0.0396;1.141945941235958
0.03963;1.1473099514314995
0.03966;1.1529314682004907
0.03969;1.1588234928806813
0.03972;1.1649995982722599
0.03975;1.1714739302787072
0.03978;1.1782612043992227
0.03981;1.185376696015555
0.03984;1.1928362232696237
0.03987;1.20065612116861
0.0399;1.2088532053847554
0.03993;1.2174447240379234
0.03996;1.226448295565791
0.03999;1.2358818305995536
0.04002;1.2457634355853588
0.04005;1.2561112957245661
0.04008;1.2669435346650115
0.04011;1.278278048274865
0.04014;1.2901323097823743
0.040170000000000004;1.3025231435973923
0.0402;1.315466465262114
0.04023;1.3289769852404496
0.040260000000000004;1.343067874679128
0.04029;1.357750391894236
0.04032;1.3730334691888415
0.040350000000000004;1.388923260728763
0.04038;1.4054226536227592
0.04041;1.422530746099896
0.040440000000000004;1.4402422987571994
0.04047;1.458547167266774
0.0405;1.4774297276406925
0.040530000000000004;1.4968683081068914
0.04056;1.516834644731304
0.04059;1.5372933809942129
0.04062;1.5582016343960994
0.04065;1.5795086555750426
0.04068;1.6011556071014919
0.04071;1.6230754897414008
0.04074;1.6451932432485379
0.04077;1.667426046352341
0.0408;1.6896838363340203
0.04083;1.711870062292111
0.04086;1.7338826779218606
0.04089;1.7556153695715453
0.04092;1.7769590039023748
0.04095;1.7978032672950026
0.04098;1.8180384570022514
0.04101;1.8375573728921406
0.04104;1.856257249407459
0.04107;1.8740416610359447
0.0411;1.8908223318565363
0.04113;1.906520781107886
0.04116;1.9210697423261225
0.041190000000000004;1.934414303175943
0.04122;1.9465127260113098
0.04125;1.9573369245004812
0.041280000000000004;1.9668725881661917
0.04131;1.9751189631739425
0.04134;1.9820883129423905
0.041370000000000004;1.9878050951268629
0.0414;1.9923049014774454
0.04143;1.9956332135693318
0.041460000000000004;1.9978440303452352
0.04149;1.9989984230058389
0.04152;1.999163069486802
0.041550000000000004;1.9984088151830524
0.04158;1.9968092994213544
0.04161;1.9944396791367338
0.04164;1.9913754729171642
0.04167;1.9876915405779962
0.0417;1.983461206122805
0.04173;1.9787555256128524
0.04176;1.9736426962573232
0.04179;1.968187598990977
0.04182;1.9624514638872843
0.04185;1.9564916458603034
0.04188;1.9503614971020955
0.04191;1.9441103224263168
0.04194;1.9377834039866741
0.04197;1.9314220825605644
0.042;1.9250638836001548
0.04203;1.9187426774425775
0.04206;1.91248886434272
0.04209;1.9063295762794714
0.04212;1.9002888887284068
0.04215;1.894388036761661
0.04218;1.8886456308994481
0.042210000000000004;1.8830778690892402
0.04224;1.8776987420204991
0.04227;1.872520229698374
0.042300000000000004;1.8675524878048926
0.04233;1.8628040228790423
0.04236;1.8582818557566774
0.042390000000000004;1.853991673040375
0.04242;1.8499379666239677
0.04245;1.8461241614866286
0.042480000000000004;1.8425527320935418
0.04251;1.8392253077605303
0.04254;1.8361427670432153
0.042570000000000004;1.8333053184298653
0.0426;1.8291920405264568
0.04263;1.826901899714837
0.042660000000000003;1.8248322732503561
0.04269;1.8229965045000691
0.04272;1.8213963843638583
0.04275;1.8200311687062996
0.04278;1.8188990444122715
0.04281;1.8179975894816478
0.04284;1.8173239690292309
0.04287;1.8168750366160036
0.0429;1.8166473940442704
0.04293;1.8166374299426493
0.04296;1.816841346115281
0.04299;1.8172551760954656
0.04302;1.8178747983232768
0.04305;1.8186959453851983
0.04308;1.8197142102399069
0.04311;1.8209250500685124
0.04314;1.822323788218782
0.04317;1.8239056146087624
0.0432;1.825665584887064
0.043230000000000005;1.8275986186017055
0.04326;1.8296994965972289
0.04329;1.8319628578366338
0.043320000000000004;1.8343831958277521
0.04335;1.836954854820594
0.04338;1.8396720259319663
0.043410000000000004;1.8425287433459523
0.04344;1.845518880731867
0.04347;1.848636148016172
0.043500000000000004;1.8518740886395653
0.04353;1.8552260774259928
0.04356;1.8586853191859494
0.043590000000000004;1.8622448481715186
0.04362;1.8658975284960444
0.04365;1.8696360556253415
0.043680000000000004;1.8734529590417124
0.04371;1.8773406061744558
0.04374;1.8812912076833637
0.04377;1.8852968241718377
0.0438;1.88934937439697
0.04383;1.893440645031904
0.04386;1.8975623020236734
0.04389;1.901705903575827
0.04392;1.9058629147698938
0.04395;1.9100247238239194
0.04398;1.9141826599687044
0.04401;1.9183280129047762
0.04404;1.922452053783431
0.04407;1.9265460576364648
0.0441;1.930601327158928
0.04413;1.9346092177296874
0.04416;1.938561163534695
0.04419;1.9424487046390313
0.04422;1.9462635148356178
0.04425;1.9499974300814227
0.04428;1.9536424773168946
0.04431;1.957190903450685
0.044340000000000004;1.9606352042808188
0.04437;1.9639681531147504
0.0444;1.9671828288450304
0.044430000000000004;1.970272643234524
0.04446;1.9732313671656838
0.04449;1.9760531556122352
0.044520000000000004;1.97873257109874
0.04455;1.981264605424336
0.04458;1.9836446994405708
0.044610000000000004;1.985868760690516
0.04464;1.9879331787360872
0.04467;1.989834838023276
0.044700000000000004;1.9915711281595656
0.04473;1.993139951504547
0.04476;1.994539728003059
0.04479;1.9957693972187993
0.04482;1.9968284175561333
0.04485;1.9977167626869754
0.04488;1.998434915228482
0.04491;1.9989838577450387
0.04494;1.9993650611739475
0.04497;1.9995804707986375
