1e-20;4.625129096023491e-19
3.000000000000001e-05;4.839110669536536e-19
6.000000000000001e-05;5.063279876732131e-19
9.000000000000002e-05;5.29813549289828e-19
0.00012000000000000002;5.544201377258734e-19
0.00015000000000000001;5.802027766666926e-19
0.00018;6.072192637526512e-19
0.00021;6.355303139647469e-19
0.00024;6.651997105881096e-19
0.00027;6.962944641630558e-19
0.00030000000000000003;7.288849798528981e-19
0.00033;7.630452336815419e-19
0.00036;7.988529581209708e-19
0.00039;8.363898375310719e-19
0.00042;8.75741713984825e-19
0.00045;9.169988040389637e-19
0.00048;9.602559270405705e-19
0.00051;1.005612745594935e-18
0.00054;1.0531740188502985e-18
0.00057;1.1030498692922695e-18
0.0006000000000000001;1.1553560637802721e-18
0.00063;1.2102143095925828e-18
0.00066;1.2677525662979512e-18
0.00069;1.3281053743017413e-18
0.00072;1.3914142009767224e-18
0.00075;1.4578278053221416e-18
0.00078;1.5275026221605254e-18
0.0008100000000000001;1.600603166922647e-18
0.00084;1.6773024621358435e-18
0.00087;1.7577824867896718e-18
0.0009;1.842234649813157e-18
0.00093;1.9308602889668013e-18
0.00096;2.023871196518869e-18
0.00099;2.1214901731537304e-18
0.00102;2.2239516116265345e-18
0.00105;2.3315021117792076e-18
0.00108;2.444401128587388e-18
0.00111;2.5629216550272493e-18
0.00114;2.6873509416232223e-18
0.00117;2.8179912546460425e-18
0.0012000000000000001;2.95516067502925e-18
0.00123;3.0991939401743323e-18
0.00126;3.2504433309429954e-18
0.0012900000000000001;3.4092796062294948e-18
0.00132;3.576092987652121e-18
0.00135;3.751294197012956e-18
0.00138;3.935315549313877e-18
0.00141;4.128612104267377e-18
0.00144;4.331662879369177e-18
0.00147;4.544972127760815e-18
0.0015;4.769070684269085e-18
0.0015300000000000001;5.004517383163098e-18
0.00156;5.25190055134966e-18
0.00159;5.511839580902561e-18
0.0016200000000000001;5.784986584991772e-18
0.00165;6.0720281414829375e-18
0.00168;6.373687128638598e-18
0.0017100000000000001;6.690724657619995e-18
0.00174;7.023942106583505e-18
0.00177;7.374183261490323e-18
0.0018;7.742336568864948e-18
0.00183;8.12933750602419e-18
0.00186;8.536171074451424e-18
0.00189;8.963874422279154e-18
0.00192;9.413539601986774e-18
0.0019500000000000001;9.88631646970578e-18
0.00198;1.0383415732707165e-17
0.00201;1.0906112151834864e-17
0.00204;1.1455747905912915e-17
0.0020700000000000002;1.2033736125248063e-17
0.0021;1.264156460168074e-17
0.00213;1.3280799682596713e-17
0.00216;1.3953090356656368e-17
0.00219;1.466017253894135e-17
0.00222;1.5403873563454293e-17
0.0022500000000000003;1.6186116890800247e-17
0.00228;1.7008927038996272e-17
0.00231;1.7874434745251888e-17
0.00234;1.87848823664163e-17
0.00237;1.9742629525677082e-17
0.0024000000000000002;2.075015901271535e-17
0.00243;2.1810082944183436e-17
0.00246;2.29251491908995e-17
0.00249;2.4098248077471362e-17
0.00252;2.533241935923569e-17
0.00255;2.6630859480542305e-17
0.0025800000000000003;2.7996929116966294e-17
0.00261;2.943416100301181e-17
0.00264;3.094626804463968e-17
0.00267;3.253715171435453e-17
0.0027;3.421091072396982e-17
0.0027300000000000002;3.597184996735181e-17
0.00276;3.782448972228414e-17
0.00279;3.977357509649008e-17
0.00282;4.1824085698732664e-17
0.00285;4.39812455103304e-17
0.00288;4.6250532926752323e-17
0.0029100000000000003;4.863769093175981e-17
0.00294;5.114873735877317e-17
0.00297;5.378997518453347e-17
0.003;5.656800279025022e-17
0.00303;5.948972411215562e-17
0.0030600000000000002;6.256235859033954e-17
0.00309;6.579345080811002e-17
0.00312;6.919087969560384e-17
0.00315;7.276286715076306e-17
0.00318;7.651798590551085e-17
0.00321;8.04651664381584e-17
0.0032400000000000003;8.461370270038856e-17
0.00327;8.897325639095406e-17
0.0033;9.355385946614358e-17
0.00333;9.836591452862321e-17
0.00336;1.0342019268174064e-16
0.0033900000000000002;1.0872782837227672e-16
0.0034200000000000003;1.1430031067181579e-16
0.00345;1.2014947036375918e-16
0.00348;1.262874621055952e-16
0.00351;1.3272674082602514e-16
0.00354;1.394800313878445e-16
0.0035700000000000003;1.4656029039973777e-16
0.0036;1.539806588893909e-16
0.00363;1.617544043517065e-16
0.00366;1.6989485045753065e-16
0.00369;1.7841529243882873e-16
0.00372;1.8732889585732733e-16
0.0037500000000000003;1.9664857609862872e-16
0.00378;2.0638685550786627e-16
0.00381;2.1655569458372333e-16
0.00384;2.271662930564799e-16
0.00387;2.3822885597869736e-16
0.0039000000000000003;2.4975231912864277e-16
0.00393;2.6174402703760623e-16
0.00396;2.7420935576538627e-16
0.0039900000000000005;2.8715127112090416e-16
0.00402;3.005698112875735e-16
0.00405;3.1446148069987223e-16
0.00408;3.2881853940650094e-16
0.00411;3.4362816892883384e-16
0.0041400000000000005;3.5887149157549355e-16
0.00417;3.7452241505727113e-16
0.0042;3.9054626771226574e-16
0.00423;4.0689818117736307e-16
0.00426;4.235211662432349e-16
0.00429;4.403438128297729e-16
0.00432;4.572775249868581e-16
0.00435;4.742131741846391e-16
0.00438;4.910170152509245e-16
0.00441;5.075256532849218e-16
0.00444;5.235397671354607e-16
0.00447;5.388161693437476e-16
0.0045000000000000005;5.530575853701961e-16
0.00453;5.658992145209842e-16
0.00456;5.768905921239558e-16
0.00459;5.854703073592526e-16
0.00462;5.909293150982331e-16
0.0046500000000000005;5.923549212847867e-16
0.00468;5.885395012363458e-16
0.00471;5.778184330735061e-16
0.00474;5.577465599078312e-16
0.00477;5.243315819070999e-16
0.0048000000000000004;4.696220209231354e-16
0.00483;3.6712399599406045e-16
0.00486;6.58908701049125e-13
0.00489;1.7957771258907966e-12
0.00492;3.0979554817696062e-12
0.00495;4.5910525820426325e-12
0.00498;6.300529284822401e-12
0.00501;8.254141777933659e-12
0.00504;1.0482714555782505e-11
0.00507;1.3020681358324721e-11
0.0051;1.5906601669288674e-11
0.00513;1.9183709352466694e-11
0.0051600000000000005;2.290051765666648e-11
0.00519;2.711149618564902e-11
0.00522;3.18778333134386e-11
0.00525;3.726829769218525e-11
0.00528;4.336021369193827e-11
0.0053100000000000005;5.024056741700717e-11
0.00534;5.8007262231668337e-11
0.00537;6.677054548117491e-11
0.0054;7.665463134224664e-11
0.00543;8.779954854453399e-11
0.0054600000000000004;1.0036324615481758e-10
0.00549;1.1452399581498336e-10
0.00552;1.3048313490342258e-10
0.00555;1.4846820220205974e-10
0.00558;1.6873652598406463e-10
0.00561;1.9157933421355484e-10
0.00564;2.1732646803291172e-10
0.0056700000000000006;2.463517932293215e-10
0.0057;2.790794202982197e-10
0.00573;3.159908625227801e-10
0.00576;3.5763328372107764e-10
0.00579;4.046290136448073e-10
0.0058200000000000005;4.576865402588395e-10
0.00585;5.17613225279244e-10
0.00588;5.853300335840859e-10
0.00591;6.61888619902071e-10
0.00594;7.484911793091447e-10
0.0059700000000000005;8.465135436808536e-10
0.006;9.575320970552945e-10
0.00603;1.083355192106922e-09
0.00606;1.2260598816732276e-09
0.00609;1.388034938522536e-09
0.0061200000000000004;1.5720313294441776e-09
0.00615;1.7812215440706774e-09
0.00618;2.0192694640281966e-09
0.00621;2.2904128062638304e-09
0.00624;2.5995606004838364e-09
0.00627;2.9524086836942974e-09
0.0063;3.3555768384688607e-09
0.0063300000000000006;3.816771996160204e-09
0.00636;4.344982910017732e-09
0.00639;4.9507129249918e-09
0.00642;5.64625899348105e-09
0.00645;6.446046989686695e-09
0.0064800000000000005;7.367035763202283e-09
0.00651;8.429205379246543e-09
0.00654;9.656148792907861e-09
0.00657;1.1075791025836292e-08
0.0066;1.2721266055195597e-08
0.0066300000000000005;1.4631989480397743e-08
0.00666;1.6854975125906124e-08
0.00669;1.944645676338802e-08
0.00672;2.2473893025516135e-08
0.00675;2.601845559052362e-08
0.0067800000000000004;3.0178129538217095e-08
0.00681;3.5071592728382935e-08
0.006840000000000001;4.084309130018857e-08
0.00687;4.766859531077809e-08
0.0069;5.5763608200354966e-08
0.00693;6.539312469140144e-08
0.00696;7.68843958905734e-08
0.0069900000000000006;9.064338479910588e-08
0.00702;1.0717610455805927e-07
0.00705;1.271164608425296e-07
0.00708;1.512628203226747e-07
0.00711;1.806263748325337e-07
0.0071400000000000005;2.1649557857450257e-07
0.00717;2.6052267293415485e-07
0.0072;3.148408382643438e-07
0.00723;3.8222422148780744e-07
0.00726;4.663086020464003e-07
0.0072900000000000005;5.718987558794692e-07
0.00732;7.054012288151796e-07
0.00735;8.754407966616624e-07
0.00738;1.093749610069202e-06
0.00741;1.3764670500284889e-06
0.00744;1.7460679517478627e-06
0.00747;2.2342686772235787e-06
0.007500000000000001;2.886483285584919e-06
0.00753;3.768787064260441e-06
0.00756;4.979026650429749e-06
0.00759;6.664956914247531e-06
0.00762;9.054610922118132e-06
0.0076500000000000005;1.2508615446951392e-05
0.00768;1.761321919767764e-05
0.00771;2.5351756914906073e-05
0.00774;3.743383253183143e-05
0.00777;5.695752377970669e-05
0.0078000000000000005;8.981543309372781e-05
0.00783;0.0001478743035544822
0.00786;0.0002567192417348942
0.00789;0.0004762530041188372
0.00792;0.000961552713318114
0.00795;0.0021662297292851956
0.007980000000000001;0.0056188309041053305
0.00801;0.017151843858249496
0.00804;0.056502700820084566
0.00807;0.12178366254053531
0.0081;0.08855715837166327
0.00813;0.0319465059925848
0.00816;0.011112742749912549
0.00819;0.004508754895587825
0.00822;0.0021280309740352625
0.00825;0.001132452612103962
0.008280000000000001;0.000661127409792525
0.00831;0.00041486353187492243
0.00834;0.00027568926496750055
0.00837;0.00019190092099236774
0.0084;0.00013877713798656543
0.00843;0.0001036154568535902
0.00846;7.948448376909812e-05
0.008490000000000001;6.24048027829109e-05
0.00852;4.999043393114835e-05
0.00855;4.0756199033035395e-05
0.00858;3.3746986990666834e-05
0.00861;2.833072725817614e-05
0.00864;2.4078399196760455e-05
0.00867;2.0692159948777396e-05
0.0087;1.7961014362208e-05
0.00873;1.5732745478509385e-05
0.00876;1.3895715945391319e-05
0.008790000000000001;1.2366813949399444e-05
0.00882;1.1083312171497313e-05
0.00885;9.997270943574615e-06
0.00888;9.071627323567289e-06
0.00891;8.277420993996709e-06
0.00894;7.5917991377067715e-06
0.00897;6.996563068915562e-06
0.009000000000000001;6.47709685867766e-06
0.00903;6.0215687731795415e-06
0.00906;5.620329885088251e-06
0.00909;5.2654567848416e-06
0.00912;4.950400707376116e-06
0.00915;4.669716016574308e-06
0.00918;4.4188484156497945e-06
0.00921;4.193968498595452e-06
0.00924;3.9918400043484375e-06
0.00927;3.8097148368186728e-06
0.009300000000000001;3.645248880269181e-06
0.00933;3.496434083354412e-06
0.00936;3.3615433542152373e-06
0.00939;3.2390856069350165e-06
0.00942;3.127768899665474e-06
0.00945;3.026470059173398e-06
0.00948;2.9342095330975176e-06
0.009510000000000001;2.8501304771954507e-06
0.00954;2.773481290284268e-06
0.00957;2.7036009691972374e-06
0.009600000000000001;2.6399067807704433e-06
0.00963;2.581883845852459e-06
0.00966;2.52907630769939e-06
0.00969;2.4810798185174043e-06
0.00972;2.4375351268952385e-06
0.00975;2.3981225880854654e-06
0.00978;2.3625574506861497e-06
0.009810000000000001;2.3305857987713625e-06
0.00984;2.301981049240116e-06
0.00987;2.2765409210144913e-06
0.0099;2.254084806519655e-06
0.00993;2.2344514872024776e-06
0.00996;2.217497144178284e-06
0.00999;2.203093622808752e-06
0.01002;2.191126916411631e-06
0.01005;2.1814958396295365e-06
0.01008;2.1741108664286536e-06
0.010110000000000001;2.1688931114237187e-06
0.01014;2.1657734363510747e-06
0.01017;2.1646916661446417e-06
0.0102;2.165595901300279e-06
0.01023;2.168441915096245e-06
0.01026;2.1731926258411787e-06
0.01029;2.1798176356902624e-06
0.010320000000000001;2.1882928287326404e-06
0.01035;2.1986000220598906e-06
0.01038;2.2107266643802865e-06
0.01041;2.2246655774900907e-06
0.01044;2.240414736551217e-06
0.01047;2.2579770856850557e-06
0.0105;2.277360385873283e-06
0.01053;2.298577092585521e-06
0.01056;2.321644260919085e-06
0.01059;2.3465834763732543e-06
0.010620000000000001;2.3734208096595375e-06
0.01065;2.4021867942185165e-06
0.01068;2.432916425338641e-06
0.01071;2.4656491799846796e-06
0.01074;2.5004290566279608e-06
0.01077;2.537304634549698e-06
0.0108;2.5763291522426467e-06
0.010830000000000001;2.617560604686212e-06
0.01086;2.6610618594109127e-06
0.01089;2.706900791394794e-06
0.010920000000000001;2.755150436964923e-06
0.01095;2.8058891669956516e-06
0.01098;2.859200879816272e-06
0.01101;2.915175214355772e-06
0.01104;2.9739077841701684e-06
0.01107;3.035500433111862e-06
0.0111;3.1000615135319128e-06
0.011130000000000001;3.16770618800574e-06
0.01116;3.238556755720398e-06
0.01119;3.3127430047790524e-06
0.01122;3.3904025918179674e-06
0.01125;3.471681450474819e-06
0.01128;3.5567342303933274e-06
0.01131;3.6457247686147517e-06
0.011340000000000001;3.73882659537164e-06
0.01137;3.836223476483689e-06
0.0114;3.938109994741551e-06
0.011430000000000001;4.044692172882238e-06
0.01146;4.156188140968549e-06
0.01149;4.272828851244663e-06
0.01152;4.3948588437693e-06
0.01155;4.522537066435262e-06
0.01158;4.656137753268839e-06
0.01161;4.795951365226275e-06
0.011640000000000001;4.942285598075589e-06
0.01167;5.09546646230968e-06
0.0117;5.255839440473273e-06
0.01173;5.423770727724821e-06
0.01176;5.599648561956109e-06
0.01179;5.7838846503098606e-06
0.01182;5.976915699531327e-06
0.011850000000000001;6.179205058218306e-06
0.01188;6.391244479723731e-06
0.01191;6.613556015209767e-06
0.011940000000000001;6.846694047190291e-06
0.01197;7.091247474774809e-06
0.012;7.347842062824412e-06
0.01203;7.617142968297579e-06
0.01206;7.899857458219574e-06
0.01209;8.196737835021537e-06
0.01212;8.508584586357753e-06
0.012150000000000001;8.836249778120033e-06
0.01218;9.18064071095717e-06
0.01221;9.542723862554923e-06
0.012240000000000001;9.923529139909687e-06
0.01227;1.0324154468075529e-05
0.0123;1.0745770744332243e-05
0.01233;1.118962718941012e-05
0.01236;1.1657057130367811e-05
0.01239;1.2149484253032366e-05
0.01242;1.2668429365482345e-05
0.012450000000000001;1.3215517718028383e-05
0.01248;1.3792486929568761e-05
0.01251;1.4401195574988438e-05
0.01254;1.5043632493708348e-05
0.01257;1.5721926885282018e-05
0.0126;1.643835926460702e-05
0.01263;1.71953733565046e-05
0.012660000000000001;1.7995589017401937e-05
0.01269;1.8841816280934486e-05
0.01272;1.9737070633852805e-05
0.012750000000000001;2.0684589639931347e-05
0.01278;2.168785104147227e-05
0.01281;2.2750592481715257e-05
0.01284;2.387683300647494e-05
0.01287;2.5070896520054174e-05
0.0129;2.6337437389335883e-05
0.01293;2.768146841069057e-05
0.012960000000000001;2.9108391377666895e-05
0.01299;3.06240305134893e-05
0.01302;3.223466906144083e-05
0.01305;3.3947089358799635e-05
0.01308;3.576861675654741e-05
0.01311;3.770716778776626e-05
0.01314;3.9771303033782355e-05
0.013170000000000001;4.1970285188456475e-05
0.0132;4.4314142879156e-05
0.01323;4.681374086787104e-05
0.013260000000000001;4.948085732970194e-05
0.01329;5.232826898844547e-05
0.01332;5.5369844982757814e-05
0.01335;5.862065044142803e-05
0.01338;6.209706086631973e-05
0.01341;6.581688855596704e-05
0.01344;6.979952245645985e-05
0.013470000000000001;7.406608299967216e-05
0.0135;7.86395936861015e-05
0.01353;8.354517139407682e-05
0.013560000000000001;8.881023765194731e-05
0.01359;9.446475340158233e-05
0.01362;0.00010054148011200808
0.01365;0.0001070762704825541
0.013680000000000001;0.0001141083924072099
0.01371;0.0001216808903693419
0.01374;0.00012984098900398395
0.013770000000000001;0.00013864054421907805
0.0138;0.00014813654801810411
0.01383;0.00015839169403026208
0.01386;0.00016947501175206282
0.01389;0.00018146257865296538
0.01392;0.0001944383206281552
0.01395;0.0002084949128194099
0.013980000000000001;0.00022373479461004723
0.01401;0.00024027131466898636
0.01404;0.00025823002432859033
0.014070000000000001;0.0002777501403832655
0.0141;0.0002989862016686626
0.01413;0.00032210994759874535
0.01416;0.0003473124513118896
0.014190000000000001;0.0003748065453164019
0.01422;0.0004048295836778887
0.01425;0.00043764659202971294
0.014280000000000001;0.00047355386521240594
0.01431;0.0005128830824114062
0.01434;0.0005560060215654091
0.01437;0.0006033399689141346
0.0144;0.0006553539362855123
0.01443;0.0007125758186253443
0.01446;0.0007756006479705883
0.014490000000000001;0.0008451001283863305
0.01452;0.0009218336702167536
0.01455;0.0010066611825975086
0.014580000000000001;0.001100557931893498
0.01461;0.0012046318323659577
0.01464;0.00132014360610094
0.01467;0.0014485303346478764
0.0147;0.0015914330282999086
0.01473;0.0017507289644329775
0.01476;0.0019285696989158375
0.014790000000000001;0.0021274258404318895
0.01482;0.002350139904338709
0.01485;0.0025999888399608696
0.01488;0.00288075816474172
0.01491;0.0031968300551641834
0.01494;0.003553288255937217
0.01497;0.0039560432980799845
0.015000000000000001;0.0044119822909654645
0.01503;0.0049291485072111745
0.01506;0.005516957154108516
0.015090000000000001;0.006186455171730402
0.01512;0.006950634676343169
0.01515;0.007824811849814234
0.01518;0.008827085743193302
0.01521;0.009978894706623127
0.01524;0.011305692071954065
0.01527;0.012837767385127017
0.015300000000000001;0.01461124496881402
0.01533;0.01666929787937094
0.01536;0.01906362225867007
0.015390000000000001;0.02185622427642858
0.01542;0.02512157848943319
0.01545;0.02894922097107186
0.01548;0.033446840282001615
0.015510000000000001;0.038743919713915324
0.01554;0.04499595788147667
0.01557;0.05238924014828894
0.015600000000000001;0.06114603325476095
0.01563;0.0715299051091339
0.01566;0.08385059799785273
0.01569;0.09846746725295091
0.01572;0.11578990213171492
0.01575;0.13627235998118725
0.01578;0.16040072818103188
0.01581;0.18866588874460152
0.01584;0.22152005857456264
0.01587;0.2593125149636399
0.0159;0.3022047777776429
0.01593;0.3500721674985374
0.015960000000000002;0.40240874986108877
0.01599;0.4582633792566661
0.01602;0.5162399535359172
0.016050000000000002;0.5745875959682892
0.01608;0.6313824797694444
0.01611;0.6847685663727868
0.01614;0.7331963569099217
0.01617;0.7755945100885827
0.0162;0.8114334695403789
0.01623;0.8406797375902427
0.01626;0.863672921221459
0.01629;0.8809713752926186
0.01632;0.8932064726675516
0.01635;0.9009697130012817
0.01638;0.904740958935011
0.01641;0.904855367923078
0.01644;0.9015016829239191
0.016470000000000002;0.894743618037436
0.0165;0.8845569071270233
0.01653;0.8708756102762906
0.016560000000000002;0.853641803992558
0.01659;0.832852838519151
0.01662;0.8086003870049809
0.01665;0.7810961218321226
0.01668;0.7506804397685019
0.01671;0.7178132109357119
0.01674;0.6830485581426896
0.01677;0.6469983830378416
0.0168;0.6102909738466461
0.01683;0.5735311542329442
0.01686;0.5372671815404754
0.01689;0.5019675108967949
0.01692;0.46800829501969127
0.01695;0.4356706518685656
0.016980000000000002;0.40514559470346123
0.01701;0.37654409782036213
0.01704;0.3499099015335157
0.017070000000000002;0.3252331126702066
0.0171;0.3024632250850228
0.01713;0.2815207253345927
0.01716;0.26230688658544976
0.01719;0.2447116665432417
0.01722;0.22861982223697047
0.01725;0.21391545986790408
0.01728;0.20048527857314563
0.01731;0.18822076652060468
0.01734;0.17701958439078982
0.01737;0.16678633757526096
0.0174;0.1574329022489738
0.01743;0.14887843634646136
0.01746;0.14104917656819385
0.017490000000000002;0.13387809758539113
0.01752;0.1273044895131926
0.01755;0.12127349396614417
0.017580000000000002;0.11573562693940528
0.01761;0.11064630768578544
0.01764;0.10596540606056255
0.01767;0.10165681595071081
0.0177;0.09768805894671952
0.01773;0.09402992000876356
0.01776;0.09065611524529081
0.01779;0.08754299085349043
0.01782;0.08466925160769866
0.01785;0.08201571690449724
0.01788;0.07956510219559111
0.01791;0.0773018235960872
0.01794;0.07521182350162833
0.01797;0.07328241514889097
0.018000000000000002;0.07150214418801842
0.01803;0.06986066548554858
0.01806;0.06834863353238044
0.018090000000000002;0.06695760498520457
0.01812;0.06567995201765679
0.01815;0.06450878529628154
0.01818;0.06343788552484117
0.01821;0.0624616426180321
0.01824;0.061575001672220415
0.01827;0.06077341499708519
0.0183;0.0600527995581729
0.01833;0.05940949925771617
0.01836;0.05884025154971658
0.01839;0.05834215794679787
0.01842;0.05791265803084837
0.01845;0.057549506628216215
0.01848;0.05725075385341695
0.018510000000000002;0.05701472776418989
0.01854;0.05684001940523144
0.01857;0.05672547004915996
0.018600000000000002;0.056670160471189196
0.01863;0.05667340211959203
0.01866;0.0567347300671022
0.018690000000000002;0.05685389764986793
0.01872;0.05703087272039235
0.01875;0.05726583545947192
0.01878;0.057559177709906685
0.01881;0.057911503811653345
0.01884;0.05832363293476896
0.01887;0.05879660292286878
0.0189;0.05933167567625846
0.01893;0.05993034412076828
0.01896;0.06059434082555934
0.01899;0.061325648351337185
0.019020000000000002;0.06212651142965111
0.01905;0.06299945109434955
0.01908;0.06394728090869613
0.019110000000000002;0.06497312545545943
0.01914;0.0660804412840222
0.01917;0.06727304053758533
0.019200000000000002;0.06855511751579309
0.01923;0.06993127846403026
0.01926;0.07140657492044099
0.01929;0.07298654099653698
0.01932;0.07467723501679488
0.01935;0.07648528599858793
0.01938;0.07841794551608551
0.01941;0.08048314556128422
0.01944;0.08268956309326632
0.01947;0.0850466920534163
0.0195;0.08756492372012797
0.019530000000000002;0.09025563638334952
0.01956;0.09313129543566531
0.01959;0.09620556510456106
0.019620000000000002;0.09949343318781234
0.01965;0.10301135030088719
0.01968;0.10677738529875153
0.019710000000000002;0.11081139869031527
0.01974;0.11513523601720455
0.01977;0.11977294330740401
0.0198;0.12475100682763715
0.01983;0.13009861942290296
0.01986;0.13584797571985735
0.01989;0.14203459833951645
0.01992;0.1486976969586829
0.01995;0.1558805614938808
0.01998;0.1636309897505082
0.02001;0.17200174842588972
0.02004;0.18105106417700456
0.02007;0.19084313828070545
0.0201;0.2014486738573636
0.020130000000000002;0.21294539821024144
0.02016;0.22541855391378474
0.02019;0.23896132005444434
0.020220000000000002;0.25367510846721697
0.02025;0.26966965769229334
0.02028;0.2870628182821555
0.02031;0.3059798855169778
0.02034;0.32655228817010945
0.02037;0.3489153839228733
0.0204;0.3732050439460229
0.02043;0.3995526343146341
0.02046;0.42807792824692864
0.02049;0.45887942619696803
0.02052;0.4920215473765732
0.02055;0.5275182284629321
0.02058;0.565312683331317
0.02061;0.6052535185208874
0.020640000000000002;0.6470681450734751
0.02067;0.6903355374340046
0.0207;0.734461847557277
0.020730000000000002;0.7786640180058215
0.02076;0.8219679490491077
0.02079;0.8632282916818754
0.02082;0.9011757209842362
0.02085;0.9344938893469372
0.02088;0.9619221069688041
0.02091;0.9823722320913245
0.02094;0.9950416020667302
0.02097;0.9995009916776642
0.021;0.9957396175314941
0.02103;0.9841579774328157
0.02106;0.9655111096009933
0.02109;0.9408155419750031
0.02112;0.9112392554507303
0.021150000000000002;0.8779941102288207
0.02118;0.8422455346221589
0.02121;0.8050474065685954
0.021240000000000002;0.7673035049435619
0.02127;0.7297522405199598
0.0213;0.6929690153033516
0.021330000000000002;0.6573801165869457
0.02136;0.6232828152142112
0.02139;0.5908676278747713
0.02142;0.5602400442862544
0.02145;0.5314401560271834
0.02148;0.5044594660595098
0.02151;0.47925471710703227
0.02154;0.4557589076513317
0.02157;0.43388983077971877
0.0216;0.4135565304748187
0.02163;0.3946640658515308
0.021660000000000002;0.3771169366451458
0.02169;0.3608214723161458
0.02172;0.34568743389763984
0.021750000000000002;0.331629028208662
0.02178;0.31856549100756215
0.02181;0.30642135978474544
0.021840000000000002;0.2951265278865588
0.02187;0.2846161487148982
0.0219;0.2748304409049401
0.02193;0.26571443169287723
0.02196;0.2572176653069552
0.02199;0.24929389541786182
0.02202;0.2419007748874512
0.02205;0.2349995517802747
0.02208;0.2285547774802785
0.02211;0.22253403050203796
0.02214;0.21690765797520434
0.022170000000000002;0.21164853565147662
0.0222;0.2067318465044474
0.02223;0.202134877471422
0.022260000000000002;0.19783683355114612
0.02229;0.1938186682693383
0.02232;0.19006292941733163
0.022350000000000002;0.1865536189276309
0.02238;0.18327606575442876
0.02241;0.1802168106608649
0.02244;0.17736350186739494
0.02247;0.17470480057964996
0.0225;0.17223029548344596
0.02253;0.16993042536571132
0.02256;0.16779640909058358
0.02259;0.16582018222735526
0.02262;0.16399433969178692
0.02265;0.16231208382178197
0.022680000000000002;0.1607671773644959
0.02271;0.15935390090292204
0.02274;0.15806701429677875
0.022770000000000002;0.15690172175512065
0.0228;0.15585364019661196
0.02283;0.15491877058827225
0.022860000000000002;0.1540934719849376
0.02289;0.15337443802006157
0.02292;0.15275867562385884
0.02295;0.15224348576776933
0.02298;0.1518264460545991
0.02301;0.1515053949923745
0.02304;0.15127841780622064
0.02307;0.15114383365755005
0.0231;0.15110018415312687
0.02313;0.1511462230384237
0.02316;0.15128090698045205
0.023190000000000002;0.15150338735478897
0.02322;0.15181300296008074
0.02325;0.15220927359109823
0.023280000000000002;0.15269189440819744
0.02331;0.15326073104723678
0.02334;0.15391581541960608
0.023370000000000002;0.1546573421568085
0.0234;0.15548566565850033
0.02343;0.1564012977067804
0.02346;0.1574049056129308
0.02349;0.15849731086603755
0.02352;0.15967948825651376
0.02355;0.1609525654607739
0.02358;0.1623178233906037
0.02361;0.16377910968975817
0.02364;0.16533076943929684
0.02367;0.1669817862450953
0.023700000000000002;0.16873164888661546
0.02373;0.1705824140250743
0.02376;0.17253630014965543
0.023790000000000002;0.17459568867642744
0.02382;0.17676312654491047
0.02385;0.17904132908209117
0.023880000000000002;0.18143318308251036
0.02391;0.18394175007515617
0.02394;0.18657026974912583
0.02397;0.1893221635058147
0.024;0.19220103810234704
0.02403;0.19521068934699504
0.02406;0.19835510580137042
0.02409;0.20163847243969682
0.02412;0.20506517420798212
0.02415;0.20863979941895675
0.02418;0.2123671429104745
0.02421;0.21625220888502691
0.02424;0.22030021333846656
0.02427;0.2245165859734212
0.024300000000000002;0.2289069714807327
0.02433;0.23347723005730278
0.02436;0.23823343701328392
0.024390000000000002;0.24318188130421603
0.02442;0.24832906280492684
0.02445;0.25368168812137165
0.024480000000000002;0.25924666471479885
0.02451;0.26503109308876516
0.02454;0.27104225676474936
0.02457;0.2772876097448373
0.0246;0.2837747611331544
0.02463;0.29051145655827304
0.02466;0.2975055560097276
0.02469;0.30476500767306813
0.02472;0.3122978173181044
0.02475;0.32011201276877593
0.02478;0.3282156029575175
0.024810000000000002;0.3366165310462923
0.02484;0.3453226210799727
0.02487;0.3543415176293144
0.024900000000000002;0.3636806178799478
0.02493;0.37334699563629714
0.02496;0.3833473167343349
0.024990000000000002;0.39368774539986773
0.02502;0.4043738411539212
0.02505;0.41541044595297
0.02508;0.4268015613711038
0.02511;0.43855021577643843
0.02514;0.4506583216424349
0.02517;0.463126523357537
0.0252;0.4759540361660963
0.02523;0.48913847718703385
0.02526;0.502675689816424
0.02529;0.5165595632290807
0.025320000000000002;0.53078184914253
0.02535;0.5453319784974101
0.02538;0.5601968812255669
0.025410000000000002;0.575360812814085
0.02544;0.5908051919099521
0.02547;0.6065084537263836
0.025500000000000002;0.6224459244829212
0.02553;0.6385897225061401
0.02556;0.6549086919018335
0.02559;0.6713683748509246
0.02562;0.6879310285320961
0.02565;0.7045556924135906
0.02568;0.7211983111339887
0.02571;0.7378119173963839
0.02574;0.7543468782066639
0.02577;0.770751206396571
0.0258;0.7869709376997142
0.025830000000000002;0.802950571727826
0.02586;0.818633573079125
0.02589;0.8339629265756326
0.025920000000000002;0.8488817383685072
0.02595;0.863333872474231
0.02598;0.8772646103343581
0.026010000000000002;0.8906213193396564
0.02604;0.9033541150501309
0.02607;0.915416501162946
0.0261;0.9267659712094004
0.02613;0.9373645565413512
0.02616;0.9471793063916557
0.02619;0.9561826876366692
0.02622;0.964352894263043
0.02625;0.9716740593429722
0.02628;0.9781363654074171
0.02631;0.9837360523229917
0.026340000000000002;0.9884753249618171
0.02637;0.9923621659483698
0.0264;0.9954100614362373
0.026430000000000002;0.9976376500969756
0.02646;0.9990683072125112
0.02649;0.9997296769079869
0.026520000000000002;0.9996531661341356
0.02655;0.9988734140314511
0.02658;0.9974277498352149
0.02661;0.995355651583944
0.02664;0.9926982166615388
0.02667;0.9894976537295191
0.0267;0.9857968039840745
0.02673;0.9816386979902578
0.02676;0.9770661526812715
0.02679;0.9721214115274909
0.02682;0.9668458294283161
0.026850000000000002;0.9612796025948825
0.02688;0.9554615425942379
0.02691;0.9494288928244645
0.026940000000000002;0.9432171849845844
0.02697;0.9368601325816931
0.027;0.9303895581671676
0.027030000000000002;0.9238353507909932
0.02706;0.9172254500918271
0.02709;0.9105858534714699
0.027120000000000002;0.9039406429204323
0.02715;0.8973120282423616
0.02718;0.8907204036507493
0.02721;0.8841844149699777
0.02724;0.8777210349436537
0.02727;0.8713456444329799
0.0273;0.8650721175616104
0.02733;0.8589129091290506
0.027360000000000002;0.8528791428634217
0.02739;0.8469806993163111
0.02742;0.8412263024129655
0.027450000000000002;0.8356236038618625
0.02748;0.8301792647953086
0.02751;0.8248990341615267
0.027540000000000002;0.8197878235166458
0.02757;0.8148497779745544
0.0276;0.8100883431661177
0.027630000000000002;0.8055063281363394
0.02766;0.8011059641723001
0.02769;0.7968889596061371
0.02772;0.7928565506789417
0.02775;0.78900954858311
0.02778;0.7853483828249982
0.02781;0.7818731410670369
0.02784;0.7785836056206464
0.027870000000000002;0.7754792867680712
0.0279;0.7725594530951628
0.02793;0.7698231590170341
0.027960000000000002;0.7672692696765939
0.02799;0.7648964833919895
0.02802;0.7627033518233542
0.028050000000000002;0.760688298022843
0.02808;0.7588496325243544
0.02811;0.7571855676220348
0.028140000000000002;0.7556942299780307
0.02817;0.7543736716922324
0.0282;0.753221879958431
0.02823;0.7522367854234788
0.02826;0.7514162693582861
0.02829;0.7507581697420708
0.02832;0.7502602863543386
0.02835;0.7499203849623071
0.028380000000000002;0.7497362006853784
0.02841;0.7497054406122411
0.02844;0.749825785740931
0.028470000000000002;0.7500948923071304
0.0285;0.7505103925613075
0.02853;0.7510698950512378
0.028560000000000002;0.7517709844624585
0.02859;0.7526112210658401
0.02862;0.7535881398182833
0.028650000000000002;0.7546992491597687
0.02868;0.755942029547402
0.02871;0.7573139317649694
0.02874;0.758812375044418
0.02877;0.7604347450340582
0.0288;0.7621783916466213
0.02883;0.7640406268191053
0.02886;0.7660187222150806
0.02889;0.7681099068991267
0.02892;0.7703113650122952
0.02895;0.772620233476434
0.028980000000000002;0.7750335997550187
0.02901;0.7775484996968948
0.02904;0.7801619154893186
0.029070000000000002;0.7828707737458325
0.0291;0.7856719437539987
0.02913;0.7885622359077363
0.029160000000000002;0.7915384003479646
0.02919;0.794597125835136
0.02922;0.797735038876265
0.02925;0.8009487031283576
0.02928;0.8042346190993948
0.02931;0.8075892241667831
0.02934;0.8110088929325883
0.02937;0.8144899379330353
0.0294;0.818028610718869
0.02943;0.8216211033214039
0.02946;0.8252635501174038
0.029490000000000002;0.8289520301040983
0.02952;0.8326825695938199
0.02955;0.8364511453349626
0.029580000000000002;0.8402536880643096
0.02961;0.8440860864927262
0.02964;0.8479441917237904
0.029670000000000002;0.8518238221019517
0.0297;0.8557207684839399
0.02973;0.8596307999241791
0.02976;0.8635496697615497
0.02979;0.8674731220920091
0.02982;0.8713968986079988
0.02985;0.8753167457824685
0.02988;0.8792284223723136
0.02991;0.8831277072120874
0.02994;0.8870104072681024
0.02997;0.8908723659154514
0.030000000000000002;0.8947094714036846
0.03003;0.8985176654696143
0.03006;0.9022929520555157
0.030090000000000002;0.9060314060886611
0.03012;0.9097291822762651
0.03015;0.9133825238684209
0.030180000000000002;0.9169877713411314
0.03021;0.9205413709500354
0.03024;0.924039883106115
0.030270000000000002;0.9274799905241822
0.0303;0.9308585060961065
0.03033;0.9341723804413121
0.03036;0.9374187090890501
0.03039;0.9405947392484484
0.03042;0.9436978761251681
0.03045;0.9467256887456589
0.03048;0.9496759152536047
0.030510000000000002;0.9525464676462991
0.03054;0.9553354359224214
0.03057;0.9580410916170412
0.030600000000000002;0.9606618907032004
0.03063;0.9631964758446091
0.03066;0.9656436779878662
0.030690000000000002;0.9680025172876097
0.03072;0.9702722033623552
0.03075;0.9724521348835222
0.030780000000000002;0.974541898504554
0.03081;0.9765412671415383
0.03084;0.9784501976208039
0.03087;0.9802688277130966
0.0309;0.9819974725775729
0.03093;0.9836366206424771
0.03096;0.9851869289523668
0.03099;0.9866492180146585
0.031020000000000002;0.9880244661806606
0.03105;0.9893138035984339
0.03108;0.9905185057764612
0.031110000000000002;0.9916399867984295
0.03114;0.9926797922303519
0.03117;0.9936395917619077
0.031200000000000002;0.9945211716239247
0.03123;0.9953264268239407
0.03126;0.9960573532410558
0.03129;0.9967160396207849
0.03132;0.9973046595091668
0.03135;0.9978254631644344
0.03138;0.9982807694825379
0.03141;0.9986729579713833
0.03144;0.9990044608064169
0.03147;0.9992777549982517
0.0315;0.9994953547006766
0.03153;0.9996598036851397
0.03156;0.9997736680053886
0.03159;0.999839528873605
0.03162;0.9998599757668273
0.03165;0.9998375997802212
0.03168;0.9997749872412627
0.03171;0.9996747135966572
0.03174;0.9995393375816093
0.03177;0.9993713956788236
0.0318;0.9991733968727037
0.031830000000000004;0.9989478177021736
0.03186;0.9986970976137979
0.03189;0.9984236346151917
0.031920000000000004;0.9981297812271495
0.03195;0.9978178407314788
0.03198;0.9974900637103066
0.032010000000000004;0.9971486448713602
0.03204;0.9967957201529224
0.03207;0.9964333641009632
0.032100000000000004;0.9960635875104986
0.03213;0.9956883353223721
0.03216;0.9953094847662447
0.03219;0.9949288437400977
0.03222;0.9945481494162937
0.03225;0.9941690670639828
0.03228;0.993793189077497
0.03231;0.9934220342004672
0.03234;0.9930570469351924
0.03237;0.9926995971270709
0.0324;0.9923509797140422
0.03243;0.9920124146310734
0.03246;0.9916850468601438
0.03249;0.9913699466163348
0.03252;0.991068109661075
0.03255;0.9907804577338477
0.03258;0.9905078390941738
0.03261;0.9902510291659102
0.03264;0.9900107312765024
0.03267;0.9897875774841081
0.0327;0.9895821294860129
0.03273;0.9893948796021335
0.03276;0.9892262518278854
0.03279;0.989076602951027
0.03282;0.9889462237276057
0.032850000000000004;0.9888353401124255
0.03288;0.9887441145398932
0.03291;0.9886726472515136
0.032940000000000004;0.9886209776665335
0.03297;0.9885890857926954
0.033;0.9885768936743436
0.033030000000000004;0.9885842668753305
0.03306;0.9886110159946226
0.03309;0.9886568982125874
0.033120000000000004;0.9887216188662887
0.03315;0.988804833052269
0.03318;0.9889061472555282
0.03321;0.9890251210035081
0.03324;0.9891612685441605
0.03327;0.9893140605471229
0.0333;0.9894829258272985
0.03333;0.9896672530900753
0.03336;0.9898663926976103
0.03339;0.9900796584555016
0.03342;0.9903063294193111
0.03345;0.9905456517203042
0.03348;0.9907968404098738
0.03351;0.9910590813218815
0.03354;0.9913315329523321
0.03357;0.9916133283555895
0.0336;0.991903577056218
0.03363;0.9922013669756035
0.03366;0.9925057663722353
0.03369;0.9928158257945411
0.03372;0.9931305800448929
0.03375;0.9934490501534985
0.03378;0.9937702453604277
0.03381;0.9940931651042456
0.03384;0.9944168010152302
0.033870000000000004;0.9947401389112825
0.0339;0.9950621607942555
0.03393;0.9953818468444481
0.033960000000000004;0.9956981774107859
0.03399;0.9960101349940196
0.03402;0.9963167062202466
0.034050000000000004;0.9966168838017964
0.03408;0.9969096684825371
0.03411;0.9971940709643848
0.034140000000000004;0.9974691138118096
0.03417;0.9977338333310233
0.0342;0.9979872814203697
0.034230000000000003;0.9982285273885004
0.03426;0.998456659736728
0.03429;0.9986707879020515
0.03432;0.9988700439572238
0.03435;0.9990535842642768
0.03438;0.9992205910779389
0.03441;0.9993702740954317
0.03444;0.9995018719490965
0.03447;0.9996146536385663
0.0345;0.9997079198990408
0.03453;0.9997810045025685
0.03456;0.999833275489253
0.03459;0.9998641363254284
0.03462;0.9998730269861023
0.03465;0.9998594249591024
0.03468;0.9998228461685752
0.03471;0.9997628458156547
0.03474;0.9996790191344551
0.03477;0.9995710020616758
0.0348;0.9994384718183507
0.03483;0.9992811474028894
0.03486;0.9990987899939685
0.034890000000000004;0.9988912032632468
0.03492;0.9986582335973274
0.03495;0.9983997702288949
0.034980000000000004;0.9981157452774381
0.03501;0.9978061336999952
0.03504;0.9974709531528498
0.035070000000000004;0.9971102637652078
0.0351;0.9967241678263578
0.03513;0.9963128093878963
0.035160000000000004;0.9958763737830361
0.03519;0.9954150870651018
0.03522;0.9949292153677288
0.035250000000000004;0.9944190641893548
0.03528;0.9938849776049222
0.03531;0.9933273374078424
0.03534;0.9927465621854948
0.03537;0.9921431063316761
0.0354;0.9915174589995629
0.03543;0.990870142998925
0.03546;0.9902017136413803
0.03549;0.9895127575376311
0.03552;0.9888038913506152
0.03555;0.9880757605086951
0.03558;0.9873290378829026
0.03561;0.9865644224323746
0.03564;0.9857826378220743
0.03567;0.9849844310168574
0.0357;0.9841705708559875
0.03573;0.983341846612049
0.03576;0.9824990665382386
0.03579;0.9816430564078511
0.03582;0.9807746580497462
0.03585;0.9798947278834601
0.03588;0.9790041354575195
0.03591;0.978103761994341
0.03594;0.9771944989450789
0.03597;0.9762772465576122
0.036000000000000004;0.975352912460762
0.03603;0.9744224102677764
0.03606;0.9734866582023154
0.036090000000000004;0.9725465777501903
0.03612;0.9716030923411658
0.03615;0.9706571260666474
0.036180000000000004;0.9697096024436802
0.03621;0.9687614432461455
0.03624;0.9678135674523398
0.036270000000000004;0.9668668904377282
0.0363;0.9659223237928926
0.03633;0.9649807770475358
0.03636;0.9640431664052872
0.03639;0.9631104559942468
0.03642;0.962183908876842
0.03645;0.9612676787916923
0.03648;0.9604577755594677
0.03651;0.9629041688464929
0.03654;0.9585766178726969
0.03657;0.9576645422112211
0.0366;0.9567869210732525
0.03663;0.9559224877585623
0.03666;0.9550705806130911
0.03669;0.954231733455685
0.03672;0.9534066305349538
0.03675;0.9525959741615856
0.03678;0.9518004584099657
0.03681;0.9510207619994482
0.03684;0.9502575457788546
0.03687;0.949511451570581
0.0369;0.9487831014927643
0.03693;0.9480730974807619
0.03696;0.9473820209083945
0.03699;0.9467104322695383
0.037020000000000004;0.946058870902755
0.03705;0.9454278547506382
0.03708;0.9448178801493086
0.037110000000000004;0.9442294216452074
0.03714;0.9436629318372663
0.03717;0.943118841242857
0.037200000000000004;0.9425975581862124
0.03723;0.9420994687081363
0.03726;0.9416249364958932
0.037290000000000004;0.9411743028322354
0.03732;0.9407478865626157
0.03735;0.9403459840795547
0.037380000000000004;0.9399688693233927
0.03741;0.9396167937984169
0.03744;0.9392899866036556
0.03747;0.9389886544775143
0.0375;0.9387129818554913
0.03753;0.9384631309403234
0.03756;0.9382392417838824
0.03759;0.9380414323802251
0.03762;0.937869798769193
0.03765;0.9377244151501217
0.03768;0.9376053340050666
0.03771;0.9375125862312385
0.03774;0.9374461812821657
0.03777;0.9374061073172649
0.0378;0.9373923313595361
0.03783;0.9374047994611071
0.03786;0.9374434368763886
0.03789;0.9375081482427202
0.03792;0.9375988177682737
0.03795;0.9377153094272043
0.03798;0.937857467161937
0.03801;0.9380251150925539
0.038040000000000004;0.9382180577333274
0.03807;0.9384360802163683
0.0381;0.9386789485225288
0.038130000000000004;0.9389464097196044
0.03816;0.939238192207972
0.03819;0.9395540059738209
0.038220000000000004;0.9398935428501186
0.03825;0.9402564767855458
0.03828;0.9406424641215549
0.038310000000000004;0.9410511438778293
0.03834;0.9414821380463345
0.03837;0.9419350518942403
0.038400000000000004;0.9424094742759834
0.03843;0.9429049779546971
0.03846;0.9434211199333269
0.03849;0.9439574417956461
0.03852;0.9445134700575333
0.03855;0.9450887165286692
0.03858;0.9456826786850455
0.03861;0.9462948400523636
0.03864;0.9469246706008085
0.03867;0.9475716271512181
0.0387;0.9482351537929415
0.03873;0.948914682313662
0.03876;0.9496096326411911
0.03879;0.9503194132975775
0.03882;0.9510434218655329
0.03885;0.9517810454673202
0.03888;0.9525316612561685
0.03891;0.9532946369202884
0.03894;0.9540693311994105
0.03897;0.9548550944139513
0.039;0.9556512690065778
0.03903;0.95645719009618
0.039060000000000004;0.957272186044094
0.03909;0.9580955790322774
0.03912;0.9589266856533512
0.039150000000000004;0.9597648175120709
0.03918;0.9606092818380578
0.03921;0.9614593821092555
0.039240000000000004;0.9623144186857787
0.03927;0.9631736894536495
0.0393;0.9640364904779191
0.039330000000000004;0.9649021166645525
0.03936;0.9657698624305
0.03939;0.9666390223812388
0.039420000000000004;0.9675088919951126
0.03945;0.968378768313647
0.03948;0.9692479506370529
0.03951;0.9701157412240645
0.03954;0.970981445995163
0.03957;0.9718443752383034
0.0396;0.97270384431607
0.03963;0.9735591743733247
0.03966;0.974409693044206
0.03969;0.9752547351574404
0.03972;0.9760936434388316
0.03975;0.9769257692096852
0.03978;0.9777504730801793
0.03981;0.978567125636264
0.03984;0.979375108119059
0.03987;0.9801738130954032
0.0399;0.9809626451183902
0.03993;0.9817410213765883
0.03996;0.9825083723307727
0.03999;0.9832641423368705
0.04002;0.9840077902539294
0.04005;0.9847387900358774
0.04008;0.9854566313058319
0.04011;0.9861608199118839
0.04014;0.9868508784630851
0.040170000000000004;0.9875263468445777
0.0402;0.9881867827107709
0.04023;0.9888317619554985
0.040260000000000004;0.9894608791581401
0.04029;0.9900737480047832
0.04032;0.9906700016834514
0.040350000000000004;0.9912492932526082
0.04038;0.991811295982066
0.04041;0.9923557036656296
0.040440000000000004;0.9928822309047122
0.04047;0.9933906133624213
0.0405;0.993880607987462
0.040530000000000004;0.9943519932074392
0.04056;0.9948045690912047
0.04059;0.9952381574798089
0.04062;0.9956526020859278
0.04065;0.9960477685615291
0.04068;0.9964235445336831
0.04071;0.9967798396085251
0.04074;0.9971165853434487
0.04077;0.9974337351875812
0.0408;0.9977312643908757
0.04083;0.9980091698820114
0.04086;0.9982674701155203
0.04089;0.998506204888565
0.04092;0.9987254351278693
0.04095;0.9989252426473799
0.04098;0.9991057298772859
0.04101;0.9992670195651623
0.04104;0.999409254449906
0.04107;0.9995325969093655
0.0411;0.9996372285824973
0.04113;0.9997233499669964
0.04116;0.9997911799933367
0.041190000000000004;0.9998409555762837
0.04122;0.9998729311448638
0.04125;0.9998873781519222
0.041280000000000004;0.9998845845643767
0.04131;0.9998648543352265
0.04134;0.9998285068585866
0.041370000000000004;0.9997758764087934
0.0414;0.999707311564846
0.04143;0.9996231746212958
0.041460000000000004;0.9995238409867865
0.04149;0.9994096985714077
0.04152;0.9992811471640025
0.041550000000000004;0.9991385978005829
0.04158;0.9989824721248877
0.04161;0.9988132017422472
0.04164;0.9986312275676951
0.04167;0.9984369991693159
0.0417;0.9982309741077401
0.04173;0.9980136172725821
0.04176;0.997785400216535
0.04179;0.9975468004877395
0.04182;0.9972983009608581
0.04185;0.9970403891670925
0.04188;0.9967735566231957
0.04191;0.9964982981591809
0.04194;0.9962151112440617
0.04197;0.9959244953084249
0.042;0.9956269510619455
0.04203;0.9953229798030677
0.04206;0.995013082716607
0.04209;0.9946977601533602
0.04212;0.994377510882915
0.04215;0.9940528313070081
0.04218;0.9937242146145073
0.042210000000000004;0.9933921498498347
0.04224;0.9930571208511815
0.04227;0.9927196049897566
0.042300000000000004;0.9923800715973957
0.04233;0.9920389798912355
0.04236;0.991696776053214
0.042390000000000004;0.9913538888171798
0.04242;0.9910107222437348
0.04245;0.9906676427282352
0.042480000000000004;0.9903249527419051
0.04251;0.9899828285511594
0.04254;0.9896411304150926
0.042570000000000004;0.9892984352379598
0.0426;0.998541567462866
0.04263;0.9988729555226954
0.042660000000000003;0.9990672676793702
0.04269;0.9992081956714682
0.04272;0.9993183541569888
0.04275;0.9994078860201132
0.04278;0.9994823895208544
0.04281;0.9995453448741043
0.04284;0.9995990915466704
0.04287;0.9996452921768321
0.0429;0.9996851788039554
0.04293;0.9997196946469064
0.04296;0.9997495809882259
0.04299;0.9997754331100995
0.04302;0.9997977377780812
0.04305;0.999816899207937
0.04308;0.9998332575650065
0.04311;0.9998471024626696
0.04314;0.9998586830176733
0.04317;0.999868215477063
0.0432;0.9998758890959731
0.043230000000000005;0.999881870731709
0.04326;0.999886308480118
0.04329;0.9998893345866241
0.043320000000000004;0.9998910678005676
0.04335;0.9998916152971131
0.04338;0.9998910742594237
0.043410000000000004;0.9998895331913549
0.04344;0.9998870730142987
0.04347;0.9998837679897314
0.043500000000000004;0.9998796864998593
0.04353;0.9998748917119834
0.04356;0.9998694421467809
0.043590000000000004;0.9998633921668726
0.04362;0.9998567923987505
0.04365;0.9998496900987167
0.043680000000000004;0.9998421294715623
0.04371;0.9998341519491694
0.04374;0.9998257964348917
0.04377;0.9998170995188078
0.0438;0.9998080956676475
0.04383;0.9997988173933436
0.04386;0.9997892954025464
0.04389;0.9997795587300414
0.04392;0.9997696348579246
0.04395;0.9997595498223653
0.04398;0.9997493283095944
0.04401;0.999738993742279
0.04404;0.9997285683575483
0.04407;0.9997180732775912
0.0441;0.9997075285737077
0.04413;0.9996969533245624
0.04416;0.9996863656692172
0.04419;0.9996757828556535
0.04422;0.9996652212851241
0.04425;0.9996546965528798
0.04428;0.9996442234856142
0.04431;0.9996338161759645
0.044340000000000004;0.9996234880143975
0.04437;0.9996132517186745
0.0444;0.9996031193612748
0.044430000000000004;0.9995931023948141
0.04446;0.9995832116757587
0.04449;0.9995734574865899
0.044520000000000004;0.9995638495565159
0.04455;0.9995543970809571
0.04458;0.9995451087397837
0.044610000000000004;0.9995359927145825
0.04464;0.9995270567049152
0.04467;0.9995183079437111
0.044700000000000004;0.9995097532118785
0.04473;0.9995013988521786
0.04476;0.9994932507824495
0.04479;0.999485314508212
0.04482;0.9994775951347442
0.04485;0.9994700973786267
0.04488;0.9994628255788479
0.04491;0.9994557837074536
0.04494;0.999448975379847
0.04497;0.9994424038646924
