1e-20;1.850924423894811e-15
3.000000000000001e-05;1.922691589096462e-15
6.000000000000001e-05;1.9973421422078894e-15
9.000000000000002e-05;2.074995975509986e-15
0.00012000000000000002;2.155778130699099e-15
0.00015000000000000001;2.2398190266671182e-15
0.00018;2.327254697600335e-15
0.00021;2.4182270418872767e-15
0.00024;2.5128840823249565e-15
0.00027;2.61138023815091e-15
0.00030000000000000003;2.713876609442622e-15
0.00033;2.820541274453829e-15
0.00036;2.931549600490056e-15
0.00039;3.0470845689416324e-15
0.00042;3.1673371151311943e-15
0.00045;3.2925064836568107e-15
0.00048;3.4228005999420903e-15
0.00051;3.558436458746706e-15
0.00054;3.699640530412525e-15
0.00057;3.846649185661092e-15
0.0006000000000000001;3.999709139801517e-15
0.00063;4.1590779172289755e-15
0.00066;4.325024337164313e-15
0.00069;4.4978290215841496e-15
0.00072;4.677784926382843e-15
0.00075;4.865197896806575e-15
0.00078;5.060387248291199e-15
0.0008100000000000001;5.2636863738446746e-15
0.00084;5.4754433791898e-15
0.00087;5.696021746934425e-15
0.0009;5.925801031079415e-15
0.00093;6.165177583245256e-15
0.00096;6.4145653120435754e-15
0.00099;6.674396477097799e-15
0.00102;6.945122519251727e-15
0.00105;7.227214928625993e-15
0.00108;7.521166152166421e-15
0.00111;7.827490542482397e-15
0.00114;8.14672534978858e-15
0.00117;8.479431758864986e-15
0.0012000000000000001;8.826195973016515e-15
0.00123;9.187630347079978e-15
0.00126;9.564374571645544e-15
0.0012900000000000001;9.957096910684278e-15
0.00132;1.0366495494914562e-14
0.00135;1.0793299673284143e-14
0.00138;1.1238271425032491e-14
0.00141;1.1702206834929887e-14
0.00144;1.21859376343186e-14
0.00147;1.269033281070406e-14
0.0015;1.3216300288734318e-14
0.0015300000000000001;1.3764788685468839e-14
0.00156;1.4336789142953006e-14
0.00159;1.4933337241196028e-14
0.0016200000000000001;1.555551499471111e-14
0.00165;1.620445293589015e-14
0.00168;1.6881332288502608e-14
0.0017100000000000001;1.7587387234817907e-14
0.00174;1.8323907279692488e-14
0.00177;1.9092239715265286e-14
0.0018;1.9893792189760374e-14
0.00183;2.0730035384073994e-14
0.00186;2.1602505799721303e-14
0.00189;2.2512808661877826e-14
0.00192;2.3462620941077284e-14
0.0019500000000000001;2.4453694497252252e-14
0.00198;2.5487859349681602e-14
0.00201;2.6567027076299696e-14
0.00204;2.7693194345826586e-14
0.0020700000000000002;2.886844658584808e-14
0.0021;3.009496179010679e-14
0.00213;3.137501446760698e-14
0.00216;3.271097973628658e-14
0.00219;3.4105337563317936e-14
0.00222;3.556067715398933e-14
0.0022500000000000003;3.707970149034906e-14
0.00228;3.86652320204401e-14
0.00231;4.0320213498202055e-14
0.00234;4.2047718973272044e-14
0.00237;4.385095492917943e-14
0.0024000000000000002;4.5733266567173305e-14
0.00243;4.7698143231831517e-14
0.00246;4.974922397322954e-14
0.00249;5.1890303238801956e-14
0.00252;5.412533668615459e-14
0.00255;5.645844710621854e-14
0.0025800000000000003;5.889393044332523e-14
0.00261;6.143626189682103e-14
0.00264;6.409010208484693e-14
0.00267;6.686030324822086e-14
0.0027;6.975191546799473e-14
0.0027300000000000002;7.277019286582867e-14
0.00276;7.592059975145758e-14
0.00279;7.920881667537817e-14
0.00282;8.264074633899742e-14
0.00285;8.622251930648356e-14
0.00288;8.996049945482888e-14
0.0029100000000000003;9.386128908887271e-14
0.00294;9.793173363776893e-14
0.00297;1.0217892583683464e-13
0.003;1.066102092864385e-13
0.00303;1.1123318126252718e-13
0.0030600000000000002;1.160556946378045e-13
0.00309;1.210858587521857e-13
0.00312;1.263320390490639e-13
0.00315;1.3180285526986838e-13
0.00318;1.3750717796968957e-13
0.00321;1.4345412308638666e-13
0.0032400000000000003;1.49653044258329e-13
0.00327;1.5611352254540688e-13
0.0033;1.6284535316138964e-13
0.00333;1.6985852877230574e-13
0.00336;1.771632188567569e-13
0.0033900000000000002;1.847697445546352e-13
0.0034200000000000003;1.9268854835309103e-13
0.00345;2.0093015787095277e-13
0.00348;2.0950514289988134e-13
0.00351;2.1842406474647304e-13
0.00354;2.27697416785771e-13
0.0035700000000000003;2.373355549848285e-13
0.0036;2.473486169801358e-13
0.00363;2.57746428090577e-13
0.00366;2.685383924165838e-13
0.00369;2.797333669036331e-13
0.00372;2.913395159386322e-13
0.0037500000000000003;3.033641436818376e-13
0.00378;3.15813500911218e-13
0.00381;3.286925626593855e-13
0.00384;3.4200477233400167e-13
0.00387;3.5575174732017627e-13
0.0039000000000000003;3.6993294023989083e-13
0.00393;3.8454524906041895e-13
0.00396;3.995825680622642e-13
0.0039900000000000005;4.1503527025591034e-13
0.00402;4.3088961010031696e-13
0.00405;4.471270332613998e-13
0.00408;4.637233775232074e-13
0.00411;4.806479457107474e-13
0.0041400000000000005;4.9786242737961e-13
0.00417;5.153196408155618e-13
0.0042;5.329620601946243e-13
0.00423;5.507200840206433e-13
0.00426;5.685099894504052e-13
0.00429;5.862315016688994e-13
0.00432;6.037648864325888e-13
0.00435;6.209674446659249e-13
0.00438;6.376692465776715e-13
0.00441;6.536678827322062e-13
0.00444;6.687219203066518e-13
0.00447;6.825426164569068e-13
0.0045000000000000005;6.94783225792483e-13
0.00453;7.050248877386266e-13
0.00456;7.127574816347784e-13
0.00459;7.173527697109584e-13
0.00462;7.180251309601305e-13
0.0046500000000000005;7.137711100168645e-13
0.00468;7.032700337528591e-13
0.00471;6.847059798087158e-13
0.00474;6.554092885312254e-13
0.00477;6.110003124548954e-13
0.0048000000000000004;5.426757104466956e-13
0.00483;4.2068598108656246e-13
0.00486;7.487508422267709e-10
0.00489;2.0235425085821633e-09
0.00492;3.4616237746227658e-09
0.00495;5.086965381810981e-09
0.00498;6.922491794861152e-09
0.00501;8.992767578227624e-09
0.00504;1.1324744704818412e-08
0.00507;1.3948221413096768e-08
0.0051;1.6896248892531263e-08
0.00513;2.0205547686672375e-08
0.0051600000000000005;2.391695784494904e-08
0.00519;2.807593626095571e-08
0.00522;3.273311147422367e-08
0.00525;3.794490557907077e-08
0.00528;4.377423330544247e-08
0.0053100000000000005;5.029128931285053e-08
0.00534;5.757443609180521e-08
0.00537;6.571120654488659e-08
0.0054;7.479943731936478e-08
0.00543;8.494855131425199e-08
0.0054600000000000004;9.628101053149916e-08
0.00549;1.089339636439212e-07
0.00552;1.2306111638762564e-07
0.00555;1.3883485724426447e-07
0.00558;1.5644867596845333e-07
0.00561;1.7611991846900321e-07
0.00564;1.9809292852472934e-07
0.0056700000000000006;2.2264263499717823e-07
0.0057;2.500786528147575e-07
0.00573;2.8074997731827035e-07
0.00576;3.150503649023983e-07
0.00579;3.5342450865104264e-07
0.0058200000000000005;3.96375136321461e-07
0.00585;4.4447118016198685e-07
0.00588;4.98357194337978e-07
0.00591;5.58764227047221e-07
0.00594;6.265223917647181e-07
0.0059700000000000005;7.025754267209344e-07
0.006;7.879975852607887e-07
0.00603;8.840132640381423e-07
0.00606;9.920198534338682e-07
0.00609;1.1136143880654546e-06
0.0061200000000000004;1.2506246883464764e-06
0.00615;1.4051458213142649e-06
0.00618;1.5795828758401988e-06
0.00621;1.7767012510385163e-06
0.00624;1.9996859057905885e-06
0.00627;2.2522113230551807e-06
0.0063;2.538524318864616e-06
0.0063300000000000006;2.863542290515394e-06
0.00636;3.2329700739707925e-06
0.00639;3.6534392958410495e-06
0.00642;4.132674997661596e-06
0.00645;4.67969542736501e-06
0.0064800000000000005;5.305052296831406e-06
0.00651;6.021120575893052e-06
0.00654;6.842449137441882e-06
0.00657;7.786186423754514e-06
0.0066;8.872598953551011e-06
0.0066300000000000005;1.0125705174904806e-05
0.00666;1.1574053214587015e-05
0.00669;1.325167891359313e-05
0.00672;1.5199290757928862e-05
0.00675;1.7465741709631288e-05
0.0067800000000000004;2.0109865604436012e-05
0.00681;2.320277921060066e-05
0.006840000000000001;2.6830782318671503e-05
0.00687;3.109903026432971e-05
0.0069;3.6136210176215246e-05
0.00693;4.210052981310991e-05
0.00696;4.918743446448368e-05
0.0069900000000000006;5.76396151258421e-05
0.00702;6.776007769872267e-05
0.00705;7.992933441806904e-05
0.00708;9.462819407858705e-05
0.00711;0.0001124682259004107
0.0071400000000000005;0.00013423284333383741
0.00717;0.00016093323891388652
0.0072;0.00019388532016133178
0.00723;0.00023481670252913098
0.00726;0.00028601728283952053
0.0072900000000000005;0.000350553896794609
0.00732;0.0004325806639325312
0.00735;0.0005377946157862851
0.00738;0.0006741159856968311
0.00741;0.0008527229850561167
0.00744;0.0010896585328505736
0.00747;0.001408383010683241
0.007500000000000001;0.0018439358546875166
0.00753;0.002449920178972953
0.00756;0.0033106200908099128
0.00759;0.00456283686334259
0.00762;0.006437010454217018
0.0076500000000000005;0.009338751949037265
0.00768;0.014020638256310208
0.00771;0.0219713727537793
0.00774;0.03637668561535883
0.00777;0.06474171709907756
0.0078000000000000005;0.12681456441995098
0.00783;0.2790185359559568
0.00786;0.644249797019283
0.00789;0.9951753554795173
0.00792;0.7505703436551979
0.00795;0.48181694029685956
0.007980000000000001;0.3444304333002009
0.00801;0.2782969869883016
0.00804;0.24916183739020573
0.00807;0.24346718722014277
0.0081;0.25772878756235307
0.00813;0.29529423876300065
0.00816;0.36756429886549885
0.00819;0.4983337713146752
0.00822;0.7189049939307897
0.00825;0.9659858355591278
0.008280000000000001;0.9005777620527629
0.00831;0.5580119304050256
0.00834;0.30713133597863307
0.00837;0.17623372851147612
0.0084;0.10854129061883187
0.00843;0.07127809910997752
0.00846;0.049333449321425756
0.008490000000000001;0.03562597465130606
0.00852;0.0266325233017657
0.00855;0.02048633996525387
0.00858;0.016140412072371674
0.00861;0.012977753855777195
0.00864;0.010618992154794204
0.00867;0.00882214813536441
0.0087;0.007427895965299254
0.00873;0.006328381530076493
0.00876;0.005448792845869282
0.008790000000000001;0.00473610589514946
0.00882;0.0041520101585450974
0.00885;0.003668345100832696
0.00888;0.0032640873735696966
0.00891;0.0029233198145072127
0.00894;0.0026338361672958613
0.00897;0.002386165912072064
0.009000000000000001;0.0021728819286788736
0.00903;0.001988101835809376
0.00906;0.0018271240395638557
0.00909;0.0016861588343760005
0.00912;0.0015621274708383912
0.00915;0.0014525104251814959
0.00918;0.0013552316961795657
0.00921;0.0012685697656631785
0.00924;0.001191088490196502
0.00927;0.0011215830310341212
0.009300000000000001;0.0010590372304037084
0.00933;0.001002589772118188
0.00936;0.0009515071360770277
0.00939;0.0009051618458185762
0.00942;0.000863014868451721
0.00945;0.000824601293516457
0.00948;0.0007895186171736591
0.009510000000000001;0.000757417108746729
0.00954;0.000727991850966314
0.00957;0.0007009761326685933
0.009600000000000001;0.0006761359399243944
0.00963;0.0006532653436326762
0.00966;0.000632182622146413
0.00969;0.0006127269892487145
0.00972;0.0005947558227994362
0.00975;0.0005781423091607529
0.00978;0.0005627734342585285
0.009810000000000001;0.0005485482647169845
0.00984;0.0005353764726132228
0.00987;0.0005231770655466597
0.0099;0.000511877290320675
0.00993;0.0005014116839024593
0.00996;0.0004917212497103408
0.00999;0.00048275274087021124
0.01002;0.00047445803503706464
0.01005;0.0004667935878160068
0.01008;0.0004597199538382164
0.010110000000000001;0.0004532013662241684
0.01014;0.0004472053665662964
0.01017;0.0004417024787326941
0.0102;0.00043666592077414544
0.01023;0.00043207135004250054
0.01026;0.00042789663732312704
0.01029;0.00042412166637358106
0.010320000000000001;0.0004207281557586159
0.01035;0.0004176995002966798
0.01038;0.0004150206297935356
0.01041;0.00041267788304831125
0.01044;0.00041065889538074735
0.01047;0.00040895249815632074
0.0105;0.0004075486289803244
0.01053;0.0004064382514009369
0.01056;0.00040561328310638884
0.01059;0.0004050665317276504
0.010620000000000001;0.00040479163746710823
0.01065;0.0004047830218691604
0.01068;0.0004050358421313194
0.01071;0.0004055459504271593
0.01074;0.00040630985777547293
0.01077;0.0004073247020463069
0.0108;0.00040858821974296497
0.010830000000000001;0.00041009872124265096
0.01086;0.0004118550692166613
0.01089;0.00041385665998458905
0.010920000000000001;0.0004161034075876269
0.01095;0.00041859573039251737
0.01098;0.0004213345400621592
0.01101;0.0004243212327502128
0.01104;0.0004275576823967182
0.01107;0.00043104623601916925
0.0111;0.0004347897109104562
0.011130000000000001;0.0004387913936682782
0.01116;0.00044305504099571315
0.01119;0.0004475848822243777
0.01122;0.00045238562352348715
0.01125;0.0004574624537693549
0.01128;0.00046282105205965594
0.01131;0.00046846759686765537
0.011340000000000001;0.0004744087768402984
0.01137;0.0004806518032540177
0.0114;0.0004872044241504962
0.011430000000000001;0.0004940749401843486
0.01146;0.0005012722222226819
0.01149;0.0005088057307470222
0.01152;0.0005166855371148387
0.01155;0.0005249223467494193
0.01158;0.0005335275243351707
0.01161;0.0005425131211049851
0.011640000000000001;0.000551891904317788
0.01167;0.0005616773890334435
0.0117;0.0005718838723046272
0.01173;0.0005825264699164341
0.01176;0.0005936211558176215
0.01179;0.0006051848043996419
0.01182;0.0006172352357947692
0.011850000000000001;0.0006297912643795821
0.01188;0.0006428727506860695
0.01191;0.0006565006569398512
0.011940000000000001;0.0006706971064646108
0.01197;0.000685485447211001
0.012;0.0007008903196908749
0.01203;0.0007169377296214881
0.01206;0.0007336551256085756
0.01209;0.0007510714822267132
0.01212;0.0007692173888830268
0.012150000000000001;0.0007881251448870415
0.01218;0.0008078288611791306
0.01221;0.000828364569213956
0.012240000000000001;0.00084977033753461
0.01227;0.0008720863966191815
0.0123;0.0008953552726322997
0.01233;0.000919621930768492
0.01236;0.0009449339289324032
0.01239;0.000971341582569167
0.01242;0.0009988981415269508
0.012450000000000001;0.001027659979912298
0.01248;0.001057686799985654
0.01251;0.0010890418512364325
0.01254;0.0011217921658839473
0.01257;0.0011560088121572152
0.0126;0.0011917671668380569
0.01263;0.0012291472086845873
0.012660000000000001;0.0012682338345020613
0.01269;0.0013091171998012932
0.01272;0.0013518930861545853
0.012750000000000001;0.0013966632975765507
0.01278;0.001443536088467406
0.01281;0.001492626625910815
0.01284;0.0015440574893874947
0.01287;0.0015979592112661423
0.0129;0.0016544708617724278
0.01293;0.001713740682503647
0.012960000000000001;0.0017759267729676757
0.01299;0.001841197835084394
0.01302;0.0019097339810935305
0.01305;0.0019817276108787317
0.01308;0.0020573843653500594
0.01311;0.002136924163221512
0.01314;0.0022205823293121197
0.013170000000000001;0.002308610823366526
0.0132;0.0024012795793763248
0.01323;0.002498877966466535
0.013260000000000001;0.0026017163836497595
0.01329;0.0027101280021151575
0.01332;0.0028244706702726815
0.01335;0.002945128998488382
0.01338;0.003072516642422619
0.01341;0.003207078806051386
0.01344;0.003349294987948927
0.013470000000000001;0.0034996819971904224
0.0135;0.0036587972683909515
0.01353;0.0038272425089732583
0.013560000000000001;0.004005667715785988
0.01359;0.004194775602804774
0.01362;0.0043953264868058246
0.01365;0.00460814368386158
0.013680000000000001;0.004834119476194898
0.01371;0.005074221716625416
0.01374;0.005329501146545125
0.013770000000000001;0.0056010995133662506
0.0138;0.005890258584797188
0.01383;0.006198330170345032
0.01386;0.006526787275453631
0.01389;0.006877236530844359
0.01392;0.007251432059411397
0.01395;0.007651290965732149
0.013980000000000001;0.008078910659485941
0.01401;0.008536588254240054
0.01404;0.009026842318011354
0.014070000000000001;0.00955243729233302
0.0141;0.010116410943353166
0.01413;0.01072210526256402
0.01416;0.011373201297715345
0.014190000000000001;0.012073758467439182
0.01422;0.012828258998012088
0.01425;0.01364165821954072
0.014280000000000001;0.014519441573910226
0.01431;0.015467689320946602
0.01434;0.016493150085716387
0.01437;0.017603324572240377
0.0144;0.01880656098162885
0.01443;0.020112163920823364
0.01446;0.021530518876977163
0.014490000000000001;0.02307323466935815
0.01452;0.02475330668106585
0.01455;0.02658530412649017
0.014580000000000001;0.02858558513359636
0.01461;0.030772544021918237
0.01464;0.03316689584505304
0.01467;0.03579200404476354
0.0147;0.03867425793632982
0.01473;0.04184350770459771
0.01476;0.04533356562345773
0.014790000000000001;0.049182783283973366
0.01482;0.05343471566831448
0.01485;0.05813888383657087
0.01488;0.06335164863621698
0.01491;0.06913720794316847
0.01494;0.07556872910554316
0.01497;0.08272962589524012
0.015000000000000001;0.09071498450573154
0.01503;0.09963313469619547
0.01506;0.10960734825034504
0.015090000000000001;0.12077762493311027
0.01512;0.1333024925584827
0.01515;0.14736069790695844
0.01518;0.16315259296687384
0.01521;0.18090091894388227
0.01524;0.20085055056506684
0.01527;0.22326657813724068
0.015300000000000001;0.24842987162326374
0.01533;0.27662899746905356
0.01536;0.30814707463113183
0.015390000000000001;0.3432419292572039
0.01542;0.3821178658926513
0.01545;0.42488772601206726
0.01548;0.4715249463419373
0.015510000000000001;0.5218073955908271
0.01554;0.5752580988899016
0.01557;0.6310924290645753
0.015600000000000001;0.6881860859604776
0.01563;0.7450812913906293
0.01566;0.8000473187647293
0.01569;0.8512031922520691
0.01572;0.8966948066870646
0.01575;0.934899662047298
0.01578;0.9646176906191112
0.01581;0.9852045465516042
0.01584;0.9966174954803163
0.01587;0.9993687743399196
0.0159;0.9944062404882723
0.01593;0.9829562100943756
0.015960000000000002;0.9663647197916966
0.01599;0.9459640756981459
0.01602;0.9229779656362905
0.016050000000000002;0.898466361316332
0.01608;0.873303803000629
0.01611;0.8481815864784095
0.01614;0.8236245420413273
0.01617;0.8000149211247778
0.0162;0.7776181798140828
0.01623;0.7566074880228336
0.01626;0.7370853361992104
0.01629;0.7191016433460097
0.01632;0.7026683857881015
0.01635;0.6877710857091502
0.01638;0.6743776279989481
0.01641;0.6624448927279949
0.01644;0.6519236519988343
0.016470000000000002;0.6427621170733038
0.0165;0.6349084533645254
0.01653;0.6283125167754635
0.016560000000000002;0.6229270091331811
0.01659;0.6187082042013264
0.01662;0.6156163584899911
0.01665;0.61361589166998
0.01668;0.6126753984983061
0.01671;0.6127675364777765
0.01674;0.6138688198690152
0.01677;0.6159593402010212
0.0168;0.6190224253241197
0.01683;0.6230442427210523
0.01686;0.6280133477833454
0.01689;0.6339201737361102
0.01692;0.6407564566203696
0.01695;0.6485145860726662
0.016980000000000002;0.6571868705079038
0.01701;0.6667647037235693
0.01704;0.6772376189884538
0.017070000000000002;0.6885922165228693
0.0171;0.7008109511750388
0.01713;0.7138707693997098
0.01716;0.7277415887820061
0.01719;0.7423846198613261
0.01722;0.7577505394715178
0.01725;0.7737775378430999
0.01728;0.7903892788444143
0.01731;0.8074928343282204
0.01734;0.8249766795857192
0.01737;0.8427088667745818
0.0174;0.860535525398724
0.01743;0.8782798708305596
0.01746;0.8957419294376412
0.017490000000000002;0.9126992066036338
0.01752;0.9289085250114273
0.01755;0.9441092375565311
0.017580000000000002;0.958027965207256
0.01761;0.9703849202830817
0.01764;0.9809017495111885
0.01767;0.9893106747437274
0.0177;0.9953645360990911
0.01773;0.9988471740486808
0.01776;0.9995834508964369
0.01779;0.9974481368228829
0.01782;0.9923728950000413
0.01785;0.9843507065984423
0.01788;0.9734372756715242
0.01791;0.9597492236922757
0.01794;0.943459186621919
0.01797;0.9247882186622577
0.018000000000000002;0.9039961429634464
0.01803;0.8813706382971235
0.01806;0.8572158971603526
0.018090000000000002;0.8318416389213195
0.01812;0.805553131277069
0.01815;0.7786426938791092
0.01818;0.7513829612608058
0.01821;0.7240219960071006
0.01824;0.6967801874030348
0.01827;0.6698487562826418
0.0183;0.6433896157240003
0.01833;0.6175363055433667
0.01836;0.5923957184082317
0.01839;0.5680503576167266
0.01842;0.5445609023177178
0.01845;0.5219688977340573
0.01848;0.5002994302245145
0.018510000000000002;0.4795636860784399
0.01854;0.45976132668125325
0.01857;0.44088264028577556
0.018600000000000002;0.4229104520673827
0.01863;0.40582178999157476
0.01866;0.3895893150783863
0.018690000000000002;0.3741825318122329
0.01872;0.3595687985930535
0.01875;0.3457141600167115
0.01878;0.33258402307363916
0.01881;0.320143698576706
0.01884;0.30835882768142436
0.01887;0.2971957115395661
0.0189;0.28662156014615653
0.01893;0.27660467444741493
0.01896;0.26711457386835386
0.01899;0.25812207964774797
0.019020000000000002;0.2495993627696383
0.01905;0.24151996386213517
0.01908;0.23385879119291783
0.019110000000000002;0.22659210182449377
0.01914;0.21969747007547505
0.01917;0.21315374666331208
0.019200000000000002;0.2069410112527212
0.01923;0.20104052059285027
0.01926;0.19543465397644308
0.01929;0.19010685738346378
0.01932;0.18504158736805762
0.01935;0.1802242555000987
0.01938;0.17564117397136042
0.01941;0.17127950281480148
0.01944;0.1671271990551555
0.01947;0.16317296800631984
0.0195;0.1594062168490219
0.019530000000000002;0.15581701055862535
0.01956;0.15239603020367443
0.01959;0.1491345335973335
0.019620000000000002;0.1460243182566757
0.01965;0.1430576866028153
0.01968;0.14022741332075273
0.019710000000000002;0.13752671478774026
0.01974;0.1349492204721493
0.01977;0.132488946202382
0.0198;0.13014026920330268
0.01983;0.12789790479899432
0.01986;0.1257568846822077
0.01989;0.12371253665389285
0.01992;0.12176046573958642
0.01995;0.11989653659366933
0.01998;0.11811685710644333
0.02001;0.11641776313375708
0.02004;0.11479580427315246
0.02007;0.11324773061503178
0.0201;0.11177048040182115
0.020130000000000002;0.11036116853208078
0.02016;0.10901707585097724
0.02019;0.10773563917207461
0.020220000000000002;0.10651444197939916
0.02025;0.10535120576205984
0.02028;0.10424378193715388
0.02031;0.10319014431979051
0.02034;0.10218838210194134
0.02037;0.1012366933045904
0.0204;0.10033337867031014
0.02043;0.09947683596562794
0.02046;0.09866555466490241
0.02049;0.09789811098941291
0.02052;0.09717316327734715
0.02055;0.09648944766210354
0.02058;0.09584577403807636
0.02061;0.09524102229448787
0.020640000000000002;0.09467413879937857
0.02067;0.09414413311713207
0.0207;0.09365007494416253
0.020730000000000002;0.09319109124845869
0.02076;0.09276636359983631
0.02079;0.0923751256786035
0.02082;0.09201666095137553
0.02085;0.09169030050343954
0.02088;0.09139542101804358
0.02091;0.09113144289350174
0.02094;0.09089782848982866
0.02097;0.09069408049713272
0.021;0.09051974041862439
0.02103;0.09037438716155008
0.02106;0.09025763572999172
0.02109;0.09016913601374829
0.02112;0.09010857166808203
0.021150000000000002;0.0900756590794502
0.02118;0.09007014641270263
0.02121;0.09009181273554961
0.021240000000000002;0.09014046721651549
0.02127;0.09021594839273633
0.0213;0.09031812350439186
0.021330000000000002;0.09044688789267649
0.02136;0.09060216445857625
0.02139;0.09078390317986486
0.02142;0.09099208068395113
0.02145;0.09122669987442991
0.02148;0.09148778960936674
0.02151;0.09177540442948433
0.02154;0.09208962433463125
0.02157;0.0924305546070142
0.0216;0.09279832567985274
0.02163;0.0931930930502378
0.021660000000000002;0.09361503723506666
0.02169;0.09406436376912213
0.02172;0.09454130324437338
0.021750000000000002;0.09504611138976829
0.02178;0.09557906919083094
0.02181;0.09614048304848116
0.021840000000000002;0.09673068497658753
0.02187;0.09735003283784646
0.0219;0.09799891061761674
0.02193;0.09867772873549013
0.02196;0.09938692439433912
0.02199;0.1001269619667202
0.02202;0.10089833341856834
0.02205;0.10170155877004718
0.02208;0.10253718659370495
0.02211;0.10340579454982272
0.02214;0.10430798995913323
0.022170000000000002;0.10524441041298761
0.0222;0.10621572442107813
0.02223;0.10722263209689976
0.022260000000000002;0.10826586588104843
0.02229;0.10934619130257563
0.02232;0.11046440777850983
0.022350000000000002;0.1116213494517079
0.02238;0.11281788606715468
0.02241;0.11405492388675091
0.02244;0.11533340664274908
0.02247;0.11665431652969406
0.0225;0.11801867523492945
0.02253;0.11942754500742386
0.02256;0.12088202976469786
0.02259;0.12238327623760507
0.02262;0.12393247515229855
0.02265;0.12553086244895967
0.022680000000000002;0.12717972053633012
0.02271;0.1288803795812174
0.02274;0.1306342188316771
0.022770000000000002;0.13244266797245732
0.0228;0.13430720851102385
0.02283;0.13622937519210498
0.022860000000000002;0.13821075743845482
0.02289;0.1402530008150691
0.02292;0.14235780851372457
0.02295;0.1445269428541532
0.02298;0.14676222679801462
0.02301;0.14906554547070455
0.02304;0.1514388476861106
0.02307;0.15388414746854107
0.0231;0.15640352556550294
0.02313;0.1589991309452169
0.02316;0.16167318227201036
0.023190000000000002;0.16442796935467627
0.02322;0.16726585456508988
0.02325;0.1701892742326795
0.023280000000000002;0.173200740038311
0.02331;0.17630284047714348
0.02334;0.17949824257931046
0.023370000000000002;0.18278969441046786
0.0234;0.18618002990181348
0.02343;0.1896721811403843
0.02346;0.19326921789784896
0.02349;0.19697450856001164
0.02352;0.2007926136769711
0.02355;0.20473756895073894
0.02358;0.20909052174565626
0.02361;0.22224946587501668
0.02364;0.21859170306444325
0.02367;0.22168403587649796
0.023700000000000002;0.22620430608147102
0.02373;0.23088646411069255
0.02376;0.23571083166586995
0.023790000000000002;0.24067861795039588
0.02382;0.24579316114856656
0.02385;0.2510582294676388
0.023880000000000002;0.2564777336215101
0.02391;0.2620556540066376
0.02394;0.2677960133584348
0.02397;0.27370286093089924
0.024;0.27978025955076574
0.02403;0.286032272894996
0.02406;0.2924629520259755
0.02409;0.2990763207631321
0.02412;0.3058763596613864
0.02415;0.31286698844329797
0.02418;0.32005204676497245
0.02421;0.32743527321081217
0.02424;0.33502028242444976
0.02427;0.34281054029009717
0.024300000000000002;0.35080933708948325
0.02433;0.3590197585687998
0.02436;0.36744465486394007
0.024390000000000002;0.3760866072476385
0.02442;0.38494789268099106
0.02445;0.3940304461737541
0.024480000000000002;0.40333582098417897
0.02451;0.412865146718859
0.02454;0.42261908542810184
0.02457;0.4325977858297317
0.0246;0.442800835839586
0.02463;0.45322721363339646
0.02466;0.4638752375177489
0.02469;0.47474251494533865
0.02472;0.4858258910688536
0.02475;0.4971213972932218
0.02478;0.508624200351438
0.024810000000000002;0.5203285524976651
0.02484;0.5322277434787362
0.02487;0.5443140550128439
0.024900000000000002;0.5565787185666673
0.02493;0.5690118772821112
0.02496;0.5816025529539574
0.024990000000000002;0.5943386190006315
0.02502;0.6072067804000624
0.02505;0.6201925615736515
0.02508;0.6332803031995009
0.02511;0.646453168906315
0.02514;0.6596931627539623
0.02517;0.6729811583295076
0.0252;0.6862969401876078
0.02523;0.6996192582335635
0.02526;0.7129258954890625
0.02529;0.7261937494963674
0.025320000000000002;0.7393989274033788
0.02535;0.7525168545388099
0.02538;0.7655223960318489
0.025410000000000002;0.7783899907638879
0.02544;0.7910937966642779
0.02547;0.8036078460862643
0.025500000000000002;0.8159062097310477
0.02553;0.8279631673360456
0.02556;0.8397533831149592
0.02559;0.8512520837448512
0.02562;0.862435236539286
0.02565;0.8732797253451771
0.02568;0.8837635216471156
0.02571;0.8938658483715615
0.02574;0.9035673339501756
0.02577;0.912850154328659
0.0258;0.9216981607931869
0.025830000000000002;0.9300969917259028
0.02586;0.9380341666874098
0.02589;0.9454991615496485
0.025920000000000002;0.9524834637585206
0.02595;0.9589806071792263
0.02598;0.9649861863603363
0.026010000000000002;0.9704978504291274
0.02604;0.9755152771963479
0.02607;0.9800401283863605
0.0261;0.9840759872143799
0.02613;0.9876282797980757
0.02616;0.9907041821080858
0.02619;0.9933125143320198
0.02622;0.9954636246429633
0.02625;0.9971692644299118
0.02628;0.9984424570638694
0.02631;0.9992973622441333
0.026340000000000002;0.9997491378982748
0.02637;0.9998138015024735
0.0264;0.9995080925521266
0.026430000000000002;0.9988493377525194
0.02646;0.9978553203220825
0.02649;0.9965441546129278
0.026520000000000002;0.9949341670603135
0.02655;0.9930437842803923
0.02658;0.9908914289478471
0.02661;0.9884954239063758
0.02664;0.9858739047980527
0.02667;0.9830447413450784
0.0267;0.9800254672806145
0.02673;0.9768332188052902
0.02676;0.9734846813433139
0.02679;0.9699960442861143
0.02682;0.966382963341981
0.026850000000000002;0.9626605300563623
0.02688;0.958843248027721
0.02691;0.9549450153173461
0.026940000000000002;0.9509791125367599
0.02697;0.9469581960912162
0.027;0.9428942960622541
0.027030000000000002;0.9387988182225648
0.02706;0.9346825496945749
0.02709;0.9305556677850242
0.027120000000000002;0.9264277515535922
0.02715;0.9223077957015251
0.02718;0.9182042263951214
0.02721;0.9141249186703803
0.02724;0.9100772150945143
0.02727;0.9060679453913193
0.0273;0.9021034467661956
0.02733;0.8981895846957229
0.027360000000000002;0.8943317739733102
0.02739;0.8905349998283416
0.02742;0.8868038389597627
0.027450000000000002;0.8831424803478685
0.02748;0.8795547457276653
0.02751;0.8760441096264303
0.027540000000000002;0.8726137188847426
0.02757;0.869266411595326
0.0276;0.866004735408094
0.027630000000000002;0.8628309651615024
0.02766;0.8597471198112326
0.02769;0.8567549786365425
0.02772;0.8538560967127813
0.02775;0.85105181964574
0.02778;0.8483432975693567
0.02781;0.8457314984134957
0.02784;0.8432172204530022
0.027870000000000002;0.8408011041524054
0.0279;0.8384836433240022
0.02793;0.836265195619013
0.027960000000000002;0.8341459923734309
0.02799;0.8321261478316854
0.02802;0.8302056677720046
0.028050000000000002;0.8283844575582189
0.02808;0.8266623296428042
0.02811;0.8250390105465089
0.028140000000000002;0.823514147339409
0.02817;0.822087313648217
0.0282;0.820758015214162
0.02823;0.8195256950253249
0.02826;0.8183897380466697
0.02829;0.8173494755702433
0.02832;0.8164041892075395
0.02835;0.815553114544885
0.028380000000000002;0.8147954444823584
0.02841;0.814130332275545
0.02844;0.8135568942989142
0.028470000000000002;0.8130742125485944
0.0285;0.812681336901757
0.02853;0.8123772871487903
0.028560000000000002;0.8121610548138977
0.02859;0.8120316047789402
0.02862;0.8119878767245566
0.028650000000000002;0.8120287864021488
0.02868;0.812153226749389
0.02871;0.8123600688615006
0.02874;0.8126481628298624
0.02877;0.8130163384589987
0.0288;0.8134634058724405
0.02883;0.813988156017464
0.02886;0.8145893610782355
0.02889;0.8152657748064975
0.02892;0.816016132778448
0.02895;0.8168391525860877
0.028980000000000002;0.8177335339710231
0.02901;0.8186979589082708
0.02904;0.8197310916473445
0.029070000000000002;0.8208315787175828
0.0291;0.8219980489044202
0.02913;0.8232291132030121
0.029160000000000002;0.8245233647553613
0.02919;0.8258793787769153
0.02922;0.8272957124782769
0.02925;0.82877090498761
0.02928;0.8303034772789344
0.02931;0.8318919321113973
0.02934;0.8335347539844841
0.02937;0.8352304091137868
0.0294;0.8369773454318771
0.02943;0.8387739926186148
0.02946;0.8406187621650097
0.029490000000000002;0.8425100474745754
0.02952;0.8444462240060617
0.02955;0.846425649460952
0.029580000000000002;0.8484466640192552
0.02961;0.8505075906267037
0.02964;0.8526067353363705
0.029670000000000002;0.8547423877074272
0.0297;0.8569128212635694
0.02973;0.8591162940134864
0.02976;0.8613510490353474
0.02979;0.8636153151272408
0.02982;0.8659073075250173
0.02985;0.8682252286889066
0.02988;0.8705672691599645
0.02991;0.872931608486754
0.02994;0.8753164162237821
0.02997;0.8777198529999961
0.030000000000000002;0.8801400716590225
0.03003;0.8825752184696574
0.03006;0.8850234344060315
0.030090000000000002;0.8874828564963773
0.03012;0.8899516192389526
0.03015;0.8924278560832296
0.030180000000000002;0.894909700974416
0.03021;0.8973952899586309
0.03024;0.8998827628461232
0.030270000000000002;0.9023702649293105
0.0303;0.9048559487523016
0.03033;0.9073379759279983
0.03036;0.9098145189988555
0.03039;0.9122837633368012
0.03042;0.9147439090778253
0.03045;0.9171931730861357
0.03048;0.919629790942863
0.030510000000000002;0.9220520189538084
0.03054;0.9244581361706168
0.03057;0.9268464464196913
0.030600000000000002;0.9292152803326381
0.03063;0.9315629973723141
0.03066;0.933887987848144
0.030690000000000002;0.936188674914414
0.03072;0.9384635165451244
0.03075;0.9407110074790316
0.030780000000000002;0.9429296811283897
0.03081;0.9451181114451859
0.03084;0.9472749147383854
0.03087;0.9493987514360853
0.0309;0.9514883277865049
0.03093;0.9535423974918829
0.03096;0.9555597632696023
0.03099;0.9575392783350974
0.031020000000000002;0.9594798478012203
0.03105;0.9613804299892204
0.03108;0.9632400376467696
0.031110000000000002;0.9650577390685838
0.03114;0.9668326591158483
0.03117;0.9685639801308807
0.031200000000000002;0.9702509427438355
0.03123;0.9718928465688328
0.03126;0.9734890507870343
0.03129;0.9750389746150195
0.03132;0.9765420976568664
0.03135;0.9779979601391345
0.03138;0.9794061630281049
0.03141;0.9807663680293861
0.03144;0.9820782974701139
0.03147;0.9833417340648398
0.0315;0.9845565205661451
0.03153;0.9857225593018963
0.03156;0.9868398116012072
0.03159;0.987908297111635
0.03162;0.9889280930105755
0.03165;0.9898993331140475
0.03168;0.9908222068866013
0.03171;0.9916969583561701
0.03174;0.9925238849381744
0.03177;0.9933033361732975
0.0318;0.9940357123836974
0.031830000000000004;0.994721463252552
0.03186;0.9953610863320831
0.03189;0.9959551254852933
0.031920000000000004;0.9965041692668228
0.03195;0.9970088492483816
0.03198;0.9974698382943442
0.032010000000000004;0.9978878487929497
0.03204;0.9982636308491056
0.03207;0.9985979704436699
0.032100000000000004;0.9988916875654814
0.03213;0.9991456343211733
0.03216;0.9993606930282816
0.03219;0.9995377742968925
0.03222;0.9996778151050294
0.03225;0.9997817768727406
0.03228;0.9998506435396727
0.03231;0.9998854196508937
0.03234;0.999887128455311
0.03237;0.99985681002101
0.0324;0.9997955193715061
0.03243;0.999704324646743
0.03246;0.9995843052924337
0.03249;0.9994365502810323
0.03252;0.9992621563674932
0.03255;0.9990622263826613
0.03258;0.9988378675669028
0.03261;0.9985901899463482
0.03264;0.9983203047538852
0.03267;0.9980293228968099
0.0327;0.9977183534727698
0.03273;0.9973885023354316
0.03276;0.9970408707111135
0.03279;0.9966765538673205
0.03282;0.9962966398340128
0.032850000000000004;0.9959022081781593
0.03288;0.9954943288319587
0.03291;0.9950740609749756
0.032940000000000004;0.9946424519701673
0.03297;0.9942005363536928
0.033;0.9937493348782667
0.033030000000000004;0.9932898536095174
0.03306;0.9928230830749032
0.03309;0.9923499974644252
0.033120000000000004;0.9918715538823621
0.03315;0.9913886916491516
0.03318;0.9909023316523491
0.03321;0.9904133757456678
0.03324;0.9899227061949071
0.03327;0.9894311851695382
0.0333;0.9889396542787142
0.03333;0.9884489341503357
0.03336;0.9879598240518528
0.03339;0.9874731015513967
0.03342;0.9869895222177961
0.03345;0.9865098193581092
0.03348;0.9860347037911585
0.03351;0.985564863655655
0.03354;0.9851009642514794
0.03357;0.9846436479126286
0.0336;0.9841935339104556
0.03363;0.9837512183857517
0.03366;0.9833172743082972
0.03369;0.9828922514624957
0.03372;0.9824766764577785
0.03375;0.9820710527624471
0.03378;0.9816758607596695
0.03381;0.9812915578244333
0.03384;0.9809185784201807
0.033870000000000004;0.980557334214057
0.0339;0.9802082142095397
0.03393;0.9798715848954783
0.033960000000000004;0.9795477904104269
0.03399;0.9792371527213145
0.03402;0.9789399718154833
0.034050000000000004;0.9786565259052292
0.03408;0.9783870716439458
0.03411;0.9781318443530702
0.034140000000000004;0.9778910582590731
0.03417;0.9776649067397574
0.0342;0.9774535625791841
0.034230000000000003;0.97725717823058
0.03426;0.9770758860866537
0.03429;0.9769097987567361
0.03432;0.9767590093502467
0.03435;0.9766235917660001
0.03438;0.9765036009869403
0.03441;0.9763990733798452
0.03444;0.976310026999701
0.03447;0.9762364618983921
0.0345;0.9761783604373543
0.03453;0.9761356876040505
0.03456;0.9761083913318909
0.03459;0.9760964028235108
0.03462;0.9760996368771471
0.03465;0.9761179922160228
0.03468;0.9761513518205827
0.03471;0.976199583263493
0.03474;0.9762625390473545
0.03477;0.9763400569450562
0.0348;0.9764319603427514
0.03483;0.9765380585854891
0.03486;0.9766581473254898
0.034890000000000004;0.976792008873148
0.03492;0.9769394125508873
0.03495;0.9771001150498434
0.034980000000000004;0.9772738607897486
0.03501;0.9774603822819821
0.03504;0.9776594004962362
0.035070000000000004;0.9778706252309516
0.0351;0.9780937554879856
0.03513;0.9783284798519825
0.035160000000000004;0.9785744768749971
0.03519;0.9788314154671526
0.03522;0.9790989552942551
0.035250000000000004;0.9793767471835773
0.03528;0.9796644335393012
0.03531;0.9799616487696293
0.03534;0.9802680197281144
0.03537;0.9805831661725418
0.0354;0.9809067012457825
0.03543;0.9812382319845426
0.03546;0.9815773598638055
0.03549;0.9819236813876481
0.03552;0.9822767887409233
0.03555;0.9826362705217012
0.03558;0.9830017125821607
0.03561;0.9833726990167098
0.03564;0.9837488133522028
0.03567;0.9841296400191794
0.0357;0.984514766218182
0.03573;0.9849037843492577
0.03576;0.9852962952548897
0.03579;0.9856919126553461
0.03582;0.9860902693593323
0.03585;0.9864910261632776
0.03588;0.9868938848979513
0.03591;0.9872986080032167
0.03594;0.9877050486093044
0.03597;0.988113197949315
0.036000000000000004;0.9885232621566831
0.03603;0.9889357904462206
0.03606;0.9893518963419118
0.036090000000000004;0.989773654266782
0.03612;0.9902048422612231
0.03615;0.9906524058851993
0.036180000000000004;0.9911295247378268
0.03621;0.9916625298850283
0.03624;0.9923080196269592
0.036270000000000004;0.9932005788498257
0.0363;0.9947091341850542
0.03633;0.9980841963210765
0.03636;1.009371147608251
0.03639;1.0901390466722443
0.03642;1.7579295022148522
0.03645;1.0933654568402202
0.03648;1.0437831700457847
0.03651;1.0381553469423097
0.03654;1.0552506974047515
0.03657;1.1692605137057956
0.0366;1.7120639685871726
0.03663;1.0453225524510952
0.03666;1.0081938205850711
0.03669;1.0011706564513179
0.03672;0.9990858754507669
0.03675;0.9983679739637481
0.03678;0.998143413268281
0.03681;0.9981267498427304
0.03684;0.9982058668653871
0.03687;0.998330646656786
0.0369;0.9984763963629644
0.03693;0.9986299750924518
0.03696;0.9987839298511985
0.03699;0.9989337968421923
0.037020000000000004;0.9990767710948694
0.03705;0.9992110122313025
0.03708;0.999335264388249
0.037110000000000004;0.9994486394138024
0.03714;0.9995504887217829
0.03717;0.9996403251529802
0.037200000000000004;0.9997177739986152
0.03723;0.9997825415388905
0.03726;0.9998343943807552
0.037290000000000004;0.9998731456121225
0.03732;0.9998986453502636
0.03735;0.9999107741770317
0.037380000000000004;0.9999094385033007
0.03741;0.9998945672425065
0.03744;0.9998661093848342
0.03747;0.9998240321985035
0.0375;0.9997683198723856
0.03753;0.9996989724720039
0.03756;0.9996160051196528
0.03759;0.9995194473357744
0.03762;0.9994093424966395
0.03765;0.9992857473761054
0.03768;0.9991487317479655
0.03771;0.9989983780317675
0.03774;0.998834780969444
0.03777;0.9986580473234046
0.0378;0.9984682955891614
0.03783;0.9982656557172782
0.03786;0.9980502688407924
0.03789;0.9978222870052582
0.03792;0.9975818728992581
0.03795;0.997329199583842
0.03798;0.9970644502197907
0.03801;0.9967878177919216
0.038040000000000004;0.9964995048298867
0.03807;0.9961997231252058
0.0381;0.9958886934443252
0.038130000000000004;0.9955666452377138
0.03816;0.9952338163450236
0.03819;0.9948904526965344
0.038220000000000004;0.9945368080109801
0.03825;0.9941731434901308
0.03828;0.9937997275103412
0.038310000000000004;0.993416835311413
0.03834;0.9930247486831417
0.03837;0.9926237556498418
0.038400000000000004;0.9922141501533382
0.03843;0.9917962317346478
0.03846;0.9913703052148524
0.03849;0.9909366803755479
0.03852;0.9904956716391496
0.03855;0.9900475977496134
0.03858;0.9895927814534382
0.03861;0.9891315491826346
0.03864;0.988664230737922
0.03867;0.9881911589745201
0.0387;0.9877126694897599
0.03873;0.9872291003131083
0.03876;0.9867407915990001
0.03879;0.9862480853226984
0.03882;0.9857513249794849
0.03885;0.9852508552875386
0.03888;0.9847470218946388
0.03891;0.9842401710890679
0.03894;0.9837306495148793
0.03897;0.9832188038917877
0.039;0.9827049807398565
0.03903;0.9821895261092578
0.039060000000000004;0.9816727853151591
0.03909;0.9811551026780343
0.03912;0.9806368212694666
0.039150000000000004;0.9801182826636233
0.03918;0.9795998266945053
0.03921;0.9790817912190747
0.039240000000000004;0.9785645118864216
0.03927;0.9780483219129626
0.0393;0.9775335518638153
0.039330000000000004;0.9770205294403629
0.03936;0.9765095792740917
0.03939;0.9760010227267273
0.039420000000000004;0.975495177696657
0.03945;0.9749923584317277
0.03948;0.9744928753483334
0.03951;0.9739970348568626
0.03954;0.9735051391934583
0.03957;0.9730174862580377
0.0396;0.9725343694585884
0.03963;0.9720560775621165
0.03966;0.971582894549098
0.03969;0.9711150994806498
0.03972;0.9706529663629234
0.03975;0.9701967640241034
0.03978;0.9697467559946212
0.03981;0.9693032003936451
0.03984;0.9688663498212977
0.03987;0.9684364512564871
0.0399;0.96801374596031
0.03993;0.9675984693848966
0.03996;0.9671908510875602
0.03999;0.9667911146502407
0.04002;0.9663994776040393
0.04005;0.9660161513587834
0.04008;0.965641341137537
0.04011;0.9652752459158627
0.04014;0.9649180583658116
0.040170000000000004;0.9645699648044861
0.0402;0.9642311451470484
0.04023;0.9639017728641008
0.040260000000000004;0.96358201494329
0.04029;0.9632720318550565
0.04032;0.9629719775223762
0.040350000000000004;0.9626819992944288
0.04038;0.9624022379240587
0.04041;0.9621328275489107
0.040440000000000004;0.9618738956761799
0.04047;0.9616255631708164
0.0405;0.9613879442471341
0.040530000000000004;0.961161146463677
0.04056;0.9609452707212967
0.04059;0.9607404112643158
0.04062;0.9605466556846755
0.04065;0.9603640849290288
0.04068;0.9601927733086406
0.04071;0.9600327885120337
0.04074;0.9598841916203295
0.04077;0.9597470371251448
0.0408;0.9596213729490478
0.04083;0.9595072404684233
0.04086;0.9594046745387764
0.04089;0.9593137035223137
0.04092;0.9592343493178094
0.04095;0.959166627392688
0.04098;0.9591105468172523
0.04101;0.9590661103010166
0.04104;0.9590333142311243
0.04107;0.959012148712756
0.0411;0.9590025976115495
0.04113;0.959004638597953
0.04116;0.9590182431934708
0.041190000000000004;0.9590433768188503
0.04122;0.9590799988440635
0.04125;0.959128062640161
0.041280000000000004;0.9591875156329535
0.04131;0.9592582993584351
0.04134;0.9593403495200713
0.041370000000000004;0.9594335960477843
0.0414;0.959537963158751
0.04143;0.9596533694199564
0.041460000000000004;0.9597797278124621
0.04149;0.9599169457974924
0.04152;0.9600649253842165
0.041550000000000004;0.9602235631993531
0.04158;0.9603927505584866
0.04161;0.9605723735391996
0.04164;0.9607623130559947
0.04167;0.9609624449370212
0.0417;0.9611726400026147
0.04173;0.9613927641457142
0.04176;0.961622678414124
0.04179;0.9618622390946898
0.04182;0.9621112977994212
0.04185;0.9623697015535554
0.04188;0.9626372928856658
0.04191;0.9629139099197797
0.04194;0.9631993864696532
0.04197;0.9634935521351622
0.042;0.96379623240094
0.04203;0.9641072487372631
0.04206;0.9644264187033096
0.04209;0.9647535560527588
0.04212;0.965088470841847
0.04215;0.9654309695398003
0.04218;0.9657808551414998
0.042210000000000004;0.9661379272821667
0.04224;0.9665019823532923
0.04227;0.9668728136183945
0.042300000000000004;0.9672502113261726
0.04233;0.9676339628144442
0.04236;0.968023852594451
0.042390000000000004;0.9684196623886083
0.04242;0.9688211710635947
0.04245;0.9692281543110118
0.042480000000000004;0.969640383660455
0.04251;0.9700576234354499
0.04254;0.9704796195008265
0.042570000000000004;0.9709060313383119
0.0426;0.9993917831031436
0.04263;0.9994070651534536
0.042660000000000003;0.9994269308580386
0.04269;0.9994472826841563
0.04272;0.9994672240246167
0.04275;0.9994864500507825
0.04278;0.9995048493022732
0.04281;0.9995223895043359
0.04284;0.9995390747873146
0.04287;0.9995549269632791
0.0429;0.9995699764669568
0.04293;0.9995842576680415
0.04296;0.9995978063363098
0.04299;0.9996106582361634
0.04302;0.9996228483425564
0.04305;0.9996344104112265
0.04308;0.9996453767562135
0.04311;0.9996557781507042
0.04314;0.9996656438017821
0.04317;0.9996750013693847
0.0432;0.9996838770111124
0.043230000000000005;0.9996922954416688
0.04326;0.9997002799997362
0.04329;0.9997078527178876
0.043320000000000004;0.9997150343927279
0.04335;0.9997218446535822
0.04338;0.9997283020287001
0.043410000000000004;0.9997344240084214
0.04344;0.9997402271050327
0.04347;0.9997457269092074
0.043500000000000004;0.9997509381430849
0.04353;0.9997558747100549
0.04356;0.9997605497414415
0.043590000000000004;0.9997649756401733
0.04362;0.999769164121733
0.04365;0.9997731262524523
0.043680000000000004;0.999776872485408
0.04371;0.9997804126940207
0.04374;0.9997837562036052
0.04377;0.9997869118209399
0.0438;0.999789887862037
0.04383;0.999792692178174
0.04386;0.9997953321805301
0.04389;0.9997978148631997
0.04392;0.9998001468249653
0.04395;0.9998023342897576
0.04398;0.9998043831260449
0.04401;0.9998062988650402
0.04404;0.9998080867179588
0.04407;0.9998097515923272
0.0441;0.9998112981073854
0.04413;0.9998127306087128
0.04416;0.9998140531820225
0.04419;0.9998152696662982
0.04422;0.9998163836662045
0.04425;0.9998173985638703
0.04428;0.9998183175300923
0.04431;0.999819143534942
0.044340000000000004;0.999819879357871
0.04437;0.9998205275972654
0.0444;0.9998210906795835
0.044430000000000004;0.9998215708679845
0.04446;0.999821970270556
0.04449;0.999822290848118
0.044520000000000004;0.9998225344216525
0.04455;0.9998227026793481
0.04458;0.9998227971832867
0.044610000000000004;0.9998228193757952
0.04464;0.999822770585466
0.04467;0.9998226520328682
0.044700000000000004;0.9998224648359373
0.04473;0.9998222100150882
0.04476;0.9998218884980314
0.04479;0.9998215011243149
0.04482;0.9998210486495994
0.04485;0.9998205317496432
0.04488;0.9998199510240706
0.04491;0.9998193069998211
0.04494;0.9998186001344194
0.04497;0.9998178308189187
