1e-20;1.436139976767507e-25
3.000000000000001e-05;1.5038791402646692e-25
6.000000000000001e-05;1.574910546587704e-25
9.000000000000002e-05;1.6493990320572867e-25
0.00012000000000000002;1.7275179311586003e-25
0.00015000000000000001;1.8094495273390296e-25
0.00018;1.8953855283722606e-25
0.00021;1.9855275676775982e-25
0.00024;2.080087733036615e-25
0.00027;2.179289124251764e-25
0.00030000000000000003;2.283366441365034e-25
0.00033;2.3925666051545234e-25
0.00036;2.5071494117295898e-25
0.00039;2.627388223138996e-25
0.00042;2.7535706960275576e-25
0.00045;2.885999550486032e-25
0.00048;3.0249933813645933e-25
0.00051;3.1708875144584246e-25
0.00054;3.324034910100799e-25
0.00057;3.48480711685268e-25
0.0006000000000000001;3.6535952781362197e-25
0.00063;3.830811194811185e-25
0.00066;4.0168884468924564e-25
0.00069;4.212283577752917e-25
0.00072;4.417477344395722e-25
0.00075;4.632976037543504e-25
0.00078;4.859312875550855e-25
0.0008100000000000001;5.097049476343442e-25
0.00084;5.346777411849391e-25
0.00087;5.6091198496525975e-25
0.0009;5.884733286855701e-25
0.00093;6.17430938144848e-25
0.00096;6.478576886764987e-25
0.00099;6.798303694965294e-25
0.00102;7.134298995776995e-25
0.00105;7.4874155571735095e-25
0.00108;7.858552134943341e-25
0.00111;8.248656018618676e-25
0.00114;8.658725721590116e-25
0.00117;9.08981382372796e-25
0.0012000000000000001;9.543029975301215e-25
0.00123;1.001954407147395e-24
0.00126;1.0520589607260469e-24
0.0012900000000000001;1.1047467223307222e-24
0.00132;1.1601548453547266e-24
0.00135;1.2184279686370392e-24
0.00138;1.2797186351602843e-24
0.00141;1.3441877346387838e-24
0.00144;1.4120049713709595e-24
0.00147;1.4833493588151925e-24
0.0015;1.5584097424321768e-24
0.0015300000000000001;1.637385352421171e-24
0.00156;1.7204863880754077e-24
0.00159;1.8079346355785832e-24
0.0016200000000000001;1.8999641211661148e-24
0.00165;1.996821801687333e-24
0.00168;2.0987682947124997e-24
0.0017100000000000001;2.206078650468476e-24
0.00174;2.319043167983052e-24
0.00177;2.4379682579866463e-24
0.0018;2.563177355232467e-24
0.00183;2.6950118830663613e-24
0.00186;2.8338322732117284e-24
0.00189;2.9800190439212936e-24
0.00192;3.1339739397944613e-24
0.0019500000000000001;3.2961211367561665e-24
0.00198;3.466908515875348e-24
0.00201;3.646809009886155e-24
0.00204;3.8363220264983956e-24
0.0020700000000000002;4.035974952766601e-24
0.0021;4.246324745056949e-24
0.00213;4.4679596093147474e-24
0.00216;4.701500776638455e-24
0.00219;4.947604379358863e-24
0.00222;5.206963433122959e-24
0.0022500000000000003;5.4803099306988194e-24
0.00228;5.768417053517871e-24
0.00231;6.072101507237523e-24
0.00234;6.392225987867974e-24
0.00237;6.729701785328345e-24
0.0024000000000000002;7.085491531537993e-24
0.00243;7.460612100460874e-24
0.00246;7.856137667802958e-24
0.00249;8.273202938337837e-24
0.00252;8.713006549090962e-24
0.00255;9.176814656915614e-24
0.0025800000000000003;9.665964719150991e-24
0.00261;1.0181869476413397e-23
0.00264;1.0726021146591007e-23
0.00267;1.1299995839416231e-23
0.0027;1.1905458201027745e-23
0.0027300000000000002;1.2544166297995009e-23
0.00276;1.3217976750316175e-23
0.00279;1.3928850122726983e-23
0.00282;1.4678856583584988e-23
0.00285;1.547018184017859e-23
0.00288;1.6305133358957833e-23
0.0029100000000000003;1.7186146878537395e-23
0.00294;1.811579322255648e-23
0.00297;1.909678541837025e-23
0.003;2.0131986126495214e-23
0.00303;2.122441538376985e-23
0.0030600000000000002;2.2377258661556743e-23
0.00309;2.3593875237725404e-23
0.00312;2.4877806878256065e-23
0.00315;2.6232786820966008e-23
0.00318;2.766274904937165e-23
0.00321;2.917183784002821e-23
0.0032400000000000003;3.076441756052536e-23
0.00327;3.244508268834957e-23
0.0033;3.42186680125154e-23
0.00333;3.6090258969826654e-23
0.00336;3.8065202056325326e-23
0.0033900000000000002;4.0149115240487335e-23
0.0034200000000000003;4.234789828861462e-23
0.00345;4.466774289408055e-23
0.00348;4.711514247928982e-23
0.00351;4.9696901513258315e-23
0.00354;5.2420144156335827e-23
0.0035700000000000003;5.52923220070666e-23
0.0036;5.832122068289511e-23
0.00363;6.151496491525229e-23
0.00366;6.488202177945901e-23
0.00369;6.843120160747826e-23
0.00372;7.217165604719388e-23
0.0037500000000000003;7.611287263018894e-23
0.00378;8.0264665089008e-23
0.00381;8.46371585206732e-23
0.00384;8.924076831895163e-23
0.00387;9.408617158890987e-23
0.0039000000000000003;9.918426950419322e-23
0.00393;1.0454613875982656e-22
0.00396;1.1018296989724446e-22
0.0039900000000000005;1.1610598981831885e-22
0.00402;1.2232636523431863e-22
0.00405;1.2885508309012295e-22
0.00408;1.357028031155625e-22
0.00411;1.4287967654015483e-22
0.0041400000000000005;1.5039512358292429e-22
0.00417;1.582575604995379e-22
0.0042;1.6647406459492646e-22
0.00423;1.750499624834412e-22
0.00426;1.8398832272471103e-22
0.00429;1.9328932834782774e-22
0.00432;2.0294949707826062e-22
0.00435;2.129607063344133e-22
0.00438;2.233089647698654e-22
0.00441;2.339728499046727e-22
0.00444;2.449214982759954e-22
0.00447;2.5611198386397315e-22
0.0045000000000000005;2.6748584058167063e-22
0.00453;2.7896435391134913e-22
0.00456;2.904420243120562e-22
0.00459;3.0177720805927186e-22
0.00462;3.1277819196802356e-22
0.0046500000000000005;3.23181445278917e-22
0.00468;3.3261546835790116e-22
0.00471;3.405355311000771e-22
0.00474;3.460916590977709e-22
0.00477;3.4781275428578296e-22
0.0048000000000000004;3.426059662926381e-22
0.00483;3.1967887594112004e-22
0.00486;4.329644437280065e-20
0.00489;1.1234438915118085e-19
0.00492;1.9009156111707144e-19
0.00495;2.78339794093704e-19
0.00498;3.7857885742126063e-19
0.00501;4.923416195695204e-19
0.00504;6.212865537933034e-19
0.00507;7.672375121287055e-19
0.0051;9.322132944981596e-19
0.00513;1.1184552072503635e-18
0.0051600000000000005;1.328455485260059e-18
0.00519;1.5649879146278898e-18
0.00522;1.8311414775641064e-18
0.00525;2.1303576638043182e-18
0.00528;2.466472047325585e-18
0.0053100000000000005;2.8437607414261544e-18
0.00534;3.266992391909297e-18
0.00537;3.741486436309604e-18
0.0054;4.273178442507747e-18
0.00543;4.86869344170702e-18
0.0054600000000000004;5.535428289006621e-18
0.00549;6.281644221105897e-18
0.00552;7.116570937160069e-18
0.00555;8.050523708071068e-18
0.00558;9.095035224796453e-18
0.00561;1.0263004131345545e-17
0.00564;1.1568862457439423e-17
0.0056700000000000006;1.3028764474587374e-17
0.0057;1.466079985351671e-17
0.00573;1.648523440748124e-17
0.00576;1.8524782173320843e-17
0.00579;2.0804913119500043e-17
0.0058200000000000005;2.3354201388888285e-17
0.00585;2.6204719697041726e-17
0.00588;2.939248632867682e-17
0.00591;3.295797212411115e-17
0.00594;3.6946675944475375e-17
0.0059700000000000005;4.1409778372903133e-17
0.006;4.640488487868085e-17
0.00603;5.1996871374463987e-17
0.00606;5.825884707321816e-17
0.00609;6.527325184885861e-17
0.0061200000000000004;7.313310797473319e-17
0.00615;8.194344922672821e-17
0.00618;9.18229539616827e-17
0.00621;1.0290581301791369e-16
0.00624;1.1534386822934067e-16
0.00627;1.293090631361244e-16
0.0063;1.4499625425539722e-16
0.0063300000000000006;1.626264392344251e-16
0.00636;1.8245046755652568e-16
0.00639;2.0475331046558072e-16
0.00642;2.298589797298951e-16
0.00645;2.581362001466704e-16
0.0064800000000000005;2.9000495874018117e-16
0.00651;3.2594407496706445e-16
0.00654;3.6649996155008066e-16
0.00657;4.1229677559603185e-16
0.0066;4.640481953578371e-16
0.0066300000000000005;5.225711005041206e-16
0.00666;5.888014844563719e-16
0.00669;6.638129879050574e-16
0.00672;7.488385150851699e-16
0.00675;8.452954812718697e-16
0.0067800000000000004;9.5481534428442e-16
0.00681;1.0792781983438674e-15
0.006840000000000001;1.2208533599778783e-15
0.00687;1.3820470584894722e-15
0.0069;1.5657585648064495e-15
0.00693;1.775346360919259e-15
0.00696;2.0147062783387724e-15
0.0069900000000000006;2.2883639313894582e-15
0.00702;2.6015842562597706e-15
0.00705;2.960501560393026e-15
0.00708;3.3722742147957484e-15
0.00711;3.845269017083602e-15
0.0071400000000000005;4.389281356345965e-15
0.00717;5.015798674278156e-15
0.0072;5.7383164062754764e-15
0.00723;6.572717684495526e-15
0.00726;7.537730699295817e-15
0.0072900000000000005;8.655480881409337e-15
0.00732;9.952159159989816e-15
0.00735;1.1458832695469718e-14
0.00738;1.3212430971920151e-14
0.00741;1.525694833749928e-14
0.00744;1.7644914493703647e-14
0.00747;2.043919769440008e-14
0.007500000000000001;2.3715222364002757e-14
0.00753;2.7563704585628785e-14
0.00756;3.209403690738018e-14
0.00759;3.743849011041433e-14
0.00762;4.375744656823066e-14
0.0076500000000000005;5.1245941077716855e-14
0.00768;6.01418652423229e-14
0.00771;7.073629697521711e-14
0.00774;8.338655609739556e-14
0.00777;9.8532772143882e-14
0.0078000000000000005;1.1671899762176997e-13
0.00783;1.3862023159318842e-13
0.00786;1.6507716594794708e-13
0.00789;1.9714107403987565e-13
0.00792;2.361320905291681e-13
0.00795;2.8371527045834145e-13
0.007980000000000001;3.420003909697214e-13
0.00801;4.1367365262133837e-13
0.00804;5.021725134911498e-13
0.00807;6.119192358293421e-13
0.0081;7.486349150914944e-13
0.00813;9.197646497155714e-13
0.00816;1.1350573848905359e-12
0.00819;1.4073627839891625e-12
0.00822;1.7537352597525114e-12
0.00825;2.1969767176193185e-12
0.008280000000000001;2.767811994359406e-12
0.00831;3.5079861552665136e-12
0.00834;4.4747196908803224e-12
0.00837;5.747187249953872e-12
0.0084;7.436049405350044e-12
0.00843;9.69765210643715e-12
0.00846;1.275546439715186e-11
0.008490000000000001;1.6932913110308103e-11
0.00852;2.2704459909815037e-11
0.00855;3.077640077771797e-11
0.00858;4.221703420780766e-11
0.00861;5.867056701108e-11
0.00864;8.27163428107875e-11
0.00867;1.1848668809253804e-10
0.0087;1.7275792488078825e-10
0.00873;2.5693408880979875e-10
0.00876;3.9077357134653973e-10
0.008790000000000001;6.096521146147265e-10
0.00882;9.793203278335777e-10
0.00885;1.6273542677749294e-09
0.00888;2.813985972472774e-09
0.00891;5.102290284940269e-09
0.00894;9.799884198076553e-09
0.00897;2.021796959106449e-08
0.009000000000000001;4.570531973501774e-08
0.00903;1.1668019117000943e-07
0.00906;3.533940553092247e-07
0.00909;1.391167517418623e-06
0.00912;8.774361204702212e-06
0.00915;0.00019896563660391295
0.00918;0.0013875029519527815
0.00921;0.0016885723798141503
0.00924;0.00439608932764985
0.00927;0.0009172284155685222
0.009300000000000001;0.0017624981600772745
0.00933;2.4018634364393205e-05
0.00936;3.2802157752045056e-06
0.00939;8.1409575890581e-07
0.00942;2.7443350943718115e-07
0.00945;1.121165375423901e-07
0.00948;5.2356223122293006e-08
0.009510000000000001;2.699609584535511e-08
0.00954;1.5029349362272845e-08
0.00957;8.895886518464408e-09
0.009600000000000001;5.536339736717262e-09
0.00963;3.5928522713252617e-09
0.00966;2.4158784947540297e-09
0.00969;1.6747864500766514e-09
0.00972;1.1922167399433735e-09
0.00975;8.6865904248581e-10
0.00978;6.460651517957559e-10
0.009810000000000001;4.893990506444333e-10
0.00984;3.768675978606495e-10
0.00987;2.9454667575167035e-10
0.0099;2.3332353835978287e-10
0.00993;1.871037047114329e-10
0.00996;1.5173047644500344e-10
0.00999;1.2431767942801336e-10
0.01002;1.0282829364917348e-10
0.01005;8.580288178166554e-11
0.01008;7.218126133449316e-11
0.010110000000000001;6.118337435992893e-11
0.01014;5.222842971751748e-11
0.01017;4.487920893547342e-11
0.0102;3.880317667814444e-11
0.01023;3.3744977436524065e-11
0.01026;2.950675210953784e-11
0.01029;2.5933893443248363e-11
0.010320000000000001;2.2904629308348042e-11
0.01035;2.0322330080899248e-11
0.01038;1.810977500684908e-11
0.01041;1.620484126873199e-11
0.01044;1.4557235929449607e-11
0.01047;1.3125999079194218e-11
0.0105;1.1877582049042524e-11
0.01053;1.0784357834742625e-11
0.01056;9.823458806081267e-12
0.01059;8.97586402127441e-12
0.010620000000000001;8.225678199606957e-12
0.01065;7.559558812688358e-12
0.01068;6.966258354717429e-12
0.01071;6.436256707017717e-12
0.01074;5.961464373868164e-12
0.01077;5.534981769883639e-12
0.0108;5.1509030679177135e-12
0.010830000000000001;4.804155648426199e-12
0.01086;4.490368128115292e-12
0.01089;4.205761435960062e-12
0.010920000000000001;3.947058557329374e-12
0.01095;3.711409463109841e-12
0.01098;3.4963284410197906e-12
0.01101;3.2996415960824706e-12
0.01104;3.119442720862034e-12
0.01107;2.9540560796647455e-12
0.0111;2.8020049242285062e-12
0.011130000000000001;2.66198477689843e-12
0.01116;2.5328406924296167e-12
0.01119;2.4135478506959294e-12
0.01122;2.303194946603981e-12
0.01125;2.2009699360260013e-12
0.01128;2.106147771897254e-12
0.01131;2.018079826114709e-12
0.011340000000000001;1.936184743315168e-12
0.01137;1.8599405140430345e-12
0.0114;1.7888775890100123e-12
0.011430000000000001;1.7225728844151778e-12
0.01146;1.6606445517588393e-12
0.01149;1.6027474050795499e-12
0.01152;1.5485689148454085e-12
0.01155;1.497825691321036e-12
0.01158;1.4502603916657156e-12
0.01161;1.405638994612737e-12
0.011640000000000001;1.3637483946648597e-12
0.01167;1.324394274585514e-12
0.0117;1.287399220744119e-12
0.01173;1.2526010507891807e-12
0.01176;1.219851327301485e-12
0.01179;1.189014034639509e-12
0.01182;1.1599643992328933e-12
0.011850000000000001;1.1325878361814982e-12
0.01188;1.106779007253802e-12
0.01191;1.0824409772957896e-12
0.011940000000000001;1.0594844577145192e-12
0.01197;1.0378271271264253e-12
0.012;1.017393020492032e-12
0.01203;9.981119791242395e-13
0.01206;9.799191548840567e-13
0.01209;9.627545626796883e-13
0.01212;9.465626760844856e-13
0.012150000000000001;9.31292061497506e-13
0.01218;9.168950468043669e-13
0.01221;9.033274209591334e-13
0.012240000000000001;8.905481613161007e-13
0.01227;8.785191858967529e-13
0.0123;8.672051280922098e-13
0.01233;8.565731315746917e-13
0.01236;8.465926634380171e-13
0.01239;8.372353437973294e-13
0.01242;8.284747902710063e-13
0.012450000000000001;8.202864759326296e-13
0.01248;8.12647599470397e-13
0.01251;8.055369664221382e-13
0.01254;7.989348804705034e-13
0.01257;7.928230438873786e-13
0.0126;7.871844663076481e-13
0.01263;7.820033810963478e-13
0.012660000000000001;7.772651686439283e-13
0.01269;7.729562859930904e-13
0.01272;7.690642022563577e-13
0.012750000000000001;7.655773393377133e-13
0.01278;7.624850175182228e-13
0.01281;7.597774055069497e-13
0.01284;7.574454745979421e-13
0.01287;7.554809566064439e-13
0.0129;7.538763052894199e-13
0.01293;7.526246609824363e-13
0.012960000000000001;7.517198182104435e-13
0.01299;7.511561960517041e-13
0.01302;7.509288110562493e-13
0.01305;7.510332525360154e-13
0.01308;7.514656600638613e-13
0.01311;7.522227030309507e-13
0.01314;7.533015621279224e-13
0.013170000000000001;7.546999126267805e-13
0.0132;7.56415909352437e-13
0.01323;7.584481732431666e-13
0.013260000000000001;7.607957794090715e-13
0.01329;7.634582466061183e-13
0.01332;7.664355280522431e-13
0.01335;7.697280035180309e-13
0.01338;7.733364726333847e-13
0.01341;7.772621493558963e-13
0.01344;7.815066575540591e-13
0.013470000000000001;7.860720276636304e-13
0.0135;7.909606943796417e-13
0.01353;7.96175495352938e-13
0.013560000000000001;8.017196708629618e-13
0.01359;8.075968644446504e-13
0.01362;8.138111244489792e-13
0.01365;8.203669065225781e-13
0.013680000000000001;8.27269076994433e-13
0.01371;8.345229171613921e-13
0.01374;8.421341284673354e-13
0.013770000000000001;8.501088385743007e-13
0.0138;8.584536083274104e-13
0.01383;8.671754396169995e-13
0.01386;8.762817841468186e-13
0.01389;8.857805531173853e-13
0.01392;8.956801278385298e-13
0.01395;9.059893712871289e-13
0.013980000000000001;9.167176406294652e-13
0.01401;9.278748007300054e-13
0.01404;9.394712386716825e-13
0.014070000000000001;9.515178793156763e-13
0.0141;9.640262019323924e-13
0.01413;9.770082579369619e-13
0.01416;9.904766897672776e-13
0.014190000000000001;1.004444750945281e-12
0.01422;1.0189263273653267e-12
0.01425;1.033935959857766e-12
0.014280000000000001;1.0494888680788029e-12
0.01431;1.0656009757813373e-12
0.01434;1.0822889375268688e-12
0.01437;1.0995701669011421e-12
0.0144;1.1174628663008973e-12
0.01443;1.1359860583648983e-12
0.01446;1.1551596191240737e-12
0.014490000000000001;1.1750043129566512e-12
0.01452;1.1955418294307108e-12
0.01455;1.2167948221311507e-12
0.014580000000000001;1.2387869495679157e-12
0.01461;1.2615429182700446e-12
0.01464;1.2850885281800174e-12
0.01467;1.3094507204629897e-12
0.0147;1.334657627860425e-12
0.01473;1.3607386277200945e-12
0.01476;1.387724397845511e-12
0.014790000000000001;1.4156469753155524e-12
0.01482;1.4445398184338897e-12
0.01485;1.4744378719800015e-12
0.01488;1.5053776359418153e-12
0.01491;1.5373972379221128e-12
0.01494;1.570536509422801e-12
0.01497;1.604837066224187e-12
0.015000000000000001;1.640342393088783e-12
0.01503;1.677097933036349e-12
0.01506;1.7151511814473491e-12
0.015090000000000001;1.7545517852744268e-12
0.01512;1.7953516476530214e-12
0.01515;1.8376050382266966e-12
0.01518;1.8813687095164687e-12
0.01521;1.926702019690603e-12
0.01524;1.9736670621092936e-12
0.01527;2.022328802044794e-12
0.015300000000000001;2.0727552210050604e-12
0.01533;2.1250174691126203e-12
0.01536;2.179190026022149e-12
0.015390000000000001;2.2353508708931616e-12
0.01542;2.2935816619646802e-12
0.01545;2.353967926317779e-12
0.01548;2.4165992604489184e-12
0.015510000000000001;2.481569542314887e-12
0.01554;2.5489771555680894e-12
0.01557;2.618925226725243e-12
0.015600000000000001;2.691521876085785e-12
0.01563;2.7668804832613883e-12
0.01566;2.8451199682259383e-12
0.01569;2.9263650888868226e-12
0.01572;3.010746756206562e-12
0.01575;3.0984023680131325e-12
0.01578;3.1894761626879425e-12
0.01581;3.284119594019714e-12
0.01584;3.382491728592299e-12
0.01587;3.484759667175435e-12
0.0159;3.5910989916893383e-12
0.01593;3.7016942394261015e-12
0.015960000000000002;3.8167394063274335e-12
0.01599;3.936438481248285e-12
0.01602;4.061006013277277e-12
0.016050000000000002;4.19066771432701e-12
0.01608;4.325661099377133e-12
0.01611;4.466236166915055e-12
0.01614;4.612656122316525e-12
0.01617;4.765198147097223e-12
0.0162;4.924154217202389e-12
0.01623;5.089831973710904e-12
0.01626;5.262555649602183e-12
0.01629;5.442667056500258e-12
0.01632;5.630526635608818e-12
0.01635;5.826514577356138e-12
0.01638;6.031032014637408e-12
0.01641;6.244502294887094e-12
0.01644;6.467372336640383e-12
0.016470000000000002;6.700114076674283e-12
0.0165;6.943226014278544e-12
0.01653;7.197234859738751e-12
0.016560000000000002;7.462697294649342e-12
0.01659;7.740201852313678e-12
0.01662;8.030370927083143e-12
0.01665;8.333862922255205e-12
0.01668;8.65137454688561e-12
0.01671;8.983643272726437e-12
0.01674;9.33144996339361e-12
0.01677;9.695621688862555e-12
0.0168;1.007703473948432e-11
0.01683;1.0476617854851214e-11
0.01686;1.0895355684147507e-11
0.01689;1.1334292495992317e-11
0.01692;1.1794536157279792e-11
0.01695;1.2277262402209546e-11
0.016980000000000002;1.278371941447735e-11
0.01701;1.3315232747529777e-11
0.01704;1.3873210609992288e-11
0.017070000000000002;1.4459149545669003e-11
0.0171;1.507464054007174e-11
0.01713;1.5721375588319994e-11
0.01716;1.640115476213429e-11
0.01719;1.711589381721836e-11
0.01722;1.7867632385800762e-11
0.01725;1.8658542803261142e-11
0.01728;1.949093962211353e-11
0.01731;2.036728987142405e-11
0.01734;2.1290224125155666e-11
0.01737;2.2262548448663394e-11
0.0174;2.328725729898537e-11
0.01743;2.436754746168309e-11
0.01746;2.5506833114603976e-11
0.017490000000000002;2.6708762117682895e-11
0.01752;2.79772336369825e-11
0.01755;2.931641722187061e-11
0.017580000000000002;3.073077346535134e-11
0.01761;3.2225076390386264e-11
0.01764;3.3804437718823175e-11
0.01767;3.5474333194912654e-11
0.0177;3.7240631152537257e-11
0.01773;3.9109623533866435e-11
0.01776;4.108805958813635e-11
0.01779;4.3183182502212913e-11
0.01782;4.540276924013849e-11
0.01785;4.775517389734616e-11
0.01788;5.024937490652562e-11
0.01791;5.2895026467283295e-11
0.01794;5.570251461033192e-11
0.01797;5.868301835058384e-11
0.018000000000000002;6.184857643121728e-11
0.01803;6.521216021491076e-11
0.01806;6.878775333782165e-11
0.018090000000000002;7.259043880896587e-11
0.01812;7.663649431198312e-11
0.01815;8.094349654987529e-11
0.01818;8.553043556619412e-11
0.01821;9.041784008074996e-11
0.01824;9.562791499484782e-11
0.01827;1.0118469235201869e-10
0.0183;1.0711419718784134e-10
0.01833;1.1344462986711185e-10
0.01836;1.202065666933086e-10
0.01839;1.2743318078418226e-10
0.01842;1.351604854431946e-10
0.01845;1.4342760252218538e-10
0.01848;1.5227705857107633e-10
0.018510000000000002;1.6175511190858436e-10
0.01854;1.7191211413280237e-10
0.01857;1.8280291002210554e-10
0.018600000000000002;1.9448728027101241e-10
0.01863;2.070304320616944e-10
0.01866;2.2050354310545937e-10
0.018690000000000002;2.349843655100371e-10
0.01872;2.505578966452378e-10
0.01875;2.673171251156434e-10
0.01878;2.8536386101222527e-10
0.01881;3.048096608315524e-10
0.01884;3.2577685884108766e-10
0.01887;3.4839971825954685e-10
0.0189;3.728257174467365e-10
0.01893;3.992169883889625e-10
0.01896;4.277519271693697e-10
0.01899;4.5862699888086844e-10
0.019020000000000002;4.920587626251881e-10
0.01905;5.282861459143997e-10
0.01908;5.675730020459083e-10
0.019110000000000002;6.102109889204958e-10
0.01914;6.56522813476697e-10
0.01917;7.068658925058876e-10
0.019200000000000002;7.616364882884396e-10
0.01923;8.212743864130395e-10
0.01926;8.862681935429762e-10
0.01929;9.57161345038957e-10
0.01932;1.0345589265435675e-09
0.01935;1.119135430261032e-09
0.01938;1.2116435861778462e-09
0.01941;1.3129244313931708e-09
0.01944;1.4239188077334414e-09
0.01947;1.5456805096574291e-09
0.0195;1.6793913420974772e-09
0.019530000000000002;1.82637839243388e-09
0.01956;1.9881338736531728e-09
0.01959;2.1663379586030584e-09
0.019620000000000002;2.3628851000671993e-09
0.01965;2.579914420784416e-09
0.01968;2.819844864413469e-09
0.019710000000000002;3.0854159266196004e-09
0.01974;3.379734939550088e-09
0.01977;3.7063320684534397e-09
0.0198;4.069224403368704e-09
0.01983;4.472990800011479e-09
0.01986;4.922859453238185e-09
0.01989;5.424810587071049e-09
0.01992;5.985697134119061e-09
0.01995;6.61338687528051e-09
0.01998;7.316930244641407e-09
0.02001;8.10675890768095e-09
0.02004;8.994921336081658e-09
0.02007;9.995362983399322e-09
0.0201;1.1124260381586744e-08
0.020130000000000002;1.24004206174457e-08
0.02016;1.3845760323651676e-08
0.02019;1.548588167857135e-08
0.020220000000000002;1.7350767142227446e-08
0.02025;1.9475620011101273e-08
0.02028;2.190188467592117e-08
0.02031;2.4678489140729566e-08
0.02034;2.786336347187792e-08
0.02037;3.152530213942796e-08
0.0204;3.574625668834346e-08
0.02043;4.062416917241427e-08
0.02046;4.627648810417747e-08
0.02049;5.284454977266272e-08
0.02052;6.049906200192073e-08
0.02055;6.944699936849154e-08
0.02058;7.994031492758818e-08
0.02061;9.228700248051188e-08
0.020640000000000002;1.0686521779386549e-07
0.02067;1.2414140454407376e-07
0.0207;1.4469369620186158e-07
0.020730000000000002;1.6924231465255715e-07
0.02076;1.986893123999501e-07
0.02079;2.341708843524367e-07
0.02082;2.7712672078749935e-07
0.02085;3.2939265456887956e-07
0.02088;3.9332542914944904e-07
0.02091;4.719721711084331e-07
0.02094;5.693026988161046e-07
0.02097;6.905310902125828e-07
0.021;8.425654856281457e-07
0.02103;1.0346443720457453e-06
0.02106;1.2792476234153018e-06
0.02109;1.5934181250387616e-06
0.02112;2.000706446712927e-06
0.021150000000000002;2.534076913105667e-06
0.02118;3.2403245505166126e-06
0.02121;4.1869146929255775e-06
0.021240000000000002;5.472794662768541e-06
0.02127;7.245881089482765e-06
0.0213;9.732082126811136e-06
0.021330000000000002;1.3284885205247245e-05
0.02136;1.8472943958285668e-05
0.02139;2.624082511942803e-05
0.02142;3.8217534005259266e-05
0.02145;5.734099059194715e-05
0.02148;8.920587698877622e-05
0.02151;0.00014521346873789872
0.02154;0.00025071740443890827
0.02157;0.0004691180530890183
0.0216;0.0009879065314507313
0.02163;0.0025287045848285936
0.021660000000000002;0.00963469354627058
0.02169;0.14390269555994317
0.02172;0.07720595036785294
0.021750000000000002;0.01658559465522103
0.02178;0.009000003046084951
0.02181;0.006881855136228066
0.021840000000000002;0.00642881707019968
0.02187;0.006990594831746757
0.0219;0.008761700227091588
0.02193;0.012908866259040436
0.02196;0.023855016801737097
0.02199;0.06661033775380175
0.02202;0.5337064442869397
0.02205;0.2136300161372061
0.02208;0.044392824931283756
0.02211;0.019357034296550366
0.02214;0.011616770753692763
0.022170000000000002;0.008444553405069001
0.0222;0.007088303445527837
0.02223;0.006774615717678846
0.022260000000000002;0.007447091682399612
0.02229;0.00982454480779432
0.02232;0.017511573380437837
0.022350000000000002;0.06471028320507598
0.02238;0.4328865623251567
0.02241;0.018019238187124788
0.02244;0.004399805526775123
0.02247;0.001705018397736627
0.0225;0.0008192293339694003
0.02253;0.0004468302838794388
0.02256;0.00026528830622382
0.02259;0.0001674795277053486
0.02262;0.00011080929240465037
0.02265;7.60968482552095e-05
0.022680000000000002;5.387447636032657e-05
0.02271;3.9125677069894876e-05
0.02274;2.9037742843484086e-05
0.022770000000000002;2.1958794888865825e-05
0.0228;1.6880345776157524e-05
0.02283;1.3166056176064796e-05
0.022860000000000002;1.0402814236910516e-05
0.02289;8.315679616186455e-06
0.02292;6.717615403609566e-06
0.02295;5.4788785222912565e-06
0.02298;4.507882291528107e-06
0.02301;3.738947004493759e-06
0.02304;3.1242923332555426e-06
0.02307;2.6287020938359328e-06
0.0231;2.2259075701669666e-06
0.02313;1.896096851528575e-06
0.02316;1.624174628844987e-06
0.023190000000000002;1.3985300342227023e-06
0.02322;1.2101534022333839e-06
0.02325;1.051995879908079e-06
0.023280000000000002;9.18500158421414e-07
0.02331;8.052531774727558e-07
0.02334;7.087267065772525e-07
0.023370000000000002;6.260818765033208e-07
0.0234;5.550206884739521e-07
0.02343;4.936723396168578e-07
0.02346;4.4050556725052056e-07
0.02349;3.9426059094098056e-07
0.02352;3.538959259903172e-07
0.02355;3.1854656156926736e-07
0.02358;2.874908818166979e-07
0.02361;2.601243558316087e-07
0.02364;2.359384999435083e-07
0.02367;2.145039702452536e-07
0.023700000000000002;1.954569085453571e-07
0.02373;1.784878645205655e-07
0.02376;1.6333276806741602e-07
0.023790000000000002;1.4976554109913292e-07
0.02382;1.3759202637001178e-07
0.02385;1.2664497899573216e-07
0.023880000000000002;1.1677991909187966e-07
0.02391;1.0787168503462575e-07
0.02394;9.98115589985367e-08
0.02397;9.250486170948303e-08
0.024;8.586909859299201e-08
0.02403;7.98314330116771e-08
0.02406;7.43289024240406e-08
0.02409;6.930555051352817e-08
0.02412;6.47122183382739e-08
0.02415;6.050549974660797e-08
0.02418;5.6646989362081284e-08
0.02421;5.310263886999992e-08
0.02424;4.984220449453493e-08
0.02427;4.683877161117958e-08
0.024300000000000002;4.406834477493211e-08
0.02433;4.150949336557327e-08
0.02436;3.9143044634141787e-08
0.024390000000000002;3.695181724458753e-08
0.02442;3.492038949013509e-08
0.02445;3.3034897267263645e-08
0.024480000000000002;3.128285764275745e-08
0.02451;2.9653014478969873e-08
0.02454;2.8135203109490806e-08
0.02457;2.672023150092604e-08
0.0246;2.5399775709120244e-08
0.02463;2.4166287753311437e-08
0.02466;2.301291429798586e-08
0.02469;2.1933424757862184e-08
0.02472;2.0922147633465293e-08
0.02475;1.9973914047867453e-08
0.02478;1.9084007594513883e-08
0.024810000000000002;1.8248119725157655e-08
0.02484;1.746231000883213e-08
0.02487;1.672297068027064e-08
0.024900000000000002;1.6026794971409302e-08
0.02493;1.537074878430629e-08
0.02496;1.4752045319688808e-08
0.024990000000000002;1.416812232361635e-08
0.02502;1.3616621656466122e-08
0.02505;1.309537092474311e-08
0.02508;1.2602366947547138e-08
0.02511;1.2135760857011553e-08
0.02514;1.1693844655737404e-08
0.02517;1.12750390751047e-08
0.0252;1.0877882596428288e-08
0.02523;1.0501021512896106e-08
0.02526;1.0143200924051566e-08
0.02529;9.80325656686151e-09
0.025320000000000002;9.480107398095366e-09
0.02535;9.172748852189142e-09
0.02538;8.880246707091107e-09
0.025410000000000002;8.601731497894563e-09
0.02544;8.336393424548273e-09
0.02547;8.083477705650711e-09
0.025500000000000002;7.842280335411422e-09
0.02553;7.612144205339653e-09
0.02556;7.392455556210224e-09
0.02559;7.1826407293874335e-09
0.02562;6.9821631897556005e-09
0.02565;6.79052079527175e-09
0.02568;6.607243290686057e-09
0.02571;6.431890005180749e-09
0.02574;6.264047735674474e-09
0.02577;6.103328799322085e-09
0.0258;5.9493692403231245e-09
0.025830000000000002;5.801827177582914e-09
0.02586;5.660381281040357e-09
0.02589;5.524729365639317e-09
0.025920000000000002;5.394587092932535e-09
0.02595;5.2696867712518445e-09
0.02598;5.149776246185824e-09
0.026010000000000002;5.0346178738947315e-09
0.02604;4.92398757043416e-09
0.02607;4.817673930888108e-09
0.0261;4.715477412668837e-09
0.02613;4.6172095778133565e-09
0.02616;4.522692389597225e-09
0.02619;4.431757559156545e-09
0.02622;4.344245938206741e-09
0.02625;4.260006954262104e-09
0.02628;4.1788980850834e-09
0.02631;4.10078436934312e-09
0.026340000000000002;4.025537950753716e-09
0.02637;3.953037653136066e-09
0.0264;3.883168584110293e-09
0.026430000000000002;3.815821765280399e-09
0.02646;3.750893786959029e-09
0.02649;3.688286485634687e-09
0.026520000000000002;3.627906642527558e-09
0.02655;3.5696657017126795e-09
0.02658;3.5134795064086496e-09
0.02661;3.4592680521403484e-09
0.02664;3.4069552555812367e-09
0.02667;3.3564687379804694e-09
0.0267;3.3077396221563126e-09
0.02673;3.260702342119197e-09
0.02676;3.21529446445759e-09
0.02679;3.1714565206850606e-09
0.02682;3.129131849807105e-09
0.026850000000000002;3.088266450420646e-09
0.02688;3.0488088417103884e-09
0.02691;3.010709932751064e-09
0.026940000000000002;2.9739228995715454e-09
0.02697;2.9384030694706184e-09
0.027;2.904107812116221e-09
0.027030000000000002;2.8709964369881766e-09
0.02706;2.8390300967607623e-09
0.02709;2.8081716962453047e-09
0.027120000000000002;2.778385806543139e-09
0.02715;2.749638584081713e-09
0.02718;2.7218976942273505e-09
0.02721;2.6951322391957257e-09
0.02724;2.6693126899919846e-09
0.02727;2.6444108221361413e-09
0.0273;2.6203996549443084e-09
0.02733;2.597253394151205e-09
0.027360000000000002;2.5749473776739995e-09
0.02739;2.553458024331867e-09
0.02742;2.5327627853450664e-09
0.027450000000000002;2.5128400984520876e-09
0.02748;2.493669344493369e-09
0.02751;2.475230806315974e-09
0.027540000000000002;2.457505629869968e-09
0.02757;2.440475787368206e-09
0.0276;2.424124042395769e-09
0.027630000000000002;2.408433916857681e-09
0.02766;2.393389659662835e-09
0.02769;2.378976217049341e-09
0.02772;2.3651792044591872e-09
0.02775;2.351984879879679e-09
0.02778;2.339380118572037e-09
0.02781;2.327352389111205e-09
0.02784;2.3158897306691943e-09
0.027870000000000002;2.304980731477361e-09
0.0279;2.294614508400393e-09
0.02793;2.2847806875726067e-09
0.027960000000000002;2.275469386035112e-09
0.02799;2.2666711943271444e-09
0.02802;2.2583771599810145e-09
0.028050000000000002;2.2505787718778725e-09
0.02808;2.2432679454196367e-09
0.02811;2.236437008478819e-09
0.028140000000000002;2.230078688088325e-09
0.02817;2.2241860978353787e-09
0.0282;2.2187527259273105e-09
0.02823;2.2137724238970897e-09
0.02826;2.2092393959197988e-09
0.02829;2.2051481887125947e-09
0.02832;2.20149368199129e-09
0.02835;2.19827107945956e-09
0.028380000000000002;2.195475900308721e-09
0.02841;2.1931039712044655e-09
0.02844;2.191151418741861e-09
0.028470000000000002;2.1896146623486506e-09
0.0285;2.1884904076196713e-09
0.02853;2.1877756400641835e-09
0.028560000000000002;2.187467619251726e-09
0.02859;2.187563873340751e-09
0.02862;2.188062193976138e-09
0.028650000000000002;2.1889606315428767e-09
0.02868;2.1902574907635374e-09
0.02871;2.1919513266277612e-09
0.02874;2.1940409406434676e-09
0.02877;2.1965253774000917e-09
0.0288;2.19940392143338e-09
0.02883;2.2026760943843867e-09
0.02886;2.2063416524440314e-09
0.02889;2.2104005840758488e-09
0.02892;2.214853108010077e-09
0.02895;2.2196996715027093e-09
0.028980000000000002;2.224940948854083e-09
0.02901;2.2305778401809543e-09
0.02904;2.2366114704384346e-09
0.029070000000000002;2.243043188685678e-09
0.0291;2.2498745675934012e-09
0.02913;2.257107403188775e-09
0.029160000000000002;2.2647437148338747e-09
0.02919;2.272785745437143e-09
0.02922;2.2812359618928098e-09
0.02925;2.290097055750525e-09
0.02928;2.299371944108421e-09
0.02931;2.3090637707328232e-09
0.02934;2.319175907402657e-09
0.02937;2.329711955476874e-09
0.0294;2.3406757476868148e-09
0.02943;2.3520713501526398e-09
0.02946;2.3639030646241974e-09
0.029490000000000002;2.3761754309491286e-09
0.02952;2.388893229767113e-09
0.02955;2.402061485434164e-09
0.029580000000000002;2.415685469177316e-09
0.02961;2.4297707024829685e-09
0.02964;2.4443229607214124e-09
0.029670000000000002;2.459348277010791e-09
0.0297;2.4748529463226756e-09
0.02973;2.490843529834743e-09
0.02976;2.5073268595333336e-09
0.02979;2.5243100430705826e-09
0.02982;2.5418004688813465e-09
0.02985;2.5598058115640346e-09
0.02988;2.578334037531934e-09
0.02991;2.5973934109404927e-09
0.02994;2.616992499896092e-09
0.02997;2.6371401829540946e-09
0.030000000000000002;2.657845655912231e-09
0.03003;2.679118438907479e-09
0.03006;2.7009683838236236e-09
0.030090000000000002;2.7234056820179944e-09
0.03012;2.746440872377026e-09
0.03015;2.7700848497072516e-09
0.030180000000000002;2.794348873475227e-09
0.03021;2.819244576902557e-09
0.03024;2.8447839764290383e-09
0.030270000000000002;2.8709794815549177e-09
0.0303;2.8978439050727393e-09
0.03033;2.9253904737020454e-09
0.03036;2.953632839139379e-09
0.03039;2.9825850895366916e-09
0.03042;3.0122617614228794e-09
0.03045;3.0426778520820965e-09
0.03048;3.0738488324050025e-09
0.030510000000000002;3.1057906602286016e-09
0.03054;3.13851979418023e-09
0.03057;3.1720532080462276e-09
0.030600000000000002;3.2064084056797387e-09
0.03063;3.241603436468456e-09
0.03066;3.277656911382676e-09
0.030690000000000002;3.31458801962358e-09
0.03072;3.3524165458931165e-09
0.03075;3.3911628883082245e-09
0.030780000000000002;3.430848076983129e-09
0.03081;3.4714937933048088e-09
0.03084;3.5131223899252473e-09
0.03087;3.555756911500112e-09
0.0309;3.5994211161982514e-09
0.03093;3.644139498014237e-09
0.03096;3.6899373099132465e-09
0.03099;3.736840587838052e-09
0.031020000000000002;3.7848761756158015e-09
0.03105;3.834071750791051e-09
0.03108;3.884455851432599e-09
0.031110000000000002;3.9360579039394906e-09
0.03114;3.988908251893931e-09
0.03117;4.043038185998963e-09
0.031200000000000002;4.098479975141204e-09
0.03123;4.155266898630402e-09
0.03126;4.2134332796528155e-09
0.03129;4.273014519995236e-09
0.03132;4.334047136084947e-09
0.03135;4.396568796402379e-09
0.03138;4.460618360318251e-09
0.03141;4.526235918417306e-09
0.03144;4.593462834362506e-09
0.03147;4.662341788371453e-09
0.0315;4.732916822363013e-09
0.03153;4.805233386846567e-09
0.03156;4.879338389626694e-09
0.03159;4.955280246395999e-09
0.03162;5.033108933297514e-09
0.03165;5.112876041534485e-09
0.03168;5.1946348341186995e-09
0.03171;5.278440304843933e-09
0.03174;5.364349239578977e-09
0.03177;5.452420279979831e-09
0.0318;5.542713989721455e-09
0.031830000000000004;5.635292923357007e-09
0.03186;5.7302216979223616e-09
0.03189;5.827567067395055e-09
0.031920000000000004;5.927398000136856e-09
0.03195;6.02978575944849e-09
0.03198;6.134803987367084e-09
0.032010000000000004;6.242528791855881e-09
0.03204;6.353038837525978e-09
0.03207;6.46641544005093e-09
0.032100000000000004;6.582742664432529e-09
0.03213;6.702107427292769e-09
0.03216;6.824599603367071e-09
0.03219;6.950312136384522e-09
0.03222;7.079341154535656e-09
0.03225;7.211786090728843e-09
0.03228;7.347749807854361e-09
0.03231;7.487338729279259e-09
0.03234;7.63066297480859e-09
0.03237;7.777836502366719e-09
0.0324;7.928977255657015e-09
0.03243;8.084207318069183e-09
0.03246;8.243653073130485e-09
0.03249;8.407445371787298e-09
0.03252;8.575719706857672e-09
0.03255;8.748616394957905e-09
0.03258;8.926280766274229e-09
0.03261;9.108863362535789e-09
0.03264;9.296520143576103e-09
0.03267;9.489412702890818e-09
0.0327;9.68770849260634e-09
0.03273;9.891581058319797e-09
0.03276;1.0101210284268803e-08
0.03279;1.0316782649332288e-08
0.03282;1.0538491494377542e-08
0.032850000000000004;1.0766537301499244e-08
0.03288;1.1001127985722312e-08
0.03291;1.1242479199788248e-08
0.032940000000000004;1.1490814652636069e-08
0.03297;1.174636644227134e-08
0.033;1.2009375403709641e-08
0.033030000000000004;1.2280091472745645e-08
0.03306;1.2558774066339262e-08
0.03309;1.2845692480406258e-08
0.033120000000000004;1.3141126305936184e-08
0.03315;1.344536586428881e-08
0.03318;1.3758712662693781e-08
0.03321;1.4081479870913707e-08
0.03324;1.4413992820180765e-08
0.03327;1.4756589525512226e-08
0.0333;1.5109621232613097e-08
0.03333;1.5473452990605145e-08
0.03336;1.5848464251922967e-08
0.03339;1.623504950075013e-08
0.03342;1.663361891152377e-08
0.03345;1.7044599038997638e-08
0.03348;1.7468433541563863e-08
0.03351;1.790558393955705e-08
0.03354;1.835653041035299e-08
0.03357;1.882177262226014e-08
0.0336;1.9301830609182448e-08
0.03363;1.9797245688288462e-08
0.03366;2.030858142293792e-08
0.03369;2.083642463331595e-08
0.03372;2.1381386457328072e-08
0.03375;2.194410346446743e-08
0.03378;2.2525238825551723e-08
0.03381;2.3125483541338242e-08
0.03384;2.374555773326974e-08
0.033870000000000004;2.438621199974397e-08
0.0339;2.5048228841520814e-08
0.03393;2.5732424160091852e-08
0.033960000000000004;2.6439648833105864e-08
0.03399;2.717079037108863e-08
0.03402;2.79267746600866e-08
0.034050000000000004;2.870856779499058e-08
0.03408;2.951717800878129e-08
0.03411;3.035365770302129e-08
0.034140000000000004;3.12191055854571e-08
0.03417;3.2114668920828476e-08
0.0342;3.304154590141386e-08
0.034230000000000003;3.400098814422379e-08
0.03426;3.499430332220414e-08
0.03429;3.602285793722983e-08
0.03432;3.708808024323885e-08
0.03435;3.819146332832117e-08
0.03438;3.933456836512021e-08
0.03441;4.0519028039603405e-08
0.03444;4.174655016872882e-08
0.03447;4.301892151848402e-08
0.0345;4.4338011834169227e-08
0.03453;4.5705778095867316e-08
0.03456;4.7124269012775e-08
0.03459;4.8595629770830235e-08
0.03462;5.012210704940802e-08
0.03465;5.170605432336298e-08
0.03468;5.334993746826952e-08
0.03471;5.5056340687597864e-08
0.03474;5.682797278202319e-08
0.03477;5.8667673782215304e-08
0.0348;6.05784219680763e-08
0.03483;6.256334129895724e-08
0.03486;6.462570928088199e-08
0.034890000000000004;6.676896529887992e-08
0.03492;6.899671944419805e-08
0.03495;7.131276186839634e-08
0.034980000000000004;7.372107269851255e-08
0.03501;7.622583254997826e-08
0.03504;7.883143367629631e-08
0.035070000000000004;8.154249179760157e-08
0.0351;8.43638586529298e-08
0.03513;8.730063532447666e-08
0.035160000000000004;9.035818638539488e-08
0.03519;9.354215492648795e-08
0.03522;9.685847852130592e-08
0.035250000000000004;1.0031340619329101e-07
0.03528;1.0391351645344001e-07
0.03531;1.0766573648202543e-07
0.03534;1.115773625331685e-07
0.03537;1.1565608164727742e-07
0.0354;1.199099947625672e-07
0.03543;1.243476413236075e-07
0.03546;1.289780254927099e-07
0.03549;1.3381064407735477e-07
0.03552;1.3885551629670932e-07
0.03555;1.4412321551815447e-07
0.03558;1.496249031065447e-07
0.03561;1.5537236453897386e-07
0.03564;1.613780479500403e-07
0.03567;1.6765510528641023e-07
0.0357;1.7421743626203028e-07
0.03573;1.8107973532252868e-07
0.03576;1.8825754184266683e-07
0.03579;1.957672937996077e-07
0.03582;2.0362638518399043e-07
0.03585;2.1185322743256447e-07
0.03588;2.2046731518938173e-07
0.03591;2.2948929672800651e-07
0.03594;2.38941049394682e-07
0.03597;2.4884576046273456e-07
0.036000000000000004;2.592280138212924e-07
0.03603;2.7011388295784553e-07
0.03606;2.8153103073191014e-07
0.036090000000000004;2.9350881648178623e-07
0.03612;3.060784110515355e-07
0.03615;3.1927292037736766e-07
0.036180000000000004;3.331275183284055e-07
0.03621;3.476795895574685e-07
0.03624;3.6296888318549667e-07
0.036270000000000004;3.7903767821625464e-07
0.0363;3.9593096165741183e-07
0.03633;4.1369662041645886e-07
0.03636;4.323856481307988e-07
0.03639;4.5205236820364487e-07
0.03642;4.727546744318004e-07
0.03645;4.94554290741145e-07
0.03648;5.175170516864416e-07
0.03651;5.417132055307966e-07
0.03654;5.672177418885686e-07
0.03657;5.941107461115476e-07
0.0366;6.22477782799405e-07
0.03663;6.524103110555943e-07
0.03666;6.840061343595413e-07
0.03669;7.173698882125902e-07
0.03672;7.526135690261005e-07
0.03675;7.898571080675665e-07
0.03678;8.292289946668006e-07
0.03681;8.708669533067659e-07
0.03684;9.149186797025399e-07
0.03687;9.615426414913151e-07
0.0369;1.0109089497465224e-06
0.03693;1.0632003081758776e-06
0.03696;1.118613047592844e-06
0.03699;1.177358254049932e-06
0.037020000000000004;1.2396629999337025e-06
0.03705;1.3057716883185357e-06
0.03708;1.375947522006665e-06
0.037110000000000004;1.4504741099350728e-06
0.03714;1.5296572250406333e-06
0.03717;1.6138267292515372e-06
0.037200000000000004;1.7033386830421137e-06
0.03723;1.7985776589794167e-06
0.03726;1.899959280916519e-06
0.037290000000000004;2.0079330130057095e-06
0.03732;2.122985225533219e-06
0.03735;2.2456425677706798e-06
0.037380000000000004;2.3764756816318775e-06
0.03741;2.5161032940019798e-06
0.03744;2.6651967302010256e-06
0.03747;2.824484896260384e-06
0.0375;2.9947597836025636e-06
0.03753;3.1768825564103433e-06
0.03756;3.371790289613971e-06
0.03759;3.580503434070951e-06
0.03762;3.8041340954444414e-06
0.03765;4.043895224495978e-06
0.03768;4.301110829455997e-06
0.03771;4.577227335815251e-06
0.03774;4.873826235804144e-06
0.03777;5.1926381891499236e-06
0.0378;5.535558758969079e-06
0.03783;5.904665992237158e-06
0.03786;6.302240083766298e-06
0.03789;6.730785396648269e-06
0.03792;7.1930551514678394e-06
0.03795;7.692079142136775e-06
0.03798;8.231194889011885e-06
0.03801;8.81408270138479e-06
0.038040000000000004;9.444805192790117e-06
0.03807;1.0127851875949074e-05
0.0381;1.0868189561426894e-05
0.038130000000000004;1.1671319398036569e-05
0.03816;1.2543341526903092e-05
0.03819;1.3491028482939565e-05
0.038220000000000004;1.4521908880240004e-05
0.03825;1.5645124715654853e-05
0.03828;1.6867770160729092e-05
0.038310000000000004;1.820242094470757e-05
0.03834;1.966009633556244e-05
0.03837;2.125378549849555e-05
0.038400000000000004;2.2998097151570787e-05
0.03843;2.4909429745449646e-05
0.03846;2.700621953577434e-05
0.03849;2.930922744778182e-05
0.03852;3.1841871393994954e-05
0.03855;3.463061209910815e-05
0.03858;3.7705402079648004e-05
0.03861;4.110020936331682e-05
0.03864;4.48536299025959e-05
0.03867;4.900960554350417e-05
0.0387;5.3618267989667256e-05
0.03873;5.87369336249487e-05
0.03876;6.443127954509216e-05
0.03879;7.077673798478999e-05
0.03882;7.786015487619216e-05
0.03885;8.578176901719142e-05
0.03888;9.465758188505498e-05
0.03891;0.00010462220532347678
0.03894;0.00011583229624114399
0.03897;0.00012847071553076996
0.039;0.0001427515845760962
0.03903;0.00015892645955843394
0.039060000000000004;0.0001772919048361383
0.03909;0.0001981988267541469
0.03912;0.00022206403500378623
0.039150000000000004;0.00024938463928335955
0.03918;0.00028075607743291734
0.03921;0.0003168948256403153
0.039240000000000004;0.00035866718775605117
0.03927;0.00040712603667698486
0.0393;0.0004635580407370435
0.039330000000000004;0.0005295448324798136
0.03936;0.000607042885987761
0.03939;0.0006984887432242851
0.039420000000000004;0.0008069389470861259
0.03945;0.0009362580304346898
0.03948;0.0010913738577873534
0.03951;0.0012786286150138887
0.03954;0.001506267585889966
0.03957;0.0017851295397484424
0.0396;0.0021296372000257227
0.03963;0.0025592428229655752
0.03966;0.0031005784668312135
0.03969;0.0037907227898474386
0.03972;0.004682282872777183
0.03975;0.005851512666081379
0.03978;0.007411679525451127
0.03981;0.00953584159822319
0.03984;0.012497227781081437
0.03987;0.01674418124880684
0.0399;0.023046898523498394
0.03993;0.03280337709369828
0.03996;0.04872610352443568
0.03999;0.07651948097145024
0.04002;0.12935621093016106
0.04005;0.24042508023003595
0.04008;0.48936957317352586
0.04011;0.9031273945601721
0.04014;0.902767844030775
0.040170000000000004;0.5459073813189235
0.0402;0.32318036885956747
0.04023;0.2111957787798824
0.040260000000000004;0.15112815859607692
0.04029;0.11595404086486856
0.04032;0.09381235601885755
0.040350000000000004;0.07909191793807921
0.04038;0.06891039550185889
0.04041;0.061677592853794615
0.040440000000000004;0.05646331799424773
0.04047;0.05269758567953697
0.0405;0.05001870974081699
0.040530000000000004;0.0481918972747017
0.04056;0.04706358236339528
0.04059;0.04653491023036801
0.04062;0.046546036605252084
0.04065;0.047066879458093965
0.04068;0.04809198122478885
0.04071;0.04963823123528385
0.04074;0.051744835680834815
0.04077;0.05447534277143036
0.0408;0.05792186418911437
0.04083;0.062211966714462545
0.04086;0.06751911529361865
0.04089;0.07407811884664763
0.04092;0.08220788695545518
0.04095;0.09234513849581769
0.04098;0.10509480179526025
0.04101;0.12130612315951678
0.04104;0.14218841784150696
0.04107;0.16948695386985896
0.0411;0.20574505939064353
0.04113;0.25467025809798205
0.04116;0.32155102509868677
0.041190000000000004;0.41337563714728626
0.04122;0.5373544290522995
0.04125;0.6943447955528309
0.041280000000000004;0.8624657591197381
0.04131;0.9809675041999888
0.04134;0.9815991024407548
0.041370000000000004;0.8662527691245927
0.0414;0.7034714748380833
0.04143;0.5513706762287524
0.041460000000000004;0.43050347601621214
0.04149;0.34015964633460316
0.04152;0.273679341307855
0.041550000000000004;0.22453904139531944
0.04158;0.18775125046379001
0.04161;0.159784134221885
0.04164;0.13819142356089506
0.04167;0.12127901234496558
0.0417;0.10786273214952503
0.04173;0.09710390911775427
0.04176;0.08840004192433273
0.04179;0.08131224511571852
0.04182;0.07551675515259433
0.04185;0.0707721692907766
0.04188;0.06689705065030671
0.04191;0.0637544493441354
0.04194;0.06124111117317944
0.04197;0.05927992465820522
0.042;0.05781465922896431
0.04203;0.056806376754525656
0.04206;0.056231121103635755
0.04209;0.05607864821625184
0.04212;0.056352080473916696
0.04215;0.05706847475638383
0.04218;0.058260401508382395
0.042210000000000004;0.05997876196067964
0.04224;0.06229724842309104
0.04227;0.06531911841930015
0.042300000000000004;0.06918737452472018
0.04233;0.0741001363062999
0.04236;0.08033417426457146
0.042390000000000004;0.08828165255346351
0.04242;0.09850887550636209
0.04245;0.11185277880974441
0.042480000000000004;0.12958406624786176
0.04251;0.15369109661133837
0.04254;0.1873858951387404
0.042570000000000004;0.23601152465960157
0.0426;0.49963675741436914
0.04263;0.6529484024171464
0.042660000000000003;0.8330175657630052
0.04269;0.9756625690193763
0.04272;0.9742789135456744
0.04275;0.8141129954393078
0.04278;0.6039597094824265
0.04281;0.4282878117061996
0.04284;0.30366428580397903
0.04287;0.21935526088937046
0.0429;0.16230306770765426
0.04293;0.12298909324658094
0.04296;0.09525356466743364
0.04299;0.0752130859274081
0.04302;0.06040449082958231
0.04305;0.04923705495920197
0.04308;0.04066067614182947
0.04311;0.03396633783992112
0.04314;0.02866482421253977
0.04317;0.02441166709361108
0.0432;0.020959743115459256
0.043230000000000005;0.018128703888022412
0.04326;0.015784858232862266
0.04329;0.013827675736382779
0.043320000000000004;0.012180567586941422
0.04335;0.010784482437839266
0.04338;0.009593387777455591
0.043410000000000004;0.008571035189070611
0.04344;0.007688613403971039
0.04347;0.006923024132215599
0.043500000000000004;0.006255600657251534
0.04353;0.005671145173049897
0.04356;0.005157198276131355
0.043590000000000004;0.004703479402317814
0.04362;0.004301454429447042
0.04365;0.003943998789410598
0.043680000000000004;0.003625132961312585
0.04371;0.003339813283853098
0.04374;0.0030837653848277405
0.04377;0.0028533506892837518
0.0438;0.0026454587855907555
0.04383;0.0024574201405200054
0.04386;0.0022869349300632526
0.04389;0.0021320147103003092
0.04392;0.0019909343770095197
0.04395;0.0018621924144537312
0.04398;0.0017444778569520026
0.04401;0.0016366427133836445
0.04404;0.0015376788583970884
0.04407;0.0014466985921058738
0.0441;0.0013629182256259809
0.04413;0.0012856441725966037
0.04416;0.0012142611242842113
0.04419;0.0011482219635732037
0.04422;0.0010870391353982286
0.04425;0.001030277241270911
0.04428;0.0009775466660332224
0.04431;0.0009284980778267088
0.044340000000000004;0.0008828176690279704
0.04437;0.0008402230277909451
0.0444;0.0008004595478014277
0.044430000000000004;0.0007632972986509042
0.04446;0.0007285282914652797
0.04449;0.000695964084569936
0.044520000000000004;0.0006654336824080636
0.04455;0.0006367816879704371
0.04458;0.0006098666748885437
0.044610000000000004;0.0005845597502856649
0.04464;0.000560743283645063
0.04467;0.0005383097804634935
0.044700000000000004;0.0005171608824340207
0.04473;0.0004972064784191337
0.04476;0.00047836391261950925
0.04479;0.00046055727817013835
0.04482;0.0004437167859566514
0.04485;0.0004277781997788252
0.04488;0.00041268233013640394
0.04491;0.00039837457989498013
0.04494;0.00038480453594261465
0.04497;0.0003719256016772445
