1e-20;7.420760072195435e-15
3.000000000000001e-05;7.699343386743093e-15
6.000000000000001e-05;7.988780575022047e-15
9.000000000000002e-05;8.289509929276746e-15
0.00012000000000000002;8.601988047375574e-15
0.00015000000000000001;8.926690621006873e-15
0.00018;9.264113258643643e-15
0.00021;9.614772344895568e-15
0.00024;9.97920593784345e-15
0.00027;1.0357974706089575e-14
0.00030000000000000003;1.0751662907287059e-14
0.00033;1.1160879410009836e-14
0.00036;1.1586258760927995e-14
0.00039;1.2028462299297323e-14
0.00042;1.2488179320902907e-14
0.00045;1.29661282936633e-14
0.00048;1.3463058127204698e-14
0.00051;1.397974949884312e-14
0.00054;1.4517016238480895e-14
0.00057;1.50757067750496e-14
0.0006000000000000001;1.565670564727073e-14
0.00063;1.6260935081562724e-14
0.00066;1.688935664015864e-14
0.00069;1.7542972942467618e-14
0.00072;1.8222829463032096e-14
0.00075;1.8930016409393378e-14
0.00078;1.9665670683495607e-14
0.0008100000000000001;2.0430977930256803e-14
0.00084;2.1227174677177846e-14
0.00087;2.205555056902377e-14
0.0009;2.291745070172848e-14
0.00093;2.3814278059906165e-14
0.00096;2.474749606246617e-14
0.00099;2.5718631221097814e-14
0.00102;2.6729275916451588e-14
0.00105;2.7781091297264617e-14
0.00108;2.8875810307560953e-14
0.00111;3.001524084758253e-14
0.00114;3.1201269074108605e-14
0.00117;3.243586284613825e-14
0.0012000000000000001;3.372107532210986e-14
0.00123;3.5059048715002874e-14
0.00126;3.645201821205574e-14
0.0012900000000000001;3.790231606585578e-14
0.00132;3.9412375864009506e-14
0.00135;4.0984736984691275e-14
0.00138;4.262204924562539e-14
0.00141;4.4327077754458184e-14
0.00144;4.61027079685049e-14
0.00147;4.795195097223356e-14
0.0015;4.987794898108115e-14
0.0015300000000000001;5.188398108034709e-14
0.00156;5.397346920824662e-14
0.00159;5.6149984392396664e-14
0.0016200000000000001;5.841725324914834e-14
0.00165;6.077916475548741e-14
0.00168;6.323977730317981e-14
0.0017100000000000001;6.580332604552522e-14
0.00174;6.847423054635531e-14
0.00177;7.125710274194864e-14
0.0018;7.415675522586539e-14
0.00183;7.717820986726096e-14
0.00186;8.032670677272265e-14
0.00189;8.36077136021758e-14
0.00192;8.702693524863148e-14
0.0019500000000000001;9.059032389188143e-14
0.00198;9.430408943571023e-14
0.00201;9.817471033765318e-14
0.00204;1.0220894484025667e-13
0.0020700000000000002;1.0641384261146349e-13
0.0021;1.1079675680215105e-13
0.00213;1.15365356526343e-13
0.00216;1.2012763977007838e-13
0.00219;1.2509194673233249e-13
0.00222;1.302669736009367e-13
0.0022500000000000003;1.3566178676357567e-13
0.00228;1.4128583745264728e-13
0.00231;1.471489768200487e-13
0.00234;1.5326147143485407e-13
0.00237;1.5963401919432576e-13
0.0024000000000000002;1.6627776563413617e-13
0.00243;1.732043206199265e-13
0.00246;1.8042577539752405e-13
0.00249;1.8795471997340676e-13
0.00252;1.9580426079054846e-13
0.00255;2.0398803865837832e-13
0.0025800000000000003;2.125202468858952e-13
0.00261;2.2141564956043826e-13
0.00264;2.3068959990088526e-13
0.00267;2.40358058605116e-13
0.0027;2.5043761209680416e-13
0.0027300000000000002;2.6094549056166705e-13
0.00276;2.7189958564715127e-13
0.00279;2.833184676788035e-13
0.00282;2.95221402227132e-13
0.00285;3.07628365832115e-13
0.00288;3.2056006066682007e-13
0.0029100000000000003;3.340379278894646e-13
0.00294;3.480841593991683e-13
0.00297;3.6272170766945614e-13
0.003;3.7797429329320714e-13
0.00303;3.938664098165512e-13
0.0030600000000000002;4.1042332538843307e-13
0.00309;4.276710806855638e-13
0.00312;4.4563648250058253e-13
0.00315;4.64347092302574e-13
0.00318;4.83831208982457e-13
0.00321;5.041178448968434e-13
0.0032400000000000003;5.25236694203174e-13
0.00327;5.472180923469579e-13
0.0033;5.700929654115326e-13
0.00333;5.938927678673174e-13
0.00336;6.186494070677754e-13
0.0033900000000000002;6.443951526145043e-13
0.0034200000000000003;6.711625284632921e-13
0.00345;6.989841853600906e-13
0.00348;7.278927508637098e-13
0.00351;7.579206538444668e-13
0.00354;7.890999199173062e-13
0.0035700000000000003;8.214619337784867e-13
0.0036;8.5503716385269e-13
0.00363;8.898548440069535e-13
0.00366;9.259426063445838e-13
0.00369;9.633260582159276e-13
0.00372;1.0020282955876243e-12
0.0037500000000000003;1.0420693437352784e-12
0.00378;1.0834655148561237e-12
0.00381;1.1262286706009838e-12
0.00384;1.1703653756298756e-12
0.00387;1.2158759260694691e-12
0.0039000000000000003;1.26275323410101e-12
0.00393;1.3109815467439027e-12
0.00396;1.360534973096615e-12
0.0039900000000000005;1.4113757897187569e-12
0.00402;1.4634524882422018e-12
0.00405;1.5166975224799514e-12
0.00408;1.5710247038280824e-12
0.00411;1.6263261832493434e-12
0.0041400000000000005;1.6824689448628808e-12
0.00417;1.7392907193056387e-12
0.0042;1.7965952033644231e-12
0.00423;1.8541464440773106e-12
0.00426;1.911662208182998e-12
0.00429;1.968806107652094e-12
0.00432;2.0251781836561032e-12
0.00435;2.0803035562675786e-12
0.00438;2.1336186123759023e-12
0.00441;2.1844540087574923e-12
0.00444;2.232013476436376e-12
0.00447;2.2753469677910586e-12
0.0045000000000000005;2.3133159862316015e-12
0.00453;2.344547790959967e-12
0.00456;2.3673732149604916e-12
0.00459;2.379739342616043e-12
0.00462;2.379081693382898e-12
0.0046500000000000005;2.362127205685665e-12
0.00468;2.3245699345746176e-12
0.00471;2.260489401929822e-12
0.00474;2.1611780245369513e-12
0.00477;2.012337461923364e-12
0.0048000000000000004;1.7851845268703829e-12
0.00483;1.3822485006071052e-12
0.00486;2.457484216346955e-09
0.00489;6.633717896460564e-09
0.00492;1.1334913134644361e-08
0.00495;1.6637700798525187e-08
0.00498;2.261496044210504e-08
0.00501;2.934461377087163e-08
0.00504;3.6912038102968097e-08
0.00507;4.541152545597114e-08
0.0051;5.494756361787399e-08
0.00513;6.563614201604433e-08
0.0051600000000000005;7.760616057259066e-08
0.00519;9.100098476984673e-08
0.00522;1.0598017962240635e-07
0.00525;1.2272145302601384e-07
0.00528;1.414228401818166e-07
0.0053100000000000005;1.623051638304064e-07
0.00534;1.8561480928657145e-07
0.00537;2.1162685856767998e-07
0.0054;2.4064863424562605e-07
0.00543;2.7302371111847424e-07
0.0054600000000000004;3.0913646253829574e-07
0.00549;3.4941721844218797e-07
0.00552;3.9434812406436715e-07
0.00555;4.444698022531979e-07
0.00558;5.003889386419553e-07
0.00561;5.627869280563031e-07
0.00564;6.324297430030218e-07
0.0056700000000000006;7.101792115047674e-07
0.0057;7.97005922664971e-07
0.00573;8.940040150783247e-07
0.00576;1.0024081466420375e-06
0.00579;1.1236129957872633e-06
0.0058200000000000005;1.2591957052517625e-06
0.00585;1.4109417522251028e-06
0.00588;1.580874815374143e-06
0.00591;1.7712913128454862e-06
0.00594;1.9848004094247075e-06
0.0059700000000000005;2.224370439975302e-06
0.006;2.493382875581964e-06
0.00603;2.795695175126294e-06
0.00606;3.1357141266926448e-06
0.00609;3.5184816006462696e-06
0.0061200000000000004;3.949775022258967e-06
0.00615;4.436225342834781e-06
0.00618;4.985455864397108e-06
0.00621;5.60624598038295e-06
0.00624;6.308724765405423e-06
0.00627;7.104600422940401e-06
0.0063;8.007432933040268e-06
0.0063300000000000006;9.03295890097488e-06
0.00636;1.0199479678851012e-05
0.00639;1.1528326428341248e-05
0.00642;1.3044419059992005e-05
0.00645;1.4776940113746135e-05
0.0064800000000000005;1.6760149886516897e-05
0.00651;1.9034375795980168e-05
0.00654;2.1647217532232686e-05
0.00657;2.46550205737634e-05
0.0066;2.812468491379665e-05
0.0066300000000000005;3.213589441265994e-05
0.00666;3.678387649673392e-05
0.00669;4.218283392623157e-05
0.00672;4.8470232758137005e-05
0.00675;5.581218719247398e-05
0.0067800000000000004;6.441025796544771e-05
0.00681;7.451008376598372e-05
0.006840000000000001;8.641240537100629e-05
0.00687;0.00010048723502129027
0.0069;0.0001171921910726007
0.00693;0.00013709639256252086
0.00696;0.00016091183815103034
0.0069900000000000006;0.00018953495122893735
0.00702;0.00022410206790205738
0.00705;0.00026606424692210645
0.00708;0.0003172891564837183
0.00711;0.0003802013655819203
0.0071400000000000005;0.0004579778227764083
0.00717;0.000554823773312708
0.0072;0.0006763677491430331
0.00723;0.0008302358379776397
0.00726;0.0010269009628105475
0.0072900000000000005;0.0012809628107476531
0.00732;0.0016131177559300925
0.00735;0.002053262954307806
0.00738;0.002645519119917571
0.00741;0.003456606534539096
0.00744;0.004590303057492665
0.00747;0.006213414591757543
0.007500000000000001;0.00860464377482079
0.00753;0.012251724287611477
0.00756;0.01805751762022615
0.00759;0.027813046928198117
0.00762;0.04539119781217773
0.0076500000000000005;0.08011571619119558
0.00768;0.15742454843795106
0.00771;0.3526385248575992
0.00774;0.7944645473941219
0.00777;0.9404947049858231
0.0078000000000000005;0.5576769736910556
0.00783;0.3246102901853038
0.00786;0.2157560114384272
0.00789;0.16047112113174739
0.00792;0.12980271986723924
0.00795;0.1119328921093406
0.007980000000000001;0.10157375581515182
0.00801;0.0961897556680095
0.00804;0.09456218176340443
0.00807;0.09620980225114835
0.0081;0.10116862638904138
0.00813;0.10996343557367103
0.00816;0.12373693902415694
0.00819;0.14459014017558192
0.00822;0.17630236438143404
0.00825;0.22581008400156052
0.008280000000000001;0.306145199602873
0.00831;0.4410488894818219
0.00834;0.6615175714413405
0.00837;0.9278461641895827
0.0084;0.9609149905438554
0.00843;0.6795885383308115
0.00846;0.41041061359997205
0.008490000000000001;0.2501737052350051
0.00852;0.16105488511256494
0.00855;0.10962580996706277
0.00858;0.0782492864944973
0.00861;0.058072131372098316
0.00864;0.04449505762159476
0.00867;0.03500359436205954
0.0087;0.028151774604427547
0.00873;0.023069218837880264
0.00876;0.019210564018835252
0.008790000000000001;0.016221928672576047
0.00882;0.013866563863551297
0.00885;0.011981790112214848
0.00888;0.010453159800917104
0.00891;0.009198459658170042
0.00894;0.008157523869499124
0.00897;0.007285582189019389
0.009000000000000001;0.006548817118729021
0.00903;0.005921335415697759
0.00906;0.005383065197420937
0.00909;0.004918271005812558
0.00912;0.004514489017612978
0.00915;0.004161752708793852
0.00918;0.003852022410653469
0.00921;0.0035787600248738524
0.00924;0.0033366084384114703
0.00927;0.003121147373111902
0.009300000000000001;0.002928705664922646
0.00933;0.0027562156410365145
0.00936;0.0026010992110567016
0.00939;0.002461178068692933
0.00942;0.002334602381035037
0.00945;0.00221979376831567
0.00948;0.002115399413861841
0.009510000000000001;0.0020202549049676485
0.00954;0.0019333539689640451
0.00957;0.001853823689621235
0.009600000000000001;0.0017809041057545668
0.00963;0.0017139313341251587
0.00966;0.0016523235421807769
0.00969;0.001595569237246864
0.00972;0.0015432174479479525
0.00975;0.00149486945862801
0.00978;0.0014501718241206837
0.009810000000000001;0.0014088104446327752
0.00984;0.0013705055220215097
0.00987;0.0013350072517710168
0.0099;0.001302092131388805
0.00993;0.001271559787162707
0.00996;0.0012432302383454572
0.00999;0.001216941531712053
0.01002;0.0011925476907325822
0.01005;0.001169916932829231
0.01008;0.001148930115762452
0.010110000000000001;0.0011294793804168474
0.01014;0.0011114669624106006
0.01017;0.0010948041492183185
0.0102;0.0010794103630473605
0.01023;0.00106521235267199
0.01026;0.001052143479905667
0.01029;0.0010401430884767321
0.010320000000000001;0.0010291559448220647
0.01035;0.0010191317417957994
0.01038;0.0010100246575399493
0.01041;0.0010017929628298849
0.01044;0.0009943986711095482
0.01047;0.000987807226206316
0.0105;0.000981987223373353
0.01053;0.0009769101598746254
0.01056;0.0009725502118140052
0.01059;0.0009688840343282257
0.010620000000000001;0.0009658905826262263
0.01065;0.0009635509516690468
0.01068;0.0009618482325569014
0.01071;0.0009607673839249557
0.01074;0.0009602951168547753
0.01077;0.0009604197919881847
0.0108;0.000961131327686031
0.010830000000000001;0.0009624211182124386
0.01086;0.0009642819610457793
0.01089;0.000966707992523242
0.010920000000000001;0.0009696946311207956
0.01095;0.0009732385277522375
0.01098;0.0009773375225459269
0.01101;0.0009819906076224813
0.01104;0.0009871978954557427
0.01107;0.0009929605924513694
0.0111;0.0009992809774261161
0.011130000000000001;0.001006162384710617
0.01116;0.0010136091916400037
0.01119;0.0010216268102300277
0.01122;0.0010302216828692624
0.01125;0.0010394012818876256
0.01128;0.0010491741128879285
0.01131;0.00105954972175431
0.011340000000000001;0.001070538705274193
0.01137;0.0010821527253337376
0.0114;0.0010944045266677767
0.011430000000000001;0.0011073079581670605
0.01146;0.0011208779977642358
0.01149;0.0011351307809425706
0.01152;0.0011500836329266
0.01155;0.0011657551046375908
0.01158;0.0011821650125137288
0.01161;0.0011993344823143953
0.011640000000000001;0.0012172859970502115
0.01167;0.001236043449197788
0.0117;0.0012556321973824498
0.01173;0.0012760791277321272
0.01176;0.001297412720130358
0.01179;0.0013196631196188218
0.01182;0.0013428622132265386
0.011850000000000001;0.001367043712530466
0.01188;0.001392243242279664
0.01191;0.0014184984354466733
0.011940000000000001;0.001445849035103017
0.01197;0.0014743370035499492
0.012;0.0015040066391744473
0.01203;0.0015349047015418634
0.01206;0.0015670805452781534
0.01209;0.0016005862633455723
0.01212;0.0016354768403632096
0.012150000000000001;0.001671810316686873
0.01218;0.0017096479640128085
0.01221;0.0017490544733457444
0.012240000000000001;0.0017900981562379494
0.01227;0.0018328511602853134
0.0123;0.0018773896999518616
0.01233;0.0019237943038877131
0.01236;0.0019721500800031016
0.01239;0.0020225469996785215
0.01242;0.0020750802026065726
0.012450000000000001;0.0021298503238950913
0.01248;0.002186963845208573
0.01251;0.0022465334718802334
0.01254;0.0023086785381100303
0.01257;0.0023735254425429394
0.0126;0.002441208116746664
0.01263;0.0025118685293316666
0.012660000000000001;0.0025856572287113813
0.01269;0.002662733927794705
0.01272;0.0027432681341888663
0.012750000000000001;0.0028274398298630886
0.01278;0.002915440204576829
0.01281;0.0030074724478104087
0.01284;0.003103752604392613
0.01287;0.0032045104995277107
0.0129;0.003309990739504333
0.01293;0.003420453794987873
0.012960000000000001;0.0035361771744985013
0.01299;0.0036574566964586467
0.01302;0.003784607869051279
0.01305;0.003917967388095324
0.01308;0.00405789476421913
0.01311;0.004204774091794353
0.01314;0.004359015973441764
0.013170000000000001;0.004521059615397425
0.0132;0.004691375110706603
0.01323;0.0048704659290579305
0.013260000000000001;0.005058871634182599
0.01329;0.005257170852070225
0.01332;0.005465984515904698
0.01335;0.005685979416547453
0.01338;0.005917872090776878
0.01341;0.006162433083187928
0.01344;0.006420491621932474
0.013470000000000001;0.006692940753227455
0.0135;0.006980742984960374
0.01353;0.007284936495836073
0.013560000000000001;0.0076066419733998285
0.01359;0.007947070152164691
0.01362;0.008307530131886436
0.01365;0.00868943856623755
0.013680000000000001;0.00909432982356266
0.01371;0.009523867234575272
0.01374;0.009979855556733079
0.013770000000000001;0.010464254802139944
0.0138;0.010979195595326705
0.01383;0.011526996249531095
0.01386;0.012110181775709215
0.01389;0.01273150506775705
0.01392;0.013393970541087928
0.01395;0.01410086054031038
0.013980000000000001;0.014855764876232658
0.01401;0.015662613903468518
0.01404;0.01652571560888987
0.014070000000000001;0.017449797248986897
0.0141;0.018440052152607748
0.01413;0.019502192395729086
0.01416;0.02064250815935993
0.014190000000000001;0.021867934701999166
0.01422;0.023186128017025093
0.01425;0.024605550405826453
0.014280000000000001;0.026135567382333056
0.01431;0.027786557537505047
0.01434;0.029570037237303694
0.01437;0.03149880230841986
0.0144;0.03358708918708029
0.01443;0.03585075837201387
0.01446;0.038307503436063095
0.014490000000000001;0.04097708931645771
0.01452;0.04388162411965649
0.01455;0.047045869244053955
0.014580000000000001;0.05049759323233007
0.01461;0.054267975401073774
0.01464;0.05839206593112716
0.01467;0.06290930968978901
0.0147;0.06786414152580038
0.01473;0.0733066610135533
0.01476;0.07929339445715217
0.014790000000000001;0.08588815114390935
0.01482;0.09316297899337701
0.01485;0.1011992213519723
0.01488;0.11008867097789628
0.01491;0.1199348081867759
0.01494;0.1308540962170482
0.01497;0.14297728613050234
0.015000000000000001;0.15645065333972596
0.01503;0.171437044743929
0.01506;0.18811655526291865
0.015090000000000001;0.20668657048698902
0.01512;0.22736080335991607
0.01515;0.2503668137213959
0.01518;0.2759413304246374
0.01521;0.30432250527275617
0.01524;0.33573804046632394
0.01527;0.3703879970499487
0.015300000000000001;0.40842110050355923
0.01533;0.4499036514956553
0.01536;0.4947809172642155
0.015390000000000001;0.5428323394214385
0.01542;0.593624208681184
0.01545;0.64646657442111
0.01548;0.7003845865472523
0.015510000000000001;0.754117072563254
0.01554;0.8061551679840688
0.01557;0.8548293586033915
0.015600000000000001;0.8984434825556636
0.01563;0.9354405712692165
0.01566;0.9645723099840502
0.01569;0.9850373980982242
0.01572;0.9965585993378214
0.01575;0.9993833953646547
0.01578;0.9942131613159451
0.01581;0.9820826265528654
0.01584;0.9642192183484829
0.01587;0.9419097454984052
0.0159;0.9163930587328066
0.01593;0.8887866409831624
0.015960000000000002;0.8600462907357528
0.01599;0.8309527981582011
0.01602;0.8021176140479561
0.016050000000000002;0.773999922534896
0.01608;0.7469290877935738
0.01611;0.7211282860828373
0.01614;0.696736769760541
0.01617;0.6738294511273427
0.0162;0.6524333318506402
0.01623;0.6325408103011139
0.01626;0.6141201666911524
0.01629;0.5971236372875214
0.01632;0.5814935074157978
0.01635;0.5671666219926368
0.01638;0.5540776594717153
0.01641;0.5421614565014732
0.01644;0.5313546148271083
0.016470000000000002;0.521596572938671
0.0165;0.5128302838933405
0.01653;0.5050026074251919
0.016560000000000002;0.49806449804856995
0.01659;0.49197105027605426
0.01662;0.48668144623349363
0.01665;0.48215883888589645
0.01668;0.4783701949689444
0.01671;0.4752861148746013
0.01674;0.47288064162767895
0.01677;0.4711310672914252
0.0168;0.4700177423267474
0.01683;0.46952389135126893
0.01686;0.46963543720861184
0.01689;0.47034083412074174
0.01692;0.47163090984596534
0.01695;0.47349871611962707
0.016980000000000002;0.4759393861500574
0.01701;0.47894999753122386
0.01704;0.48252943857939257
0.017070000000000002;0.4866782757759385
0.0171;0.4913986196804122
0.01713;0.49669398635259676
0.01716;0.5025691509735372
0.01719;0.5090299899805834
0.01722;0.516083307618985
0.01725;0.523736642366565
0.01728;0.5319980482074926
0.01731;0.5408758452261923
0.01734;0.5503783334783956
0.01737;0.5605134635938847
0.0174;0.5712884571107651
0.01743;0.5827093691815763
0.01746;0.5947805860873732
0.017490000000000002;0.6075042500377065
0.01752;0.6208796041174063
0.01755;0.6349022511117648
0.017580000000000002;0.6495633214459805
0.01761;0.6648485478081666
0.01764;0.6807372473963298
0.01767;0.6972012173524403
0.0177;0.7142035550557125
0.01773;0.7316974227127038
0.01776;0.7496247852358973
0.01779;0.7679151617311398
0.01782;0.7864844438264312
0.01785;0.8052338481058364
0.01788;0.8240490842466646
0.01791;0.8427998338649616
0.01794;0.8613396458477437
0.01797;0.8795063599519426
0.018000000000000002;0.8971231691786914
0.01803;0.9140004202908543
0.01806;0.9299382284599993
0.018090000000000002;0.9447299448006262
0.01812;0.9581664641852048
0.01815;0.9700412968740342
0.01818;0.9801562551242683
0.01821;0.9883275315314397
0.01824;0.994391877978625
0.01827;0.9982125424850741
0.0183;0.9996845954400251
0.01833;0.9987392840824444
0.01836;0.9953470982226671
0.01839;0.9895193095659166
0.01842;0.9813078545808807
0.01845;0.9708035549068268
0.01848;0.9581327951220809
0.018510000000000002;0.9434528901874732
0.01854;0.9269464610999734
0.01857;0.9088151886505238
0.018600000000000002;0.8892733285483361
0.01863;0.8685413489388913
0.01866;0.846840000324304
0.018690000000000002;0.8243850576694666
0.01872;0.8013828954568144
0.01875;0.778026978164626
0.01878;0.7544952785973744
0.01881;0.7309485795590775
0.01884;0.7075295727902102
0.01887;0.6843626429040113
0.0189;0.6615542116636056
0.01893;0.6391935167913758
0.01896;0.6173537066738478
0.01899;0.5960931449692681
0.019020000000000002;0.5754568347634671
0.01905;0.5554778885680376
0.01908;0.5361789866615574
0.019110000000000002;0.5175737811105202
0.01914;0.4996682157086975
0.01917;0.48246174285592736
0.019200000000000002;0.4659484270474641
0.01923;0.45011793133352684
0.01926;0.4349563880641091
0.01929;0.4204471587297174
0.01932;0.40657149001767107
0.01935;0.39330907457668707
0.01938;0.3806385256427725
0.01941;0.3685377748181119
0.01944;0.3569844020622868
0.01947;0.34595590647935537
0.0195;0.3354299258548167
0.019530000000000002;0.3253844121876879
0.01956;0.3157977697256278
0.01959;0.3066489612784142
0.019620000000000002;0.29791758788914535
0.01965;0.28958394628685047
0.01968;0.2816290679482965
0.019710000000000002;0.2740347430575941
0.01974;0.2667835321701456
0.01977;0.2598587679659634
0.0198;0.2532445491037757
0.01983;0.2469257278671097
0.01986;0.24088789301449115
0.01989;0.23511734900785172
0.01992;0.22960109258892494
0.01995;0.2243267875011663
0.01998;0.21928273800708215
0.02001;0.21445786172852097
0.02004;0.20984166223300657
0.02007;0.20542420170288272
0.0201;0.20119607395197406
0.020130000000000002;0.19714837799400708
0.02016;0.19327269231847935
0.02019;0.18956104998812898
0.020220000000000002;0.18600591463954405
0.02025;0.18260015744094307
0.02028;0.17933703503964907
0.02031;0.17621016851417864
0.02034;0.17321352333178772
0.02037;0.17034139030149198
0.0204;0.16758836750435785
0.02043;0.1649493431759356
0.02046;0.16241947951146235
0.02049;0.1599941973606205
0.02052;0.15766916177663667
0.02055;0.15544026838291886
0.02058;0.15330363051983936
0.02061;0.15125556713404278
0.020640000000000002;0.14929259137289624
0.02067;0.1474113998476101
0.0207;0.14560886252919308
0.020730000000000002;0.14388201324260003
0.02076;0.14222804072571182
0.02079;0.14064428022108647
0.02082;0.13912820556988076
0.02085;0.137677421778569
0.02088;0.13628965803084503
0.02091;0.13496276111819835
0.02094;0.1336946892642731
0.02097;0.1324835063194009
0.021;0.1313273763030691
0.02103;0.13022455827319612
0.02106;0.12917340150269632
0.02109;0.12817234094451344
0.02112;0.12721989296778355
0.021150000000000002;0.1263146513486949
0.02118;0.12545528350065802
0.02121;0.12464052692929606
0.021240000000000002;0.12386918589881848
0.02127;0.12314012829698293
0.0213;0.12245228268684644
0.021330000000000002;0.12180463553409422
0.02136;0.12119622859961394
0.02139;0.12062615648749765
0.02142;0.1200935643393335
0.02145;0.11959764566628354
0.02148;0.1191376403109251
0.02151;0.11871283253137403
0.02154;0.11832254920070212
0.02157;0.11796615811507107
0.0216;0.11764306640449687
0.02163;0.11735271904047992
0.021660000000000002;0.11709459743516408
0.02169;0.11686821812697795
0.02172;0.1166731315481018
0.021750000000000002;0.11650892086935156
0.02178;0.11637520091838462
0.02181;0.11627161716736374
0.021840000000000002;0.1161978447865284
0.02187;0.11615358776026967
0.0219;0.11613857806260897
0.02193;0.1161525748890853
0.02196;0.11619536394237036
0.02199;0.11626675676896336
0.02202;0.1163665901446407
0.02205;0.11649472550632027
0.02208;0.11665104842832279
0.02211;0.11683546814100201
0.02214;0.11704791708991158
0.022170000000000002;0.11728835053382597
0.0222;0.11755674617994082
0.02223;0.11785310385480656
0.022260000000000002;0.11817744520953737
0.02229;0.11852981345800244
0.02232;0.11891027314677499
0.022350000000000002;0.11931890995563789
0.02238;0.11975583052763009
0.02241;0.12022116232753552
0.02244;0.12071505352797034
0.02247;0.12123767292205406
0.0225;0.12178920986194783
0.02253;0.12236987422237368
0.02256;0.12297989638842638
0.02259;0.12361952726698543
0.02262;0.12428903832102378
0.02265;0.12498872162624117
0.022680000000000002;0.1257188899493783
0.02271;0.1264798768477264
0.02274;0.12727203678924764
0.022770000000000002;0.12809574529282788
0.0228;0.12895139908824088
0.02283;0.129839416295357
0.022860000000000002;0.1307602366222975
0.02289;0.1317143215822363
0.02292;0.13270215472870192
0.02295;0.13372424190939272
0.02298;0.13478111153898956
0.02301;0.1358733148916731
0.02304;0.13700142641529292
0.02307;0.13816604407048533
0.0231;0.13936778970091754
0.02313;0.1406073094462593
0.02316;0.14188527421913336
0.023190000000000002;0.1432023802875933
0.02322;0.14455935004511133
0.02325;0.14595693313890418
0.023280000000000002;0.14739590832896762
0.02331;0.1488770869416149
0.02334;0.15040132007101983
0.023370000000000002;0.15196951539085865
0.0234;0.15358268137933223
0.02343;0.15524206117470904
0.02346;0.15694961862750184
0.02349;0.15871033161818154
0.02352;0.1605489110434781
0.02355;0.16284132380793442
0.02358;0.17090901501592073
0.02361;0.16710969320668123
0.02364;0.17081076316466456
0.02367;0.17163348426445366
0.023700000000000002;0.172472836904794
0.02373;0.1745753182408234
0.02376;0.1767900806540295
0.023790000000000002;0.1790731629365476
0.02382;0.18141903080500033
0.02385;0.18382734676567797
0.023880000000000002;0.18629894611890221
0.02391;0.18883503045958147
0.02394;0.19143695208498795
0.02397;0.19410614412368932
0.024;0.196844094462279
0.02403;0.1996523348624332
0.02406;0.20253243593952963
0.02409;0.20548600458585206
0.02412;0.20851468246163182
0.02415;0.2116201449529963
0.02418;0.21480410031464703
0.02421;0.2180682888542458
0.02424;0.22141448208099307
0.02427;0.22484448177138114
0.024300000000000002;0.22836011892153893
0.02433;0.2319632525629867
0.02436;0.23565576842312808
0.024390000000000002;0.23943957741374572
0.02442;0.24331661393173445
0.02445;0.2472888339565489
0.024480000000000002;0.25135821292892113
0.02451;0.2555267433950393
0.02454;0.2597964324003316
0.02457;0.26416929861605576
0.0246;0.2686473691822146
0.02463;0.2732326762494222
0.02466;0.2779272532020689
0.02469;0.2827331305453299
0.02472;0.2876523314376458
0.02475;0.2926868668508543
0.02478;0.2978387303398487
0.024810000000000002;0.303109892404022
0.02484;0.30850229442281146
0.02487;0.3140178421485988
0.024900000000000002;0.3196583987404075
0.02493;0.32542577732341565
0.02496;0.331321733060162
0.024990000000000002;0.3373479547206696
0.02502;0.34350605574119436
0.02505;0.34979756476243895
0.02508;0.3562239156421115
0.02511;0.3627864369378055
0.02514;0.36948634086129023
0.02517;0.3763247117078544
0.0252;0.38330249376951936
0.02523;0.39042047874528274
0.02526;0.39767929266674357
0.02529;0.40507938236408264
0.025320000000000002;0.41262100150287745
0.02535;0.42030419622991205
0.02538;0.4281287904730305
0.025410000000000002;0.4360943709485701
0.02544;0.4442002719382337
0.02547;0.45244555990609164
0.025500000000000002;0.4608290180358743
0.02553;0.46934913077850343
0.02556;0.47800406850911836
0.02559;0.48679167240419763
0.02562;0.49570943965735037
0.02565;0.5047545091646799
0.02568;0.5139236478182563
0.02571;0.5232132375564399
0.02574;0.532619263328242
0.02577;0.5421373021359622
0.0258;0.5517625133273609
0.025830000000000002;0.5614896303136157
0.02586;0.5713129538930077
0.02589;0.5812263473614886
0.025920000000000002;0.5912232335914771
0.02595;0.6012965942569088
0.02598;0.6114389713782237
0.026010000000000002;0.6216424713510795
0.02604;0.6318987716134635
0.02607;0.6421991300905224
0.0261;0.6525343975387494
0.02613;0.6628950328923422
0.02616;0.6732711216879459
0.02619;0.6836523976197306
0.02622;0.6940282672449618
0.02625;0.7043878378289478
0.02628;0.7147199482821298
0.02631;0.7250132031058496
0.026340000000000002;0.7352560092252202
0.02637;0.7454366155476003
0.0264;0.7555431550459606
0.026430000000000002;0.7655636891277383
0.02646;0.7754862540113379
0.02649;0.7852989087969778
0.026520000000000002;0.7949897848855131
0.02655;0.8045471363686124
0.02658;0.8139593909885879
0.02661;0.8232152012456727
0.02664;0.8323034952153462
0.02667;0.8412135266287895
0.0267;0.8499349237671391
0.02673;0.8584577367242521
0.02676;0.8667724826024712
0.02679;0.8748701882239405
0.02682;0.8827424299631097
0.026850000000000002;0.8903813703361578
0.02688;0.8977797910187074
0.02691;0.9049311220036277
0.026940000000000002;0.9118294666553228
0.02697;0.9184696224659658
0.027;0.9248470973686799
0.027030000000000002;0.9309581215171017
0.02706;0.9367996544915268
0.02709;0.9423693879464655
0.027120000000000002;0.9476657437646694
0.02715;0.9526878678320947
0.02718;0.957435619594919
0.02721;0.9619095576008181
0.02724;0.9661109212660329
0.02727;0.9700416091417622
0.0273;0.973704153981904
0.02733;0.9771016949358781
0.027360000000000002;0.9802379472075561
0.02739;0.9831171695320797
0.02742;0.9857441298283806
0.027450000000000002;0.9881240693853653
0.02748;0.990262665935791
0.02751;0.992165995962755
0.027540000000000002;0.9938404965710235
0.02757;0.9952929272391761
0.0276;0.9965303317491807
0.027630000000000002;0.9975600005684259
0.02766;0.998389433935651
0.02769;0.999026305877442
0.02772;0.9994784293561705
0.02775;0.999753722724284
0.02778;0.9998601776338494
0.02781;0.9998058285247945
0.02784;0.9995987237905423
0.027870000000000002;0.9992468986961291
0.0279;0.9987583501016696
0.02793;0.998141013023108
0.027960000000000002;0.9974027390431822
0.02799;0.9965512765680259
0.02802;0.9955942529092682
0.028050000000000002;0.9945391581576336
0.02808;0.9933933308020414
0.02811;0.9921639450379136
0.028140000000000002;0.9908579996997948
0.02817;0.9894823087464241
0.0282;0.9880434932208015
0.02823;0.9865479746037602
0.02826;0.9850019694767056
0.02829;0.9834114854074264
0.02832;0.9817823179722552
0.02835;0.9801200488280845
0.028380000000000002;0.9784300447489112
0.02841;0.9767174575430649
0.02844;0.9749872247698552
0.028470000000000002;0.9732440711768695
0.0285;0.9714925107826239
0.02853;0.969736849532472
0.028560000000000002;0.9679811884594416
0.02859;0.9662294272857322
0.02862;0.9644852684039793
0.028650000000000002;0.9627522211821744
0.02868;0.9610336065393176
0.02871;0.9593325617433303
0.02874;0.9576520453863332
0.02877;0.9559948424963215
0.0288;0.9543635697476844
0.02883;0.9527606807367061
0.02886;0.9511884712912072
0.02889;0.9496490847870541
0.02892;0.9481445174467027
0.02895;0.9466766235982559
0.028980000000000002;0.9452471208756286
0.02901;0.9438575953433382
0.02904;0.9425095065313082
0.029070000000000002;0.9412041923672694
0.0291;0.939942873996544
0.02913;0.9387266604801247
0.029160000000000002;0.937556553364387
0.02919;0.936433451116527
0.02922;0.935358153421578
0.02925;0.9343313653378874
0.02928;0.9333537013090474
0.02931;0.9324256890313202
0.02934;0.9315477731762508
0.02937;0.9307203189692315
0.0294;0.9299436156251565
0.02943;0.9292178796431485
0.02946;0.9285432579626136
0.029490000000000002;0.9279198309836644
0.02952;0.9273476154548271
0.02955;0.9268265672319375
0.029580000000000002;0.9263565839117119
0.02961;0.9259375073442735
0.02964;0.9255691260287582
0.029670000000000002;0.9252511773963793
0.0297;0.9249833499854583
0.02973;0.9247652855130225
0.02976;0.9245965808474829
0.02979;0.9244767898871636
0.02982;0.9244054253492398
0.02985;0.924381960473794
0.02988;0.9244058306475711
0.02991;0.9244764349519254
0.02994;0.9245931376397488
0.02997;0.9247552695453336
0.030000000000000002;0.9249621294320447
0.03003;0.9252129852817577
0.03006;0.925507075530348
0.030090000000000002;0.9258436102532979
0.03012;0.926221772305378
0.03015;0.9266407184183155
0.030180000000000002;0.9270995802601317
0.03021;0.9275974654597857
0.03024;0.9281334586006791
0.030270000000000002;0.9287066221863123
0.0303;0.9293159975814326
0.03033;0.9299606059316792
0.03036;0.9306394490648683
0.03039;0.931351510376559
0.03042;0.9320957557028389
0.03045;0.932871134182733
0.03048;0.9336765791127589
0.030510000000000002;0.9345110087959223
0.03054;0.9353733273872898
0.03057;0.9362624257381735
0.030600000000000002;0.9371771822407813
0.03063;0.9381164636751048
0.03066;0.9390791260595822
0.030690000000000002;0.9400640155069964
0.03072;0.9410699690869457
0.03075;0.9420958156959552
0.030780000000000002;0.9431403769362826
0.03081;0.9442024680043087
0.03084;0.9452808985891231
0.03087;0.9463744737819925
0.0309;0.9474819949969958
0.03093;0.9486022609032367
0.03096;0.949734068368653
0.03099;0.9508762134154728
0.031020000000000002;0.9520274921871388
0.03105;0.9531867019263877
0.03108;0.9543526419641194
0.031110000000000002;0.9555241147184128
0.03114;0.9566999267030334
0.03117;0.9578788895446025
0.031200000000000002;0.9590598210074678
0.03123;0.9602415460252377
0.03126;0.9614228977377215
0.03129;0.96260271853209
0.03132;0.9637798610867259
0.03135;0.9649531894164011
0.03138;0.9661215799170666
0.03141;0.9672839224086694
0.03144;0.968439121174158
0.03147;0.9695860959929514
0.0315;0.9707237831668496
0.03153;0.9718511365365747
0.03156;0.9729671284868214
0.03159;0.9740707509378957
0.03162;0.975161016321811
0.03165;0.97623695854075
0.03168;0.9772976339058954
0.03171;0.978342122054397
0.03174;0.979369526842525
0.03177;0.9803789772128557
0.0318;0.9813696280334794
0.031830000000000004;0.9823406609072256
0.03186;0.9832912849489679
0.03189;0.984220737529084
0.031920000000000004;0.9851282849812346
0.03195;0.9860132232727478
0.03198;0.9868748786358348
0.032010000000000004;0.9877126081581328
0.03204;0.9885258003311397
0.03207;0.9893138755549111
0.032100000000000004;0.9900762865979701
0.03213;0.9908125190112671
0.03216;0.991522091494998
0.03219;0.992204556217482
0.03222;0.9928594990853168
0.03225;0.9934865399641699
0.03228;0.9940853328496263
0.03231;0.9946555659878812
0.03234;0.9951969619458961
0.03237;0.995709277631061
0.0324;0.9961923042603955
0.03243;0.9966458672794495
0.03246;0.9970698262313759
0.03249;0.9974640745765291
0.03252;0.9978285394633173
0.03255;0.9981631814510576
0.03258;0.9984679941856756
0.03261;0.9987430040293629
0.03264;0.99898826964522
0.03267;0.9992038815382613
0.0327;0.9993899615540621
0.03273;0.9995466623365433
0.03276;0.9996741667464827
0.03279;0.9997726872423618
0.03282;0.9998424652253305
0.032850000000000004;0.9998837703500814
0.03288;0.9998968998034784
0.03291;0.9998821775529468
0.032940000000000004;0.9998399535665369
0.03297;0.9997706030067017
0.033;0.9996745253999137
0.033030000000000004;0.9995521437841004
0.03306;0.9994039038360804
0.03309;0.9992302729810693
0.033120000000000004;0.9990317394863997
0.03315;0.9988088115415371
0.03318;0.9985620163264809
0.03321;0.9982918990706496
0.03324;0.9979990221042901
0.03327;0.997683963904387
0.0333;0.9973473181371075
0.03333;0.9969896926986549
0.03336;0.9966117087564291
0.03339;0.9962139997923457
0.03342;0.9957972106499978
0.03345;0.9953619965874501
0.03348;0.9949090223372468
0.03351;0.994438961175174
0.03354;0.9939524939993375
0.03357;0.9934503084208701
0.0336;0.9929330978676918
0.03363;0.9924015607025118
0.03366;0.9918563993562917
0.03369;0.9912983194782188
0.03372;0.9907280291032364
0.03375;0.9901462378380712
0.03378;0.9895536560665303
0.03381;0.9889509941749555
0.03384;0.9883389617983901
0.033870000000000004;0.9877182670882007
0.0339;0.9870896160015802
0.03393;0.98645371161346
0.033960000000000004;0.9858112534511816
0.03399;0.9851629368522593
0.03402;0.9845094523454755
0.034050000000000004;0.9838514850555036
0.03408;0.983189714131141
0.03411;0.9825248121972678
0.034140000000000004;0.981857444830474
0.03417;0.9811882700583471
0.0342;0.9805179378822948
0.034230000000000003;0.9798470898237587
0.03426;0.9791763584936144
0.03429;0.9785063671845495
0.03432;0.9778377294861175
0.03435;0.9771710489221656
0.03438;0.9765069186103266
0.03441;0.9758459209431714
0.03444;0.9751886272906869
0.03447;0.974535597723619
0.0345;0.9738873807573116
0.03453;0.9732445131156013
0.03456;0.9726075195143057
0.03459;0.9719769124639677
0.03462;0.9713531920912523
0.03465;0.9707368459787953
0.03468;0.9701283490229607
0.03471;0.9695281633091881
0.03474;0.968936738004597
0.03477;0.9683545092675478
0.0348;0.9677819001739638
0.03483;0.967219320660249
0.03486;0.9666671674827054
0.034890000000000004;0.9661258241935878
0.03492;0.9655956611339748
0.03495;0.9650770354437973
0.034980000000000004;0.9645702910898071
0.03501;0.9640757589122018
0.03504;0.9635937566914132
0.035070000000000004;0.96312458923667
0.0351;0.962668548498835
0.03513;0.9622259137105943
0.035160000000000004;0.9617969515582153
0.03519;0.961381916390354
0.03522;0.9609810504711536
0.035250000000000004;0.9605945842871222
0.03528;0.9602227369203497
0.03531;0.9598657165047222
0.03534;0.9595237207873397
0.03537;0.9591969378247622
0.0354;0.9588855468542443
0.03543;0.9585897193944491
0.03546;0.9583096206502985
0.03549;0.9580454113254241
0.03552;0.957797249986549
0.03555;0.9575652961840208
0.03558;0.9573497146200817
0.03561;0.9571506807872787
0.03564;0.9569683886967332
0.03567;0.9568030616198219
0.0357;0.9566549672416731
0.03573;0.9565244393823138
0.03576;0.9564119096745318
0.03579;0.9563179546421317
0.03582;0.9562433671340882
0.03585;0.9561892672446879
0.03588;0.9561572790563676
0.03591;0.9561498206234086
0.03594;0.9561705959206818
0.03597;0.9562254622943981
0.036000000000000004;0.9563240308308392
0.03603;0.9564827821054743
0.03606;0.9567315406681058
0.036090000000000004;0.9571280600382386
0.03612;0.9577944401120414
0.03615;0.9590213462631001
0.036180000000000004;0.9616289921540168
0.03621;0.9686394160781111
0.03624;0.9982483491350931
0.036270000000000004;1.4149112640741055
0.0363;1.1333768225682737
0.03633;0.9968501762182499
0.03636;0.9761851425485717
0.03639;0.9695867112983635
0.03642;0.9668389306166272
0.03645;0.9656397302716073
0.03648;0.965257987481493
0.03651;0.9654406679311806
0.03654;0.9661514399482131
0.03657;0.9675354905175289
0.0366;0.9700438812062511
0.03663;0.9749445202749385
0.03666;0.9866022087665549
0.03669;1.0287442127289443
0.03672;1.4767198504093775
0.03675;1.1397971893823404
0.03678;0.9922320114442936
0.03681;0.9728447840318677
0.03684;0.9674638548048622
0.03687;0.96551249115457
0.0369;0.96476931877038
0.03693;0.964552014470421
0.03696;0.9645985640298202
0.03699;0.9647921976528578
0.037020000000000004;0.9650749673350937
0.03705;0.9654156506172983
0.03708;0.9657962786486942
0.037110000000000004;0.9662059249718722
0.03714;0.9666376203186089
0.03717;0.9670867242455321
0.037200000000000004;0.9675500212051004
0.03723;0.9680251968989401
0.03726;0.9685105236429888
0.037290000000000004;0.9690046652416335
0.03732;0.9695065525853221
0.03735;0.970015302384451
0.037380000000000004;0.9705301629269206
0.03741;0.971050477174428
0.03744;0.9715756572248333
0.03747;0.9721051663711733
0.0375;0.9726385063283142
0.03753;0.9731752080318621
0.03756;0.9737148249430635
0.03759;0.9742569281358224
0.03762;0.9748011026669356
0.03765;0.9753469448810675
0.03768;0.975894060403995
0.03771;0.9764420626477042
0.03774;0.9769905716996621
0.03777;0.9775392135029172
0.0378;0.9780876192580931
0.03783;0.9786354249959491
0.03786;0.9791822712819128
0.03789;0.9797278030232839
0.03792;0.9802716693567535
0.03795;0.9808135235990768
0.03798;0.9813530232474708
0.03801;0.9818898300193284
0.038040000000000004;0.9824236099230195
0.03807;0.9829540333532707
0.0381;0.9834807752058656
0.038130000000000004;0.9840035150075385
0.03816;0.9845219370576145
0.03819;0.985035730578618
0.038220000000000004;0.9855445898736086
0.03825;0.9860482144882856
0.03828;0.9865463093763197
0.038310000000000004;0.9870385850665534
0.03834;0.9875247578309383
0.03837;0.9880045498522129
0.038400000000000004;0.988477689390551
0.03843;0.9889439109483251
0.03846;0.9894029554324657
0.03849;0.9898545703137499
0.03852;0.9902985097825672
0.03855;0.9907345349007267
0.03858;0.9911624137487686
0.03861;0.9915819215686484
0.03864;0.9919928409011072
0.03867;0.9923949617178742
0.0387;0.9927880815479536
0.03873;0.9931720055980857
0.03876;0.9935465468669523
0.03879;0.9939115262530438
0.03882;0.9942667726558384
0.03885;0.9946121230702964
0.03888;0.9949474226743388
0.03891;0.9952725249092748
0.03894;0.9955872915529977
0.03897;0.9958915927858653
0.039;0.9961853072491248
0.03903;0.9964683220958062
0.039060000000000004;0.9967405330340736
0.03909;0.9970018443628428
0.03912;0.9972521689997703
0.039150000000000004;0.9974914285014571
0.03918;0.9977195530759502
0.03921;0.997936481587426
0.039240000000000004;0.9981421615531832
0.03927;0.9983365491328525
0.0393;0.9985196091099428
0.039330000000000004;0.998691314865712
0.03936;0.9988516483454369
0.03939;0.9990006000171616
0.039420000000000004;0.9991381688229859
0.03945;0.9992643621229886
0.03948;0.9993791956318929
0.03951;0.9994826933485838
0.03954;0.9995748874786032
0.03957;0.9996558183497348
0.0396;0.9997255343208657
0.03963;0.9997840916842138
0.03966;0.9998315545611399
0.03969;0.9998679947916956
0.03972;0.9998934918180266
0.03975;0.9999081325619178
0.03978;0.9999120112966117
0.03981;0.9999052295130598
0.03984;0.9998878957809123
0.03987;0.9998601256043443
0.0399;0.9998220412730318
0.03993;0.9997737717084186
0.03996;0.9997154523055378
0.03999;0.9996472247706085
0.04002;0.999569236954636
0.04005;0.9994816426832273
0.04008;0.9993846015828999
0.04011;0.9992782789040798
0.04014;0.999162845341027
0.040170000000000004;0.9990384768489665
0.0402;0.9989053544586133
0.04023;0.9987636640883525
0.040260000000000004;0.9986135963543151
0.04029;0.9984553463785653
0.04032;0.9982891135956489
0.040350000000000004;0.9981151015577358
0.04038;0.9979335177385673
0.04041;0.9977445733364507
0.040440000000000004;0.9975484830765124
0.04047;0.9973454650124407
0.0405;0.9971357403279276
0.040530000000000004;0.9969195331379892
0.04056;0.9966970702904462
0.04059;0.9964685811676752
0.04062;0.9962342974888865
0.04065;0.9959944531131028
0.04068;0.9957492838430098
0.04071;0.9954990272298733
0.04074;0.9952439223796811
0.04077;0.9949842097606928
0.0408;0.9947201310125384
0.04083;0.9944519287570138
0.04086;0.994179846410766
0.04089;0.9939041279999176
0.04092;0.993625017976856
0.04095;0.993342761039254
0.04098;0.9930576019514394
0.04101;0.992769785368256
0.04104;0.9924795556614876
0.04107;0.9921871567489348
0.0411;0.9918928319262672
0.04113;0.9915968237016762
0.04116;0.9912993736334257
0.041190000000000004;0.9910007221703888
0.04122;0.9907011084955539
0.04125;0.9904007703725823
0.041280000000000004;0.9900999439954926
0.04131;0.9897988638413753
0.04134;0.9894977625262985
0.041370000000000004;0.9891968706642812
0.0414;0.9888964167294003
0.04143;0.9885966269209703
0.041460000000000004;0.9882977250317707
0.04149;0.9879999323192653
0.04152;0.9877034673797335
0.041550000000000004;0.9874085460252434
0.04158;0.9871153811632987
0.04161;0.9868241826790676
0.04164;0.9865351573199854
0.04167;0.986248508582487
0.0417;0.9859644366006547
0.04173;0.9856831380363659
0.04176;0.9854048059705958
0.04179;0.9851296297953102
0.04182;0.9848577951053522
0.04185;0.9845894835894743
0.04188;0.9843248729195435
0.04191;0.9840641366365787
0.04194;0.9838074440320027
0.04197;0.9835549600218941
0.042;0.9833068450113681
0.04203;0.9830632547453055
0.04206;0.9828243401401678
0.04209;0.9825902470898287
0.04212;0.9823611162353479
0.04215;0.9821370826845421
0.04218;0.9819182756604524
0.042210000000000004;0.981704818047888
0.04224;0.9814968257905732
0.04227;0.9812944070640007
0.042300000000000004;0.9810976611017884
0.04233;0.980906676466611
0.04236;0.980721528392799
0.042390000000000004;0.9805422744909625
0.04242;0.9803689473646989
0.04245;0.9802015408803854
0.042480000000000004;0.9800399817856664
0.04251;0.979884061377993
0.04254;0.979733225039445
0.042570000000000004;0.9795854898346017
0.0426;0.9984210745388395
0.04263;0.9987207873642336
0.042660000000000003;0.9989069749371781
0.04269;0.9990475695021656
0.04272;0.9991612010941779
0.04275;0.9992563410906132
0.04278;0.9993377285130944
0.04281;0.9994083486274323
0.04284;0.9994702343388254
0.04287;0.9995248487665136
0.0429;0.9995732894576728
0.04293;0.9996164066518831
0.04296;0.9996548761791952
0.04299;0.9996892466699515
0.04302;0.9997199713810028
0.04305;0.9997474303776646
0.04308;0.9997719464342685
0.04311;0.9997937967090385
0.04314;0.999813221496228
0.04317;0.9998304309073861
0.0432;0.9998456100539335
0.043230000000000005;0.9998589231247652
0.04326;0.9998705166354417
0.04329;0.9998805220470105
0.043320000000000004;0.9998890578986415
0.04335;0.9998962315607501
0.04338;0.9999021406884531
0.043410000000000004;0.9999068744361678
0.04344;0.9999105144798957
0.04347;0.9999131358833949
0.043500000000000004;0.9999148078366484
0.04353;0.9999155942890476
0.04356;0.9999155544952153
0.043590000000000004;0.9999147434878718
0.04362;0.9999132124893816
0.04365;0.9999110092715809
0.043680000000000004;0.9999081784715805
0.04371;0.9999047618700417
0.04374;0.9999007986373576
0.04377;0.9998963255521409
0.0438;0.9998913771955439
0.04383;0.9998859861252484
0.04386;0.999880183030968
0.04389;0.9998739968742414
0.04392;0.9998674550144578
0.04395;0.999860583322561
0.04398;0.9998534062840374
0.04401;0.9998459470923574
0.04404;0.9998382277339716
0.04407;0.9998302690657846
0.0441;0.9998220908858939
0.04413;0.9998137119983848
0.04416;0.9998051502726695
0.04419;0.9997964226980803
0.04422;0.9997875454340642
0.04425;0.9997785338564715
0.04428;0.9997694026003096
0.04431;0.999760165599277
0.044340000000000004;0.9997508361224109
0.04437;0.999741426808049
0.0444;0.9997319496954459
0.044430000000000004;0.9997224162541282
0.04446;0.9997128374112861
0.04449;0.9997032235773176
0.044520000000000004;0.9996935846696988
0.04455;0.9996839301352951
0.04458;0.9996742689712625
0.044610000000000004;0.9996646097446421
0.04464;0.9996549606107449
0.04467;0.9996453293304371
0.044700000000000004;0.9996357232863592
0.04473;0.9996261494982361
0.04476;0.9996166146372667
0.04479;0.9996071250397044
0.04482;0.9995976867196654
0.04485;0.9995883053812168
0.04488;0.9995789864298025
0.04491;0.9995697349830321
0.04494;0.9995605558808947
0.04497;0.9995514536953973
