1e-20;3.8914921326059917e-19
3.000000000000001e-05;4.111464218983864e-19
6.000000000000001e-05;4.344250138250823e-19
9.000000000000002e-05;4.590618919893164e-19
0.00012000000000000002;4.851387125757803e-19
0.00015000000000000001;5.12742187396919e-19
0.00018;5.419644060662046e-19
0.00021;5.729031792871845e-19
0.00024;6.056624046765149e-19
0.00027;6.403524566427813e-19
0.00030000000000000003;6.770906019439768e-19
0.00033;7.160014426604176e-19
0.00036;7.572173884423143e-19
0.00039;8.008791600162071e-19
0.00042;8.471363260764019e-19
0.00045;8.961478758328136e-19
0.00048;9.48082829645527e-19
0.00051;1.0031208903488282e-18
0.00054;1.0614531380453796e-18
0.00057;1.1232827713475573e-18
0.0006000000000000001;1.1888258982543012e-18
0.00063;1.2583123800687281e-18
0.00066;1.3319867320133395e-18
0.00069;1.4101090844394577e-18
0.00072;1.4929562088221855e-18
0.00075;1.5808226130082966e-18
0.00078;1.6740217105192817e-18
0.0008100000000000001;1.772887069034191e-18
0.00084;1.8777737435492543e-18
0.00087;1.989059700102096e-18
0.0009;2.107147336359058e-18
0.00093;2.232465105819572e-18
0.00096;2.365469252863288e-18
0.00099;2.5066456663904536e-18
0.00102;2.656511860341848e-18
0.00105;2.8156190900051126e-18
0.00108;2.9845546136063247e-18
0.00111;3.163944109408153e-18
0.00114;3.3544542592372135e-18
0.00117;3.5567955101572576e-18
0.0012000000000000001;3.771725026842061e-18
0.00123;4.000049848088902e-18
0.00126;4.242630261903945e-18
0.0012900000000000001;4.500383414589013e-18
0.00132;4.774287170400386e-18
0.00135;5.0653842395143195e-18
0.00138;5.3747865933062134e-18
0.00141;5.7036801873428236e-18
0.00144;6.053330013911057e-18
0.00147;6.4250855074961145e-18
0.0015;6.820386328300504e-18
0.0015300000000000001;7.24076855067613e-18
0.00156;7.687871285289048e-18
0.00159;8.1634437658952e-18
0.0016200000000000001;8.66935293379876e-18
0.00165;9.207591555455421e-18
0.00168;9.780286911165268e-18
0.0017100000000000001;1.0389710095622745e-17
0.00174;1.1038285973805695e-17
0.00177;1.1728603838987043e-17
0.0018;1.2463428822802994e-17
0.00183;1.3245714110975745e-17
0.00186;1.4078614021954804e-17
0.00189;1.496549800991997e-17
0.00192;1.590996565774933e-17
0.0019500000000000001;1.6915862730284517e-17
0.00198;1.7987298363081913e-17
0.00201;1.9128663467014216e-17
0.00204;2.0344650434772518e-17
0.0020700000000000002;2.1640274241040117e-17
0.0021;2.3020895034734354e-17
0.00213;2.4492242327949654e-17
0.00216;2.6060440893771507e-17
0.00219;2.773203849227771e-17
0.00222;2.951403555232649e-17
0.0022500000000000003;3.141391694481203e-17
0.00228;3.343968599218685e-17
0.00231;3.559990086831563e-17
0.00234;3.790371355244595e-17
0.00237;4.0360911511631624e-17
0.0024000000000000002;4.298196229644509e-17
0.00243;4.577806124622359e-17
0.00246;4.876118251182798e-17
0.00249;5.1944133615949705e-17
0.00252;5.534061378343555e-17
0.00255;5.896527628723724e-17
0.0025800000000000003;6.283379506806219e-17
0.00261;6.696293590014096e-17
0.00264;7.137063238749004e-17
0.00267;7.60760670894384e-17
0.0027;8.10997580865513e-17
0.0027300000000000002;8.646365131055707e-17
0.00276;9.219121897398692e-17
0.00279;9.830756444508855e-17
0.00282;1.0483953392374974e-16
0.00285;1.1181583528022587e-16
0.00288;1.1926716442396613e-16
0.0029100000000000003;1.2722633957068609e-16
0.00294;1.3572844377361492e-16
0.00297;1.4481097607625627e-16
0.003;1.5451401163235675e-16
0.00303;1.6488037111407067e-16
0.0030600000000000002;1.7595579970183468e-16
0.00309;1.8778915590599728e-16
0.00312;2.004326104149981e-16
0.00315;2.1394185509521543e-16
0.00318;2.2837632217376036e-16
0.00321;2.4379941352462105e-16
0.0032400000000000003;2.602787398346375e-16
0.00327;2.778863692514394e-16
0.0033;2.966990849013106e-16
0.00333;3.167986504015122e-16
0.00336;3.382720821772427e-16
0.0033900000000000002;3.612119270061544e-16
0.0034200000000000003;3.857165427502469e-16
0.00345;4.1189037967977005e-16
0.00348;4.398442591194977e-16
0.00351;4.696956453491618e-16
0.00354;5.015689057249999e-16
0.0035700000000000003;5.355955528386897e-16
0.0036;5.719144611541396e-16
0.00363;6.10672048914598e-16
0.00366;6.520224141498659e-16
0.00369;6.961274112505913e-16
0.00372;7.431566517702782e-16
0.0037500000000000003;7.932874097381524e-16
0.00378;8.46704407722927e-16
0.00381;9.035994550414482e-16
0.00384;9.641709036655354e-16
0.00387;1.0286228803571982e-15
0.0039000000000000003;1.097164245079955e-15
0.00393;1.1700072154629998e-15
0.00396;1.2473655846179773e-15
0.0039900000000000005;1.32945244442497e-15
0.00402;1.416477307793165e-15
0.00405;1.5086425005761183e-15
0.00408;1.6061386655531859e-15
0.00411;1.7091391858247461e-15
0.0041400000000000005;1.817793291033169e-15
0.00417;1.932217554426069e-15
0.0042;2.05248541834246e-15
0.00423;2.1786142950864187e-15
0.00426;2.3105496724903697e-15
0.00429;2.448145498424876e-15
0.00432;2.5911399113820056e-15
0.00435;2.7391251027200517e-15
0.00438;2.8915097062043807e-15
0.00441;3.047471558461537e-15
0.00444;3.205897873013183e-15
0.00447;3.3653086753227176e-15
0.0045000000000000005;3.523757504631489e-15
0.00453;3.678700444444203e-15
0.00456;3.826819634481924e-15
0.00459;3.963778817681112e-15
0.00462;4.083872512944906e-15
0.0046500000000000005;4.179498635917027e-15
0.00468;4.240315518293646e-15
0.00471;4.251777827313462e-15
0.00474;4.192281077072158e-15
0.00477;4.026549532824287e-15
0.0048000000000000004;3.685273995845567e-15
0.00483;2.9444945393891726e-15
0.00486;5.403042670795103e-12
0.00489;1.505616106138621e-11
0.00492;2.6562762703025324e-11
0.00495;4.026576957018982e-11
0.00498;5.65350437547035e-11
0.00501;7.579190448160795e-11
0.00504;9.852129179729502e-11
0.00507;1.2528319200608163e-10
0.0051;1.5672516392194386e-10
0.00513;1.9359664612951332e-10
0.0051600000000000005;2.3676551484952817e-10
0.00519;2.872373472481665e-10
0.00522;3.461778919471053e-10
0.00525;4.1493932586844897e-10
0.00528;4.950909771365561e-10
0.0053100000000000005;5.884553175239667e-10
0.00534;6.971501777409459e-10
0.00537;8.236383193634355e-10
0.0054;9.70785714424472e-10
0.00543;1.1419301453254082e-09
0.0054600000000000004;1.3409620532037376e-09
0.00549;1.572419943874406e-09
0.00552;1.841603121347215e-09
0.00555;2.1547050774366565e-09
0.00558;2.518971544087706e-09
0.00561;2.9428880399202692e-09
0.00564;3.4364027478982386e-09
0.0056700000000000006;4.01119178902503e-09
0.0057;4.680975459922489e-09
0.00573;5.46189584567404e-09
0.00576;6.372968485658195e-09
0.00579;7.436623562579775e-09
0.0058200000000000005;8.67935553385277e-09
0.00585;1.0132504394818914e-08
0.00588;1.1833197063593896e-08
0.00591;1.3825483973485897e-08
0.00594;1.616171418977176e-08
0.0059700000000000005;1.8904202666295916e-08
0.006;2.2127256181155435e-08
0.00603;2.5919640755830373e-08
0.00606;3.0387593895480174e-08
0.00609;3.5658510992551055e-08
0.0061200000000000004;4.188546827499837e-08
0.00615;4.925278680392347e-08
0.00618;5.798289591323908e-08
0.00621;6.834482368315403e-08
0.00624;8.066473122545067e-08
0.00627;9.533902296847004e-08
0.0063;1.128507150738407e-07
0.0063300000000000006;1.3378993976740986e-07
0.00636;1.5887971978010815e-07
0.00639;1.8900848469315462e-07
0.00642;2.252712476131642e-07
0.00645;2.690219544436598e-07
0.0064800000000000005;3.2194031173451664e-07
0.00651;3.8611746578425037e-07
0.00654;4.641663474565715e-07
0.00657;5.593644576975105e-07
0.0066;6.758395515150641e-07
0.0066300000000000005;8.188123736698599e-07
0.00666;9.949157254665195e-07
0.00669;1.2126163050904405e-06
0.00672;1.4827758512898136e-06
0.00675;1.8194024426614286e-06
0.0067800000000000004;2.2406633177859676e-06
0.00681;2.770260232839511e-06
0.006840000000000001;3.439311656075303e-06
0.00687;4.288949942558811e-06
0.0069;5.373936861226539e-06
0.00693;6.767744593459338e-06
0.00696;8.569769106180876e-06
0.0069900000000000006;1.0915683511182284e-05
0.00702;1.3992475115140324e-05
0.00705;1.8060567114737038e-05
0.00708;2.348682096921735e-05
0.00711;3.07945297631442e-05
0.0071400000000000005;4.074043358532198e-05
0.00717;5.443558593627894e-05
0.0072;7.353899365192302e-05
0.00723;0.00010057509192469758
0.00726;0.0001394679694561539
0.0072900000000000005;0.00019646731220593006
0.00732;0.0002818087155946278
0.00735;0.0004128104709236592
0.00738;0.0006199236924759353
0.00741;0.0009592253239322035
0.00744;0.0015400137790662863
0.00747;0.002591101869587049
0.007500000000000001;0.004638162054869161
0.00753;0.009051173121213948
0.00756;0.02010879153080386
0.00759;0.05548845998629491
0.00762;0.23001102089621356
0.0076500000000000005;0.9889330009266795
0.00768;0.3532831613942803
0.00771;0.1539767543442338
0.00774;0.0994921160439531
0.00777;0.0799580521948587
0.0078000000000000005;0.07399492022622461
0.00783;0.07611317699280197
0.00786;0.08565065235731362
0.00789;0.10495541034072949
0.00792;0.14056538987839878
0.00795;0.20793041010685395
0.007980000000000001;0.3436110767144502
0.00801;0.6178387319433963
0.00804;0.9646519934260201
0.00807;0.851732287492873
0.0081;0.5101995547560985
0.00813;0.30673920859951886
0.00816;0.2042696220956094
0.00819;0.1500889498858692
0.00822;0.1197162356961761
0.00825;0.10234446729807888
0.008280000000000001;0.09302347428506744
0.00831;0.08954461238305189
0.00834;0.09126878870737971
0.00837;0.09886768194147078
0.0084;0.11480910504503278
0.00843;0.1451820759367115
0.00846;0.20533777728763544
0.008490000000000001;0.33829224442779227
0.00852;0.657563524822506
0.00855;0.9894962768518708
0.00858;0.515954171228966
0.00861;0.2050998088856115
0.00864;0.09571540259919771
0.00867;0.051753382685342415
0.0087;0.03105264905911931
0.00873;0.02007237218485377
0.00876;0.01371421477492218
0.008790000000000001;0.009780153660268165
0.00882;0.007216963111893571
0.00885;0.005476465688238227
0.00888;0.004253909578416347
0.00891;0.003370544641511443
0.00894;0.002716768898139373
0.00897;0.002222822549933197
0.009000000000000001;0.001842867551513671
0.00903;0.0015459444200956064
0.00906;0.00131063471468133
0.00909;0.0011218039874547473
0.00912;0.0009685553576364906
0.00915;0.000842910078806687
0.00918;0.0007389370296536262
0.00921;0.0006521664097116972
0.00924;0.0005791874309046043
0.00927;0.0005173675610311069
0.009300000000000001;0.00046465355469131993
0.00933;0.00041942844491940667
0.00936;0.0003804074162783117
0.00939;0.0003465610767071085
0.00942;0.00031705828972655985
0.00945;0.00029122314058836345
0.00948;0.00026850223047925493
0.009510000000000001;0.0002484395969578142
0.00954;0.00023065732081019362
0.00957;0.00021484041184605034
0.009600000000000001;0.00020072494225689217
0.00963;0.00018808866472206796
0.00966;0.00017674354613034964
0.00969;0.00016652978878401006
0.00972;0.00015731101450757796
0.00975;0.0001489703637740672
0.00978;0.00014140731921172497
0.009810000000000001;0.00013453510590662125
0.00984;0.0001282785535289642
0.00987;0.00012257233017802933
0.0099;0.00011735947692655902
0.00993;0.00011259018678331926
0.00996;0.00010822078324012932
0.00999;0.00010421286251062066
0.01002;0.00010053257058952165
0.01005;9.714999180249009e-05
0.01008;9.403862991305367e-05
0.010110000000000001;9.117496635502376e-05
0.01014;8.853808296360398e-05
0.01017;8.610933883260382e-05
0.0102;8.387209274526542e-05
0.01023;8.181146410215422e-05
0.01026;7.991412646967811e-05
0.01029;7.816812885408229e-05
0.010320000000000001;7.656274060935416e-05
0.01035;7.508831654924698e-05
0.01038;7.373617937916515e-05
0.01041;7.249851701614955e-05
0.01044;7.13682927403271e-05
0.01047;7.033916643458561e-05
0.0105;6.94054254304804e-05
0.01053;6.85619236977507e-05
0.01056;6.780402829919516e-05
0.01059;6.712757218778132e-05
0.010620000000000001;6.652881255447512e-05
0.01065;6.600439404625419e-05
0.01068;6.555131626852614e-05
0.01071;6.516690506660327e-05
0.01074;6.484878714970257e-05
0.01077;6.459486767990285e-05
0.0108;6.440331049894893e-05
0.010830000000000001;6.42725207094413e-05
0.01086;6.420112936445748e-05
0.01089;6.418798005216833e-05
0.010920000000000001;6.42321171903044e-05
0.01095;6.433277586981678e-05
0.01098;6.448937310864066e-05
0.01101;6.470150039525002e-05
0.01104;6.496891741824317e-05
0.01107;6.529154689287445e-05
0.0111;6.566947040849109e-05
0.011130000000000001;6.610292523231848e-05
0.01116;6.659230201557352e-05
0.01119;6.713814335726624e-05
0.01122;6.774114318960602e-05
0.01125;6.840214695681914e-05
0.01128;6.912215256641559e-05
0.01131;6.990231209880163e-05
0.011340000000000001;7.074393426752844e-05
0.01137;7.16484876285932e-05
0.0114;7.261760454309079e-05
0.011430000000000001;7.365308590335659e-05
0.01146;7.475690663832229e-05
0.01149;7.593122201969766e-05
0.01152;7.717837479603869e-05
0.01155;7.850090318791863e-05
0.01158;7.990154978331063e-05
0.01161;8.138327137852541e-05
0.011640000000000001;8.29492498168367e-05
0.01167;8.460290388359039e-05
0.0117;8.634790232425895e-05
0.01173;8.81881780595868e-05
0.01176;9.012794368064842e-05
0.01179;9.217170831558356e-05
0.01182;9.432429596983629e-05
0.011850000000000001;9.659086545251814e-05
0.01188;9.897693201314236e-05
0.01191;0.00010148839082588735
0.011940000000000001;0.00010413154247261186
0.01197;0.00010691312059121107
0.012;0.00010984032187291716
0.01203;0.00011292083861089654
0.01206;0.00011616289402286201
0.01209;0.00011957528059346949
0.01212;0.00012316740170705562
0.012150000000000001;0.00012694931686982005
0.01218;0.00013093179085042165
0.01221;0.00013512634710319466
0.012240000000000001;0.0001395453258757693
0.01227;0.00014420194744532057
0.0123;0.00014911038097488574
0.01233;0.00015428581953383285
0.01236;0.00015974456188479346
0.01239;0.00016550410170558126
0.01242;0.00017158322498725978
0.012450000000000001;0.0001780021164315909
0.01248;0.00018478247576317675
0.01251;0.0001919476449741244
0.01254;0.00019952274763561682
0.01257;0.000207534841539267
0.0126;0.00021601308607894612
0.01263;0.000224988925947597
0.012660000000000001;0.00023449629290921896
0.01269;0.00024457182761763644
0.01272;0.0002552551236878603
0.012750000000000001;0.00026658899649792004
0.01278;0.000278619779500379
0.01281;0.0002913976511697741
0.01284;0.0003049769961039582
0.01287;0.00031941680424297657
0.0129;0.0003347811126790381
0.01293;0.0003511394951100243
0.012960000000000001;0.00036856760465162655
0.01299;0.0003871477764820484
0.01302;0.00040696969766089593
0.01305;0.0004281311524611134
0.01308;0.000450738852698703
0.01311;0.0004749093638615983
0.01314;0.000500770139361402
0.013170000000000001;0.0005284606769854213
0.0132;0.0005581338136592128
0.01323;0.0005899571769800596
0.013260000000000001;0.000624114814717518
0.01329;0.0006608090266518943
0.01332;0.0007002624268276223
0.01335;0.0007427202686151752
0.01338;0.000788453070041604
0.01341;0.0008377595827678907
0.01344;0.0008909701550636576
0.013470000000000001;0.0009484505473225728
0.0135;0.0010106062683348112
0.01353;0.0010778875119730193
0.013560000000000001;0.0011507947874999332
0.01359;0.0012298853528255969
0.01362;0.0013157805792107038
0.01365;0.0014091743988452312
0.013680000000000001;0.0015108430141483082
0.01371;0.0016216560805876689
0.01374;0.0017425896144540002
0.013770000000000001;0.0018747409249143265
0.0138;0.0020193459276499357
0.01383;0.0021777992678030126
0.01386;0.0023516777657930834
0.01389;0.00254276780447144
0.01392;0.0027530974047912864
0.01395;0.002984973895579706
0.013980000000000001;0.0032410282787065036
0.01401;0.0035242676335531546
0.01404;0.003838137206683689
0.014070000000000001;0.004186594209903953
0.0141;0.004574195823268764
0.01413;0.005006204495811213
0.01416;0.0054887143911744
0.014190000000000001;0.0060288037838371784
0.01422;0.0066347194350819035
0.01425;0.007316100546712377
0.014280000000000001;0.008084251911649682
0.01431;0.008952478496816045
0.01434;0.009936497096900306
0.01437;0.01105494514565001
0.0144;0.012330012613376986
0.01443;0.013788230628974172
0.01446;0.015461460685147336
0.014490000000000001;0.017388141894330477
0.01452;0.019614871951378263
0.01455;0.022198421849816956
0.014580000000000001;0.025208317175276322
0.01461;0.028730162878728253
0.01464;0.03286994761900061
0.01467;0.03775964283866462
0.0147;0.04356451628848859
0.01473;0.05049271527816728
0.01476;0.058807844536540047
0.014790000000000001;0.0688454616624579
0.01482;0.08103461174562498
0.01485;0.0959256411580569
0.01488;0.11422537184322219
0.01491;0.1368398400947815
0.01494;0.16492227599146494
0.01497;0.19991797208179402
0.015000000000000001;0.24358479271755654
0.01503;0.29794304963240736
0.01506;0.36506586397362184
0.015090000000000001;0.4465645141969478
0.01512;0.5425925788450697
0.01515;0.6503131885305751
0.01518;0.7622598557950157
0.01521;0.8659022067492029
0.01524;0.9461647259702056
0.01527;0.9909978409420508
0.015300000000000001;0.9966946167177259
0.01533;0.9687605142666814
0.01536;0.9180714424399379
0.015390000000000001;0.8559219386625461
0.01542;0.7910230336317301
0.01545;0.7288306228766435
0.01548;0.6721490778479243
0.015510000000000001;0.6220366582952254
0.01554;0.5785580469754413
0.01557;0.5412864365583233
0.015600000000000001;0.5095989009763899
0.01563;0.4828344399734081
0.01566;0.460370495836799
0.01569;0.44165454164930174
0.01572;0.4262124600732621
0.01575;0.4136458348749747
0.01578;0.40362461129272453
0.01581;0.39587840394830204
0.01584;0.3901880121152219
0.01587;0.38637780129637406
0.0159;0.38430915484484357
0.01593;0.3838749811626279
0.015960000000000002;0.3849951666153269
0.01599;0.38761283019023557
0.01602;0.3916912304376555
0.016050000000000002;0.39721118129283467
0.01608;0.40416884221977095
0.01611;0.41257375537910973
0.01614;0.4224470061316438
0.01617;0.4338193822948201
0.0162;0.44672940203716205
0.01623;0.46122107053187467
0.01626;0.4773412125244516
0.01629;0.49513621367395855
0.01632;0.5146479910414283
0.01635;0.5359090073385095
0.01638;0.5589361518460046
0.01641;0.5837233435395515
0.01644;0.6102327824086308
0.016470000000000002;0.6383848993564138
0.0165;0.6680472501971753
0.01653;0.6990228781643131
0.016560000000000002;0.7310390337319213
0.01659;0.7637375699568639
0.01662;0.7966687703631312
0.01665;0.8292907134173944
0.01668;0.8609763857007446
0.01671;0.8910304523005267
0.01674;0.9187167292401267
0.01677;0.9432959318641886
0.0168;0.9640713323244449
0.01683;0.9804379155077666
0.01686;0.9919290285296378
0.01689;0.9982539554010417
0.01692;0.9993206918250651
0.01695;0.9952404107093912
0.016980000000000002;0.9863131960475707
0.01701;0.9729977679856593
0.01704;0.9558703034784971
0.017070000000000002;0.9355785484182234
0.0171;0.9127971415131515
0.01713;0.8881887513752579
0.01716;0.8623737985828226
0.01719;0.8359097153275972
0.01722;0.8092792474882653
0.01725;0.7828863817937958
0.01728;0.757058067351169
0.01731;0.7320498800250648
0.01734;0.7080540031793728
0.01737;0.6852082377458595
0.0174;0.6636051132801167
0.01743;0.6433004929252153
0.01746;0.6243213234877631
0.017490000000000002;0.6066723724428423
0.01752;0.590341923584776
0.01755;0.5753064840428738
0.017580000000000002;0.5615346000730516
0.01761;0.5489898985465389
0.01764;0.5376334742909655
0.01767;0.5274257370003826
0.0177;0.5183278199045017
0.01773;0.5103026388098784
0.01776;0.5033156763466038
0.01779;0.497335553330425
0.01782;0.49233443759298945
0.01785;0.48828833061469706
0.01788;0.4851772637879881
0.01791;0.48298542900071223
0.01794;0.481701262265193
0.01797;0.48131749411304015
0.018000000000000002;0.48183117621125765
0.01803;0.48324368992020733
0.01806;0.48556073910681985
0.018090000000000002;0.48879232624877433
0.01812;0.4929527075234274
0.01815;0.49806031897015146
0.01818;0.5041376617380885
0.01821;0.5112111296641779
0.01824;0.519310756732067
0.01827;0.5284698550936463
0.0183;0.5387245060429194
0.01833;0.5501128563858718
0.01836;0.5626741608870754
0.01839;0.5764474978596242
0.01842;0.5914700697174526
0.01845;0.6077749840672354
0.01848;0.6253883949971902
0.018510000000000002;0.6443258709652926
0.01854;0.6645878489433051
0.01857;0.6861540401055113
0.018600000000000002;0.7089766788814563
0.01863;0.7329725661468396
0.01866;0.7580139632439732
0.018690000000000002;0.7839185627972055
0.01872;0.8104390102085143
0.01875;0.837252784666829
0.01878;0.8639536623875502
0.01881;0.890046439992609
0.01884;0.9149470108101987
0.01887;0.9379901260169405
0.0189;0.9584470521670961
0.01893;0.9755546584028487
0.01896;0.9885560893374423
0.01899;0.9967511223987594
0.019020000000000002;0.9995518505544517
0.01905;0.9965370446352843
0.01908;0.9874971957646055
0.019110000000000002;0.9724625126107129
0.01914;0.9517083452367036
0.01917;0.9257362828361366
0.019200000000000002;0.8952335686937144
0.01923;0.8610172544775541
0.01926;0.8239716528472117
0.01929;0.7849877234696455
0.01932;0.7449113227983429
0.01935;0.7045045240847445
0.01938;0.6644213473170644
0.01941;0.6251969040579032
0.01944;0.5872474875691623
0.01947;0.5508785303243982
0.0195;0.5162974135529401
0.019530000000000002;0.48362858252645385
0.01956;0.45292905818992796
0.01959;0.4242030713854959
0.019620000000000002;0.3974150859123814
0.01965;0.3725008854820055
0.01968;0.3493766793406662
0.019710000000000002;0.3279463528328941
0.01974;0.30810707933293086
0.01977;0.28975354424957284
0.0198;0.2727810309747543
0.01983;0.2570875981058658
0.01986;0.2425755475127025
0.01989;0.22915235050604416
0.01992;0.21673116834528122
0.01995;0.20523107556864198
0.01998;0.19457707090056262
0.02001;0.18469994085834332
0.02004;0.17553602532050824
0.02007;0.16702692175601935
0.0201;0.15911915501549587
0.020130000000000002;0.15176383204585042
0.02016;0.1449162951623089
0.02019;0.13853578320578738
0.020220000000000002;0.13258510671891732
0.02025;0.12703034092917365
0.02028;0.12184053863295635
0.02031;0.1169874638687994
0.02034;0.11244534642808608
0.02037;0.10819065668389197
0.0204;0.10420189985008974
0.02043;0.10045942855803734
0.02046;0.09694527251850912
0.02049;0.09364298398846378
0.02052;0.09053749776577098
0.02055;0.08761500447156742
0.02058;0.08486283593835388
0.02061;0.082269361593259
0.020640000000000002;0.07982389480352486
0.02067;0.07751660823189534
0.0207;0.07533845732862776
0.020730000000000002;0.07328111116380118
0.02076;0.07133688987647215
0.02079;0.06949870808544215
0.02082;0.06776002366968475
0.02085;0.06611479138443875
0.02088;0.06455742083247079
0.02091;0.06308273835803291
0.02094;0.06168595247506851
0.02097;0.06036262248071754
0.021;0.059108629940881105
0.02103;0.05792015276652353
0.02106;0.05679364162857708
0.02109;0.055725798484694646
0.02112;0.05471355701463076
0.021150000000000002;0.05375406478158547
0.02118;0.05284466695553106
0.02121;0.05198289145107112
0.021240000000000002;0.05116643534740477
0.02127;0.050393152471151455
0.0213;0.04966104203483377
0.021330000000000002;0.048968238234414
0.02136;0.04831300071894096
0.02139;0.04769370585384317
0.02142;0.04710883870711885
0.02145;0.04655698569462316
0.02148;0.046036827826756825
0.02151;0.045547134504465715
0.02154;0.04508675781744031
0.02157;0.04465462730186158
0.0216;0.044249745119141086
0.02163;0.04387118162066497
0.021660000000000002;0.04351807126689328
0.02169;0.04318960887203745
0.02172;0.042885046148311755
0.021750000000000002;0.04260368852605907
0.02178;0.042344892228300325
0.02181;0.04210806158016945
0.021840000000000002;0.041892646535547
0.02187;0.04169814040474782
0.0219;0.04152407776866347
0.02193;0.041370032566001275
0.02196;0.04123561634159746
0.02199;0.041120476644749784
0.02202;0.04102429556765212
0.02205;0.04094678841482671
0.02208;0.040887702495371256
0.02211;0.040846816030567064
0.02214;0.0408239371701022
0.022170000000000002;0.040818903110853025
0.0222;0.040831579312701184
0.02223;0.04086185880649103
0.022260000000000002;0.04090966158967912
0.02229;0.04097493410574375
0.02232;0.041057648803855595
0.022350000000000002;0.04115780377569558
0.02238;0.0412754224667443
0.02241;0.04141055345965984
0.02244;0.04156327032778496
0.02247;0.04173367155704674
0.0225;0.041921880534930574
0.02253;0.042128045605390976
0.02256;0.042352340188926724
0.02259;0.0425949629672748
0.02262;0.04285613813243989
0.02265;0.043136115700043595
0.022680000000000002;0.043435171887198955
0.02271;0.04375360955540119
0.02274;0.044091758719109975
0.022770000000000002;0.0444499771209624
0.0228;0.04482865087481089
0.02283;0.045228195177953456
0.022860000000000002;0.04564905509423752
0.02289;0.04609170640988803
0.02292;0.04655665656419065
0.02295;0.047044445657374756
0.02298;0.04755564753836492
0.02301;0.04809087097520784
0.02304;0.04865076091139024
0.02307;0.04923599981149154
0.0231;0.04984730909996134
0.02313;0.050485450697373
0.02316;0.05115122865897859
0.023190000000000002;0.05184549092177194
0.02322;0.05256913116837289
0.02325;0.05332309082159915
0.023280000000000002;0.05410836119720646
0.02331;0.05492598588127512
0.02334;0.05577706352081671
0.023370000000000002;0.05666275164500796
0.0234;0.057584273870602234
0.02343;0.05854294127711561
0.02346;0.05954025135234817
0.02349;0.06057860803373014
0.02352;0.06167206843903191
0.02355;0.06607145059382839
0.02358;0.06469320551566982
0.02361;0.10427557906045057
0.02364;0.06728551783194403
0.02367;0.08248874588762402
0.023700000000000002;0.0691306687948732
0.02373;0.07050465026044042
0.02376;0.07197333537291158
0.023790000000000002;0.0735031976900851
0.02382;0.07509442999630445
0.02385;0.0767492482875209
0.023880000000000002;0.07847025198142939
0.02391;0.08026022684419687
0.02394;0.08212211344100502
0.02397;0.08405900481085403
0.024;0.08607415106995159
0.02403;0.08817096616581953
0.02406;0.09035303554214957
0.02409;0.09262412434270423
0.02412;0.0949881860271194
0.02415;0.09744937134804905
0.02418;0.1000120376635778
0.02421;0.10268075856474278
0.02424;0.10546033379787735
0.02427;0.10835579945677563
0.024300000000000002;0.11137243841405622
0.02433;0.11451579095281747
0.02436;0.11779166555065779
0.024390000000000002;0.12120614975707178
0.02442;0.12476562109260989
0.02445;0.12847675788346039
0.024480000000000002;0.13234654992849995
0.02451;0.13638230887655867
0.02454;0.14059167817021537
0.02457;0.14498264238713068
0.0246;0.1495635357828507
0.02463;0.15434304980708832
0.02466;0.1593302393305062
0.02469;0.16453452728033807
0.02472;0.16996570733907243
0.02475;0.1756339443131849
0.02478;0.18154977172612508
0.024810000000000002;0.18772408613278652
0.02484;0.19416813759069154
0.02487;0.20089351565753602
0.024900000000000002;0.2079121302140703
0.02493;0.21523618633897987
0.02496;0.22287815238665207
0.024990000000000002;0.2308507203426367
0.02502;0.2391667574579225
0.02505;0.2478392480909582
0.02508;0.25688122462501334
0.02511;0.2663056862735213
0.02514;0.2761255045522783
0.02517;0.2863533141818515
0.0252;0.2970013881997052
0.02523;0.30808149611371777
0.02526;0.3196047440276977
0.02529;0.331581395826751
0.025320000000000002;0.34402067473305475
0.02535;0.35693054484772757
0.02538;0.370317472688292
0.025410000000000002;0.38418616922976506
0.02544;0.3985393135663725
0.02547;0.4133772600390933
0.025500000000000002;0.4286977315245591
0.02553;0.4444955025502069
0.02556;0.46076207697831945
0.02559;0.47748536617197357
0.02562;0.49464937478035065
0.02565;0.5122339025299244
0.02568;0.530214271609012
0.02571;0.5485610903295843
0.02574;0.5672400646500716
0.02577;0.5862118697538177
0.0258;0.6054320941009248
0.025830000000000002;0.6248512681027625
0.02586;0.6444149887155476
0.02589;0.6640641497339888
0.025920000000000002;0.6837352853426424
0.02595;0.70336103153707
0.02598;0.7228707064041284
0.026010000000000002;0.7421910060370704
0.02604;0.7612468082260992
0.02607;0.7799620712077179
0.0261;0.7982608099474875
0.02613;0.8160681279701626
0.02616;0.8333112789353724
0.02619;0.849920729301548
0.02622;0.865831191761711
0.02625;0.8809825988728047
0.02628;0.8953209875203788
0.02631;0.9087992675595761
0.026340000000000002;0.9213778520266109
0.02637;0.9330251314968097
0.0264;0.9437177811694132
0.026430000000000002;0.9534408957146978
0.02646;0.9621879534308565
0.02649;0.9699606174432778
0.026520000000000002;0.9767683871919902
0.02655;0.9826281180186073
0.02658;0.9875634300939697
0.02661;0.9916040301250063
0.02664;0.9947849702416287
0.02667;0.9971458682707163
0.0267;0.9987301123999984
0.02673;0.9995840712095065
0.02676;0.9997563274169621
0.02679;0.9992969506667817
0.02682;0.9982568214960869
0.026850000000000002;0.9966870154197047
0.02688;0.9946382530389772
0.02691;0.9921604193102742
0.026940000000000002;0.9893021526859488
0.02697;0.9861105028055819
0.027;0.9826306537838212
0.027030000000000002;0.9789057089008797
0.02706;0.9749765316296116
0.02709;0.9708816373837501
0.027120000000000002;0.966657130105463
0.02715;0.9623366777736804
0.02718;0.9579515210609261
0.02721;0.9535305096526854
0.02724;0.9491001611252623
0.02727;0.9446847377253578
0.0273;0.9403063368744052
0.02733;0.9359849917126033
0.027360000000000002;0.9317387784812371
0.02739;0.9275839280054462
0.02742;0.923534938972904
0.027450000000000002;0.9196046911020068
0.02748;0.9158045566510071
0.02751;0.912144509038584
0.027540000000000002;0.9086332276249671
0.02757;0.9052781979434935
0.0276;0.9020858068784648
0.027630000000000002;0.8990614324578623
0.02766;0.8962095280734019
0.02769;0.8935337010582265
0.02772;0.8910367856473681
0.02775;0.8887209104215663
0.02778;0.8865875603929775
0.02781;0.8846376339353704
0.02784;0.8828714947936055
0.027870000000000002;0.8812890194285689
0.0279;0.8798896399682914
0.02793;0.8786723830426316
0.027960000000000002;0.8776359047814157
0.02799;0.8767785222536351
0.02802;0.8760982416203263
0.028050000000000002;0.875592783266249
0.02808;0.8752596041663009
0.02811;0.8750959177325038
0.028140000000000002;0.8750987113763702
0.02817;0.8752647620101993
0.0282;0.8755906496994932
0.02823;0.8760727696673934
0.02826;0.8767073428410967
0.02829;0.8774904251195464
0.02832;0.8784179155313288
0.02835;0.8794855634422469
0.028380000000000002;0.8806889749624336
0.02841;0.8820236186942011
0.02844;0.8834848309533966
0.028470000000000002;0.8850678205889626
0.0285;0.8867676735178092
0.02853;0.8885793570846353
0.028560000000000002;0.890497724349372
0.02859;0.892517518397773
0.02862;0.8946333767640976
0.028650000000000002;0.8968398360478086
0.02868;0.8991313367997343
0.02871;0.9015022287461927
0.02874;0.903946776412769
0.02877;0.9064591652025376
0.0288;0.9090335079761857
0.02883;0.9116638521744441
0.02886;0.9143441875155444
0.02889;0.9170684542926855
0.02892;0.9198305522888596
0.02895;0.9226243503177901
0.028980000000000002;0.9254436963922696
0.02901;0.9282824285118112
0.02904;0.931134386054096
0.029070000000000002;0.9339934217455559
0.0291;0.9368534141781392
0.02913;0.9397082808313983
0.029160000000000002;0.9425519915502868
0.02919;0.9453785824218546
0.02922;0.9481821699862004
0.02925;0.9509569657103056
0.02928;0.9536972906469458
0.02931;0.9563975901949741
0.02934;0.959052448872822
0.02937;0.961656605012357
0.0294;0.9642049652776018
0.02943;0.966692618910318
0.02946;0.9691148516035697
0.029490000000000002;0.9714671589042062
0.02952;0.973745259046647
0.02955;0.9759451051221718
0.029580000000000002;0.9780628964918274
0.02961;0.9800950893552705
0.02964;0.9820384063937191
0.029670000000000002;0.9838898454115399
0.0297;0.9856466869088726
0.02973;0.9873065005259406
0.02976;0.9888671503087866
0.02979;0.9903267987561445
0.02982;0.9916839096171453
0.02985;0.992937249420339
0.02988;0.9940858877251411
0.02991;0.995129196097717
0.02994;0.9960668458240598
0.02997;0.9968988043832265
0.030000000000000002;0.9976253307141755
0.03003;0.998246969318936
0.03006;0.9987645432537623
0.030090000000000002;0.9991791460682784
0.03012;0.9994921327598081
0.03015;0.9997051098166579
0.030180000000000002;0.9998199244295238
0.03021;0.9998386529546964
0.03024;0.9997635887162497
0.030270000000000002;0.9995972292367344
0.0303;0.999342262987387
0.03033;0.9990015557492097
0.03036;0.9985781366758213
0.03039;0.9980751841474483
0.03042;0.997496011503206
0.03045;0.9968440527358092
0.03048;0.9961228482290698
0.030510000000000002;0.995336030614305
0.03054;0.9944873108169455
0.03057;0.9935804643593015
0.030600000000000002;0.9926193179801224
0.03063;0.9916077366255719
0.03066;0.990549610860411
0.030690000000000002;0.9894488447421228
0.03072;0.9883093441948062
0.03075;0.987135005913605
0.030780000000000002;0.9859297068247138
0.03081;0.9846972941204414
0.03084;0.9834415758833422
0.03087;0.9821663123084675
0.0309;0.9808752075279408
0.03093;0.9795719020376967
0.03096;0.9782599657220302
0.03099;0.9769428914681035
0.031020000000000002;0.9756240893590564
0.03105;0.9743068814315343
0.03108;0.9729944969807242
0.031110000000000002;0.9716900683940664
0.03114;0.9703966274926266
0.03117;0.9691171023578204
0.031200000000000002;0.9678543146199502
0.03123;0.966610977183993
0.03126;0.9653896923677504
0.03129;0.9641929504267724
0.03132;0.9630231284406631
0.03135;0.9618824895352905
0.03138;0.9607731824158124
0.03141;0.9596972411858519
0.03144;0.9586565854288688
0.03147;0.957653020528299
0.0315;0.9566882382042373
0.03153;0.9557638172450542
0.03156;0.9548812244135615
0.03159;0.954041815508384
0.03162;0.9532468365622615
0.03165;0.9524974251602988
0.03168;0.9517946118621716
0.03171;0.9511393217136815
0.03174;0.9505323758340712
0.03177;0.9499744930668181
0.0318;0.9494662916826975
0.031830000000000004;0.9490082911250776
0.03186;0.9486009137884654
0.03189;0.9482444868225287
0.031920000000000004;0.9479392439546358
0.03195;0.947685327325196
0.03198;0.9474827893307433
0.032010000000000004;0.9473315944710047
0.03204;0.9472316211965571
0.03207;0.9471826637549147
0.032100000000000004;0.9471844340334347
0.03213;0.9472365633981451
0.03216;0.9473386045283297
0.03219;0.9474900332472233
0.03222;0.9476902503498208
0.03225;0.9479385834292511
0.03228;0.948234288703569
0.03231;0.948576552845435
0.03234;0.9489644948172136
0.03237;0.9493971677145832
0.0324;0.9498735606218826
0.03243;0.950392600482651
0.03246;0.9509531539890453
0.03249;0.9515540294938197
0.03252;0.9521939789487767
0.03255;0.9528716998734775
0.03258;0.953585837358111
0.03261;0.9543349861042779
0.03264;0.9551176925073553
0.03267;0.9559324567840158
0.0327;0.9567777351482103
0.03273;0.9576519420387315
0.03276;0.9585534524012403
0.03279;0.959480604027234
0.03282;0.9604316999522274
0.032850000000000004;0.961405010914914
0.03288;0.962398777878705
0.03291;0.963411214616686
0.032940000000000004;0.9644405103603867
0.03297;0.965484832512421
0.033;0.9665423294224613
0.033030000000000004;0.9676111332254488
0.03306;0.9686893627404454
0.03309;0.9697751264278818
0.033120000000000004;0.9708665254024644
0.03315;0.9719616564982894
0.03318;0.9730586153822752
0.03321;0.9741554997112369
0.03324;0.9752504123275999
0.03327;0.9763414644878315
0.0333;0.9774267791175173
0.03333;0.9785044940861034
0.03336;0.9795727654940243
0.03339;0.9806297709643805
0.03342;0.9816737129309854
0.03345;0.9827028219139263
0.03348;0.9837153597737769
0.03351;0.9847096229350023
0.03354;0.9856839455689288
0.03357;0.9866367027265173
0.0336;0.9875663134108049
0.03363;0.9884712435790941
0.03366;0.9893500090646441
0.03369;0.9902011784078524
0.03372;0.9910233755869385
0.03375;0.9918152826383037
0.03378;0.9925756421570151
0.03381;0.9933032596681541
0.03384;0.9939970058601071
0.033870000000000004;0.9946558186713755
0.0339;0.9952787052228668
0.03393;0.9958647435883283
0.033960000000000004;0.9964130843960711
0.03399;0.9969229522558414
0.03402;0.9973936470053958
0.034050000000000004;0.9978245447720651
0.03408;0.9982150988454711
0.03411;0.9985648403581456
0.034140000000000004;0.9988733787719324
0.03417;0.9991404021686712
0.0342;0.9993656773446322
0.034230000000000003;0.9995490497090392
0.03426;0.9996904429878201
0.03429;0.9997898587346645
0.03432;0.9998473756522621
0.03435;0.9998631487274027
0.03438;0.9998374081844326
0.03441;0.9997704582623544
0.03444;0.9996626758214634
0.03447;0.9995145087862521
0.0345;0.9993264744317825
0.03453;0.999099157521419
0.03456;0.998833208304256
0.03459;0.998529340381134
0.03462;0.9981883284483659
0.03465;0.997811005928877
0.03468;0.997398262500542
0.03471;0.9969510415318013
0.03474;0.9964703374348146
0.03477;0.9959571929464113
0.0348;0.9954126963472743
0.03483;0.9948379786296884
0.03486;0.9942342106239903
0.034890000000000004;0.9936026000940186
0.03492;0.9929443888114199
0.03495;0.9922608496185471
0.034980000000000004;0.9915532834894867
0.03501;0.9908230165983436
0.03504;0.990071397403725
0.035070000000000004;0.9892997937579396
0.0351;0.9885095900491978
0.03513;0.9877021843846836
0.035160000000000004;0.9868789858221346
0.03519;0.9860414116573585
0.03522;0.9851908847748635
0.035250000000000004;0.9843288310688606
0.03528;0.9834566769419282
0.03531;0.982575846889209
0.03534;0.9816877611768051
0.03537;0.9807938336243937
0.0354;0.9798954695046722
0.03543;0.9789940635759048
0.03546;0.9780909982697874
0.03549;0.977187642066167
0.03552;0.9762853481005525
0.03555;0.9753854530735407
0.03558;0.9744892765678387
0.03561;0.9735981209385215
0.03564;0.9727132720408798
0.03567;0.9718360012269004
0.0357;0.9709675693291081
0.03573;0.9701092338588295
0.03576;0.9692622615714628
0.03579;0.9684279502882015
0.03582;0.9676076672435565
0.03585;0.9668029180755826
0.03588;0.9660154751111701
0.03591;0.9652476261705087
0.03594;0.9645026829138325
0.03597;0.963786088365735
0.036000000000000004;0.9631080314149167
0.03603;0.9624902869585366
0.03606;0.9619867356897478
0.036090000000000004;0.9617580150377736
0.03612;0.9624372539652629
0.03615;0.9682230354981308
0.036180000000000004;1.1219096283580425
0.03621;1.0134223364159258
0.03624;0.9711611960697859
0.036270000000000004;0.9649826563612565
0.0363;0.962966936463363
0.03633;0.962362783200483
0.03636;0.9627939606765001
0.03639;0.9647414456939072
0.03642;0.9703026104912826
0.03645;0.9893801818450448
0.03648;1.1232579214285374
0.03651;1.470903530009092
0.03654;1.0113818758192148
0.03657;0.9743250035398925
0.0366;0.9648704609980816
0.03663;0.9612313978851854
0.03666;0.9596577129326992
0.03669;0.9591921451659855
0.03672;0.9597439163882429
0.03675;0.9621064940093262
0.03678;0.9708005729636616
0.03681;1.0501442509995333
0.03684;1.0642433454964262
0.03687;0.9623762203757961
0.0369;0.9557220677518211
0.03693;0.9542735455276766
0.03696;0.9538647484590416
0.03699;0.9537924679267641
0.037020000000000004;0.9538672030613219
0.03705;0.954022920338847
0.03708;0.954232381197336
0.037110000000000004;0.9544828550311806
0.03714;0.9547677463029383
0.03717;0.9550833012072258
0.037200000000000004;0.9554271763844436
0.03723;0.9557977661633507
0.03726;0.9561938656919972
0.037290000000000004;0.9566144932543731
0.03732;0.9570587924124728
0.03735;0.9575259761390196
0.037380000000000004;0.958015293966563
0.03741;0.958526012213519
0.03744;0.9590574018792433
0.03747;0.9596087311662785
0.0375;0.9601792608655294
0.03753;0.9607682415604372
0.03756;0.9613749120033059
0.03759;0.9619984982738352
0.03762;0.9626382134626137
0.03765;0.963293257717772
0.03768;0.9639628185472269
0.03771;0.9646460713047901
0.03774;0.9653421798114483
0.03777;0.9660502970783915
0.0378;0.9667695661082827
0.03783;0.9674991207582766
0.03786;0.9682380866527056
0.03789;0.9689855821366319
0.03792;0.9697407192635591
0.03795;0.9705026048122529
0.03798;0.9712703413284868
0.03801;0.9720430281883738
0.038040000000000004;0.9728197626804557
0.03807;0.973599641103931
0.0381;0.9743817598807736
0.038130000000000004;0.9751652166795723
0.03816;0.975949111548963
0.03819;0.9767325480586221
0.038220000000000004;0.9775146344458292
0.03825;0.9782944847654694
0.03828;0.9790712200414703
0.038310000000000004;0.979843969417555
0.03834;0.9806118713051244
0.03837;0.9813740745261457
0.038400000000000004;0.9821297394488339
0.03843;0.9828780391137806
0.03846;0.9836181603483422
0.03849;0.9843493048669261
0.03852;0.9850706903548324
0.03855;0.9857815515333403
0.03858;0.9864811412036202
0.03861;0.9871687312672274
0.03864;0.9878436137206187
0.03867;0.9885051016218388
0.0387;0.9891525300264029
0.03873;0.989785256890806
0.03876;0.9904026639410162
0.03879;0.9910041575040676
0.03882;0.9915891693005309
0.03885;0.9921571571960212
0.03888;0.9927076059097106
0.03891;0.9932400276781804
0.03894;0.9937539628728421
0.03897;0.994248980569393
0.039;0.9947246790678633
0.03903;0.9951806863618734
0.039060000000000004;0.995616660556072
0.03909;0.9960322902305012
0.03912;0.9964272947512055
0.039150000000000004;0.9968014245262128
0.03918;0.9971544612063852
0.03921;0.9974862178306589
0.039240000000000004;0.9977965389154553
0.03927;0.9980853004881514
0.0393;0.9983524100646838
0.039330000000000004;0.9985978065715002
0.03936;0.9988214602122704
0.03939;0.9990233722798825
0.039420000000000004;0.9992035749144632
0.03945;0.9993621308082632
0.03948;0.9994991328584047
0.03951;0.9996147037686892
0.03954;0.9997089956017229
0.03957;0.9997821892827774
0.0396;0.9998344940569933
0.03963;0.9998661469014875
0.03966;0.9998774118942784
0.03969;0.9998685795418103
0.03972;0.9998399660670102
0.03975;0.9997919126601083
0.03978;0.9997247846941444
0.03981;0.9996389709074863
0.03984;0.9995348825555584
0.03987;0.999412952534065
0.0399;0.9992736344760887
0.03993;0.9991174018253602
0.03996;0.9989447468880821
0.03999;0.9987561798657413
0.04002;0.9985522278712277
0.04005;0.9983334339306086
0.04008;0.9981003559730175
0.04011;0.9978535658108295
0.04014;0.9975936481125315
0.040170000000000004;0.9973211993704671
0.0402;0.9970368268656565
0.04023;0.9967411476318662
0.040260000000000004;0.9964347874209423
0.04029;0.9961183796714912
0.04032;0.9957925644827759
0.040350000000000004;0.9954579875957585
0.04038;0.995115299382998
0.04041;0.9947651538491672
0.040440000000000004;0.994408207643757
0.04047;0.9940451190875212
0.0405;0.9936765472140767
0.040530000000000004;0.993303150827996
0.04056;0.9929255875806811
0.04059;0.9925445130651295
0.04062;0.9921605799306807
0.04065;0.9917744370187329
0.04068;0.9913867285202781
0.04071;0.990998093156083
0.04074;0.9906091633801976
0.04077;0.9902205646074312
0.0408;0.9898329144653446
0.04083;0.9894468220711555
0.04086;0.9890628873340458
0.04089;0.9886817002830516
0.04092;0.9883038404208652
0.04095;0.9879298761036855
0.04098;0.987560363947198
0.04101;0.9871958482587415
0.04104;0.9868368604956644
0.04107;0.9864839187497739
0.0411;0.9861375272577543
0.04113;0.9857981759374271
0.04116;0.9854663399495843
0.041190000000000004;0.9851424792852341
0.04122;0.984827038377891
0.04125;0.984520445740637
0.041280000000000004;0.9842231136276568
0.04131;0.9839354377197711
0.04134;0.9836577968337217
0.041370000000000004;0.9833905526547021
0.0414;0.9831340494917479
0.04143;0.9828886140555849
0.041460000000000004;0.9826545552584435
0.04149;0.9824321640354519
0.04152;0.9822217131870893
0.041550000000000004;0.9820234572423249
0.04158;0.9818376323419019
0.04161;0.9816644561413777
0.04164;0.9815041277334104
0.04167;0.9813568275888948
0.0417;0.9812227175164175
0.04173;0.9811019406396299
0.04176;0.9809946213920576
0.04179;0.9809008655288634
0.04182;0.9808207601550999
0.04185;0.980754373769949
0.04188;0.9807017563263934
0.04191;0.9806629393057421
0.04194;0.9806379358063919
0.04197;0.9806267406460281
0.042;0.9806293304763629
0.04203;0.9806456639093487
0.04206;0.9806756816533521
0.04209;0.9807193066574654
0.04212;0.9807764442612701
0.04215;0.9808469823464638
0.04218;0.980930791484878
0.042210000000000004;0.9810277250749736
0.04224;0.9811376194543501
0.04227;0.9812602939683541
0.042300000000000004;0.981395550962123
0.04233;0.9815431756386718
0.04236;0.9817029356799657
0.042390000000000004;0.9818745804304393
0.04242;0.9820578392272128
0.04245;0.9822524179261523
0.042480000000000004;0.9824579911590281
0.04251;0.982674182680427
0.04254;0.9829005023665489
0.042570000000000004;0.9831360105162285
0.0426;0.9995899194292813
0.04263;0.9995272565915477
0.042660000000000003;0.9994723348690681
0.04269;0.9994203822732649
0.04272;0.999370207867114
0.04275;0.9993213346207405
0.04278;0.9992735362485433
0.04281;0.9992266976769377
0.04284;0.9991807600487067
0.04287;0.9991356953136137
0.0429;0.9990914931741679
0.04293;0.9990481538513808
0.04296;0.9990056838439649
0.04299;0.9989640933339664
0.04302;0.9989233945470829
0.04305;0.9988836006904852
0.04308;0.9988447252523972
0.04311;0.9988067815348138
0.04314;0.9987697823401454
0.04317;0.9987337397615432
0.0432;0.998698665044185
0.043230000000000005;0.9986645684958618
0.04326;0.9986314594321731
0.04329;0.9985993461462044
0.043320000000000004;0.9985682358956871
0.04335;0.9985381349026631
0.04338;0.9985090483620624
0.043410000000000004;0.9984809804567399
0.04344;0.9984539343770229
0.04347;0.9984279123434813
0.043500000000000004;0.9984029156319119
0.04353;0.9983789445997966
0.04356;0.9983559987137094
0.043590000000000004;0.9983340765772951
0.04362;0.9983131759594385
0.04365;0.99829329382258
0.043680000000000004;0.9982744263508058
0.04371;0.9982565689777412
0.04374;0.9982397164141561
0.04377;0.9982238626751739
0.0438;0.9982090011070753
0.04383;0.9981951244134872
0.04386;0.9981822246815502
0.04389;0.9981702934070822
0.04392;0.9981593215196584
0.04395;0.9981492994070182
0.04398;0.9981402169390988
0.04401;0.9981320634915586
0.04404;0.9981248279688605
0.04407;0.9981184988269086
0.0441;0.9981130640952282
0.04413;0.9981085113987392
0.04416;0.9981048279790617
0.04419;0.998102000715451
0.04422;0.9981000161453139
0.04425;0.9980988604842815
0.04428;0.9980985196459515
0.04431;0.9980989792611932
0.044340000000000004;0.9981002246971066
0.04437;0.9981022410755805
0.0444;0.9981050132915071
0.044430000000000004;0.9981085260306153
0.04446;0.9981127637869521
0.04449;0.9981177108800204
0.044520000000000004;0.998123351471556
0.04455;0.9981296695819827
0.04458;0.9981366491065014
0.044610000000000004;0.9981442738308703
0.04464;0.9981525274468319
0.04467;0.9981613935672587
0.044700000000000004;0.9981708557409124
0.04473;0.9981808974669423
0.04476;0.9981915022090487
0.04479;0.9982026534093404
0.04482;0.9982143345018789
0.04485;0.9982265289259417
0.04488;0.9982392201389682
0.04491;0.998252391629244
0.04494;0.998266026928272
0.04497;0.9982801096228782
