1e-20;2.958933835428406e-54
5.500000000000001e-05;3.023016605754163e-54
0.00011000000000000002;3.088502132026382e-54
0.000165;3.155421447973692e-54
0.00022;3.2238062811871515e-54
0.000275;3.293689068797333e-54
0.00033;3.365102973509861e-54
0.00038500000000000003;3.438081900007007e-54
0.00044;3.512660511724886e-54
0.000495;3.588874248011076e-54
0.00055;3.666759341678574e-54
0.0006050000000000001;3.7463528369570783e-54
0.00066;3.827692607857703e-54
0.000715;3.910817376955825e-54
0.0007700000000000001;3.995766734603611e-54
0.000825;4.0825811585838456e-54
0.00088;4.1713020342118223e-54
0.0009350000000000001;4.2619716748971956e-54
0.00099;4.3546333431790576e-54
0.0010450000000000001;4.449331272238713e-54
0.0011;4.5461106879113974e-54
0.001155;4.645017831192988e-54
0.0012100000000000001;4.7460999812736006e-54
0.001265;4.849405479089571e-54
0.00132;4.9549837514223577e-54
0.0013750000000000001;5.062885335545831e-54
0.00143;5.1731619044399296e-54
0.001485;5.285866292584549e-54
0.0015400000000000001;5.401052522344006e-54
0.001595;5.518775830956472e-54
0.00165;5.63909269814427e-54
0.0017050000000000001;5.762060874358497e-54
0.00176;5.887739409671737e-54
0.001815;6.016188683334156e-54
0.0018700000000000001;6.147470434010677e-54
0.001925;6.281647790710267e-54
0.00198;6.418785304432073e-54
0.002035;6.558948980529608e-54
0.0020900000000000003;6.702206311831157e-54
0.002145;6.84862631251331e-54
0.0022;6.99827955275789e-54
0.002255;7.151238194206542e-54
0.00231;7.307576026231313e-54
0.002365;7.467368503038296e-54
0.0024200000000000003;7.630692781632003e-54
0.002475;7.797627760647961e-54
0.00253;7.96825412008474e-54
0.002585;8.142654361948127e-54
0.00264;8.320912851837631e-54
0.002695;8.503115861486296e-54
0.0027500000000000003;8.689351612286746e-54
0.002805;8.879710319818473e-54
0.00286;9.074284239404572e-54
0.002915;9.273167712720164e-54
0.00297;9.476457215474404e-54
0.003025;9.684251406197863e-54
0.0030800000000000003;9.896651176154033e-54
0.003135;1.0113759700406673e-53
0.00319;1.0335682490063819e-53
0.003245;1.0562527445732456e-53
0.0033;1.079440491220917e-53
0.003355;1.103142773443743e-53
0.0034100000000000003;1.1273711314750877e-53
0.003465;1.1521373671454709e-53
0.00352;1.177453549875049e-53
0.003575;1.2033320228059596e-53
0.00363;1.2297854090754682e-53
0.0036850000000000003;1.2568266182354517e-53
0.0037400000000000003;1.28446885282e-53
0.003795;1.312725615065673e-53
0.00385;1.3416107137870372e-53
0.003905;1.3711382714118437e-53
0.00396;1.401322731179539e-53
0.004015;1.4321788645065514e-53
0.00407;1.4637217785222585e-53
0.004125;1.495966923780406e-53
0.0041800000000000006;1.5289301021487818e-53
0.004235;1.5626274748831257e-53
0.00429;1.5970755708872124e-53
0.004345;1.6322912951659315e-53
0.0044;1.668291937474193e-53
0.004455;1.705095181167182e-53
0.00451;1.7427191122558451e-53
0.0045650000000000005;1.7811822286734615e-53
0.00462;1.8205034497575722e-53
0.004675;1.8607021259523384e-53
0.00473;1.9017980487367274e-53
0.004785;1.943811460783752e-53
0.0048400000000000006;1.9867630663561636e-53
0.004895;2.0306740419449723e-53
0.00495;2.0755660471539366e-53
0.005005;2.121461235839585e-53
0.00506;2.168382267509673e-53
0.005115;2.216352318988062e-53
0.00517;2.265395096350316e-53
0.0052250000000000005;2.3155348471390237e-53
0.00528;2.366796372863088e-53
0.005335;2.419205041789691e-53
0.00539;2.4727868020327643e-53
0.005445;2.5275681949494687e-53
0.0055000000000000005;2.5835763688471867e-53
0.005555;2.6408390930127956e-53
0.00561;2.699384772067312e-53
0.005665;2.7592424606578186e-53
0.00572;2.8204418784912327e-53
0.005775000000000001;2.8830134257214656e-53
0.00583;2.946988198693993e-53
0.0058850000000000005;3.0123980060602456e-53
0.00594;3.0792753852683e-53
0.005995;3.1476536194402513e-53
0.00605;3.217566754642147e-53
0.006105;3.289049617562251e-53
0.0061600000000000005;3.3621378335996706e-53
0.006215;3.4368678453773843e-53
0.00627;3.513276931690697e-53
0.006325;3.5914032268979902e-53
0.00638;3.67128574076564e-53
0.006435000000000001;3.752964378780195e-53
0.00649;3.836479962935103e-53
0.0065450000000000005;3.9218742530046372e-53
0.0066;4.0091899683188923e-53
0.006655;4.0984708100482296e-53
0.00671;4.189761484010794e-53
0.006765;4.283107724016773e-53
0.0068200000000000005;4.378556315757765e-53
0.006875;4.476155121262053e-53
0.00693;4.575953103921363e-53
0.006985;4.678000354103296e-53
0.00704;4.782348115373101e-53
0.007095000000000001;4.889048811323374e-53
0.00715;4.9981560730427e-53
0.0072050000000000005;5.109724767224231e-53
0.00726;5.223811024938243e-53
0.007315;5.340472271082416e-53
0.007370000000000001;5.459767254524579e-53
0.007425;5.581756078955391e-53
0.0074800000000000005;5.706500234465458e-53
0.007535;5.83406262987098e-53
0.00759;5.964507625798933e-53
0.007645;6.097901068547498e-53
0.0077;6.234310324753602e-53
0.007755000000000001;6.373804316869836e-53
0.00781;6.516453559484451e-53
0.007865;6.66233019649158e-53
0.00792;6.8115080391454745e-53
0.007975;6.964062605008569e-53
0.00803;7.120071157820598e-53
0.008085;7.27961274830764e-53
0.00814;7.442768255958892e-53
0.008195000000000001;7.609620431784557e-53
0.00825;7.780253942092021e-53
0.008305;7.954755413289152e-53
0.008360000000000001;8.133213477750379e-53
0.008415;8.315718820769608e-53
0.00847;8.502364228620475e-53
0.008525;8.693244637753552e-53
0.00858;8.888457185161673e-53
0.008635;9.088101259933202e-53
0.00869;9.292278556032177e-53
0.008745000000000001;9.501093126317918e-53
0.0088;9.71465143785565e-53
0.008855;9.933062428531845e-53
0.00891;1.015643756501528e-52
0.008965;1.0384890902084015e-52
0.00902;1.0618539143369407e-52
0.009075;1.085750170353655e-52
0.009130000000000001;1.1101900771939276e-52
0.009185;1.1351861377784554e-52
0.00924;1.1607511456850288e-52
0.009295000000000001;1.186898191977615e-52
0.00935;1.2136406721990643e-52
0.009405;1.2409922935287186e-52
0.00946;1.2689670821102635e-52
0.009515000000000001;1.297579390554667e-52
0.00957;1.3268439056202451e-52
0.009625;1.356775656076219e-52
0.009680000000000001;1.3873900207530974e-52
0.009735;1.418702736784148e-52
0.00979;1.450729908043734e-52
0.009845;1.4834880137859046e-52
0.0099;1.5169939174887349e-52
0.009955;1.5512648759097487e-52
0.01001;1.5863185483564734e-52
0.010065000000000001;1.6221730061784839e-52
0.01012;1.658846742484473e-52
0.010175;1.696358682092755e-52
0.01023;1.7347281917173015e-52
0.010285;1.773975090398008e-52
0.01034;1.814119660178962e-52
0.010395;1.8551826570416882e-52
0.010450000000000001;1.8971853220997438e-52
0.010505;1.9401493930601338e-52
0.01056;1.984097115958435e-52
0.010615000000000001;2.029051257174571e-52
0.01067;2.0750351157352194e-52
0.010725;2.122072535910792e-52
0.01078;2.1701879201126946e-52
0.010835000000000001;2.2194062420997707e-52
0.01089;2.269753060500035e-52
0.010945;2.3212545326564276e-52
0.011000000000000001;2.3739374288029036e-52
0.011055;2.4278291465811494e-52
0.01111;2.482957725903174e-52
0.011165;2.5393518641718407e-52
0.01122;2.5970409318635898e-52
0.011275;2.656054988486625e-52
0.01133;2.7164247989200104e-52
0.011385000000000001;2.7781818501454473e-52
0.01144;2.84135836837934e-52
0.011495;2.9059873366162024e-52
0.011550000000000001;2.9721025125927173e-52
0.011605;3.0397384471835838e-52
0.01166;3.108930503237057e-52
0.011715;3.1797148748642993e-52
0.011770000000000001;3.25212860719165e-52
0.011825;3.3262096165865034e-52
0.01188;3.401996711369675e-52
0.011935000000000001;3.4795296130253574e-52
0.01199;3.558848977921288e-52
0.012045;3.639996419550651e-52
0.0121;3.723014531307727e-52
0.012155000000000001;3.80794690981452e-52
0.01221;3.894838178805295e-52
0.012265;3.983734013587497e-52
0.012320000000000001;4.0746811660921596e-52
0.012375;4.16772749052537e-52
0.01243;4.2629219696394444e-52
0.012485000000000001;4.3603147416365756e-52
0.01254;4.4599571277207524e-52
0.012595;4.561901660311727e-52
0.01265;4.6662021119431996e-52
0.012705000000000001;4.772913524854212e-52
0.01276;4.8820922412962154e-52
0.012815;4.993795934572193e-52
0.012870000000000001;5.108083640820141e-52
0.012925;5.2250157915707484e-52
0.01298;5.344654247085721e-52
0.013035;5.467062330503833e-52
0.013090000000000001;5.592304862811317e-52
0.013145;5.720448198655483e-52
0.0132;5.85156026302865e-52
0.013255000000000001;5.9857105888343586e-52
0.01331;6.1229703553617314e-52
0.013365;6.263412427695105e-52
0.01342;6.407111397074418e-52
0.013475;6.5541436222301725e-52
0.01353;6.704587271721394e-52
0.013585;6.858522367300561e-52
0.013640000000000001;7.01603082832471e-52
0.013695;7.177196517245306e-52
0.01375;7.342105286197932e-52
0.013805000000000001;7.510845024724513e-52
0.01386;7.683505708650589e-52
0.013915;7.86017945014679e-52
0.01397;8.04096054900607e-52
0.014025000000000001;8.225945545164999e-52
0.01408;8.415233272500725e-52
0.014135;8.60892491393037e-52
0.014190000000000001;8.807124057851699e-52
0.014245;9.009936755952492e-52
0.0143;9.21747158242723e-52
0.014355;9.429839694628657e-52
0.014410000000000001;9.647154895194783e-52
0.014465;9.869533695689705e-52
0.01452;1.0097095381790026e-51
0.014575000000000001;1.0329962080048894e-51
0.01463;1.0568258826303228e-51
0.014685;1.0812113635725322e-51
0.014740000000000001;1.1061657574591852e-51
0.014795;1.131702483380089e-51
0.01485;1.1578352804167565e-51
0.014905;1.1845782153570844e-51
0.014960000000000001;1.2119456905969658e-51
0.015015;1.2399524522343827e-51
0.01507;1.2686135983614404e-51
0.015125000000000001;1.29794458755849e-51
0.01518;1.3279612475949667e-51
0.015235;1.3586797843433684e-51
0.01529;1.390116790909745e-51
0.015345000000000001;1.4222892569880404e-51
0.0154;1.4552145784422595e-51
0.015455;1.488910567123236e-51
0.015510000000000001;1.5233954609238253e-51
0.015565;1.5586879340825936e-51
0.01562;1.5948071077358443e-51
0.015675;1.6317725607305853e-51
0.01573;1.669604340700423e-51
0.015785;1.7083229754127532e-51
0.01584;1.7479494843936254e-51
0.015895;1.7885053908373987e-51
0.01595;1.8300127338070903e-51
0.016005000000000002;1.872494080734863e-51
0.01606;1.9159725402270413e-51
0.016115;1.960471775184773e-51
0.01617;2.0060160162446867e-51
0.016225;2.0526300755489933e-51
0.01628;2.1003393608547662e-51
0.016335000000000002;2.1491698899881867e-51
0.016390000000000002;2.1991483056526998e-51
0.016445;2.2503018906020413e-51
0.0165;2.3026585831845083e-51
0.016555;2.3562469932703972e-51
0.01661;2.4110964185679174e-51
0.016665;2.467236861342992e-51
0.016720000000000002;2.5246990455472844e-51
0.016775;2.583514434369217e-51
0.01683;2.6437152482151097e-51
0.016885;2.705334483132643e-51
0.01694;2.768405929688109e-51
0.016995;2.83296419230813e-51
0.01705;2.899044709095875e-51
0.017105000000000002;2.966683772137105e-51
0.01716;3.035918548304436e-51
0.017215;3.1067871005759186e-51
0.01727;3.179328409876704e-51
0.017325;3.253582397459766e-51
0.01738;3.329589947839513e-51
0.017435;3.4073929322883514e-51
0.017490000000000002;3.48703423291472e-51
0.017545;3.568557767334787e-51
0.0176;3.652008513950635e-51
0.017655;3.7374325378568656e-51
0.01771;3.824877017382002e-51
0.017765;3.9143902712879556e-51
0.01782;4.006021786639983e-51
0.017875000000000002;4.099822247367432e-51
0.01793;4.195843563527178e-51
0.017985;4.294138901292551e-51
0.01804;4.394762713684065e-51
0.018095;4.4977707720567704e-51
0.01815;4.603220198372795e-51
0.018205;4.711169498265286e-51
0.018260000000000002;4.821678594926056e-51
0.018315;4.93480886382994e-51
0.01837;5.05062316832016e-51
0.018425;5.169185896073327e-51
0.01848;5.290562996469445e-51
0.018535;5.414822018888676e-51
0.018590000000000002;5.542032151956808e-51
0.018645000000000002;5.672264263761919e-51
0.0187;5.805590943072021e-51
0.018755;5.942086541573336e-51
0.01881;6.081827217157215e-51
0.018865;6.224890978281368e-51
0.01892;6.371357729432379e-51
0.018975000000000002;6.521309317718731e-51
0.019030000000000002;6.674829580619697e-51
0.019085;6.832004394921025e-51
0.01914;6.992921726868469e-51
0.019195;7.157671683566026e-51
0.01925;7.326346565654789e-51
0.019305;7.499040921300333e-51
0.019360000000000002;7.67585160152337e-51
0.019415;7.856877816910088e-51
0.01947;8.042221195732618e-51
0.019525;8.231985843513854e-51
0.01958;8.426278404082154e-51
0.019635;8.625208122143168e-51
0.01969;8.828886907411658e-51
0.019745000000000002;9.03742940034323e-51
0.0198;9.250953039501457e-51
0.019855;9.469578130611997e-51
0.01991;9.69342791733428e-51
0.019965;9.922628653800126e-51
0.02002;1.01573096789632e-50
0.020075;1.0397603492804877e-50
0.020130000000000002;1.0643645834449933e-50
0.020185;1.089557576221832e-50
0.02024;1.1153535735693391e-50
0.020295;1.1417671699831972e-50
0.02035;1.1688133171181848e-50
0.020405;1.1965073326252173e-50
0.02046;1.2248649092096516e-50
0.020515000000000002;1.2539021239163957e-50
0.02057;1.283635447647035e-50
0.020625;1.3140817549154025e-50
0.02068;1.3452583338476007e-50
0.020735;1.3771828964321826e-50
0.02079;1.4098735890279144e-50
0.020845000000000002;1.4433490031335656e-50
0.020900000000000002;1.4776281864289099e-50
0.020955;1.5127306540920995e-50
0.02101;1.5486764004009047e-50
0.021065;1.585485910625069e-50
0.02112;1.623180173217326e-50
0.021175;1.6617806923096208e-50
0.021230000000000002;1.7013095005245279e-50
0.021285000000000002;1.7417891721072907e-50
0.02134;1.7832428363875954e-50
0.021395;1.8256941915813606e-50
0.02145;1.8691675189369902e-50
0.021505;1.9136876972397133e-50
0.02156;1.9592802176788036e-50
0.021615000000000002;2.005971199089957e-50
0.021670000000000002;2.0537874035806003e-50
0.021725;2.1027562525493382e-50
0.02178;2.1529058431077017e-50
0.021835;2.204264964915922e-50
0.02189;2.256863117442751e-50
0.021945;2.3107305276608563e-50
0.022000000000000002;2.3658981681869705e-50
0.022055;2.422397775880553e-50
0.02211;2.480261870909966e-50
0.022165;2.539523776302171e-50
0.02222;2.600217637983033e-50
0.022275;2.662378445324367e-50
0.02233;2.726042052210773e-50
0.022385000000000002;2.79124519863676e-50
0.02244;2.8580255328504865e-50
0.022495;2.926421634056755e-50
0.02255;2.9964730356930253e-50
0.022605;3.068220249296281e-50
0.02266;3.141704788969096e-50
0.022715;3.2169691964697015e-50
0.022770000000000002;3.294057066931871e-50
0.022825;3.3730130752406323e-50
0.02288;3.453883003070417e-50
0.022935;3.536713766612726e-50
0.02299;3.6215534450026694e-50
0.023045;3.7084513094677418e-50
0.023100000000000002;3.797457853213342e-50
0.023155000000000002;3.888624822068597e-50
0.02321;3.982005245905875e-50
0.023265;4.077653470860228e-50
0.02332;4.175625192365385e-50
0.023375;4.27597748902482e-50
0.02343;4.378768857348784e-50
0.023485000000000002;4.484059247368648e-50
0.023540000000000002;4.591910099156105e-50
0.023595;4.702384380272222e-50
0.02365;4.815546624166606e-50
0.023705;4.931462969553606e-50
0.02376;5.050201200787994e-50
0.023815;5.171830789268499e-50
0.023870000000000002;5.296422935895663e-50
0.023925000000000002;5.424050614608243e-50
0.02398;5.554788617029454e-50
0.024035;5.688713598247699e-50
0.02409;5.825904123765518e-50
0.024145;5.966440717643327e-50
0.0242;6.110405911869985e-50
0.024255000000000002;6.257884296991919e-50
0.024310000000000002;6.408962574032968e-50
0.024365;6.563729607738206e-50
0.02442;6.722276481176876e-50
0.024475;6.884696551736481e-50
0.02453;7.051085508548632e-50
0.024585;7.221541431377262e-50
0.024640000000000002;7.396164851018033e-50
0.024695;7.575058811230027e-50
0.02475;7.758328932258879e-50
0.024805;7.946083475979406e-50
0.02486;8.138433412705291e-50
0.024915;8.335492489703398e-50
0.024970000000000003;8.537377301467737e-50
0.025025000000000002;8.744207361782787e-50
0.02508;8.956105177642552e-50
0.025135;9.173196325047012e-50
0.02519;9.395609526752973e-50
0.025245;9.623476732010617e-50
0.0253;9.856933198344642e-50
0.025355000000000003;1.0096117575428177e-49
0.025410000000000002;1.0341171991109495e-49
0.025465;1.0592242139648121e-49
0.02552;1.0849477372207752e-49
0.025575;1.1113030789673574e-49
0.02563;1.1383059337853889e-49
0.025685;1.165972390512306e-49
0.025740000000000002;1.1943189422575288e-49
0.025795000000000002;1.223362496674499e-49
0.02585;1.253120386497015e-49
0.025905;1.2836103803467122e-49
0.02596;1.314850693817713e-49
0.026015;1.3468600008466025e-49
0.02607;1.3796574453751131e-49
0.026125000000000002;1.4132626533122955e-49
0.026180000000000002;1.447695744805257e-49
0.026235;1.4829773468252985e-49
0.02629;1.5191286060782483e-49
0.026345;1.556171202247381e-49
0.0264;1.5941273615779254e-49
0.026455;1.6330198708107496e-49
0.026510000000000002;1.6728720914761036e-49
0.026565000000000002;1.713707974555775e-49
0.02662;1.7555520755232542e-49
0.026675;1.7984295697719248e-49
0.02673;1.842366268441811e-49
0.026785;1.887388634654056e-49
0.02684;1.933523800166379e-49
0.026895000000000002;1.980799582456209e-49
0.02695;2.0292445022474697e-49
0.027005;2.0788878014893154e-49
0.02706;2.129759461799788e-49
0.027115;2.181890223386057e-49
0.02717;2.2353116044550644e-49
0.027225000000000003;2.290055921125287e-49
0.027280000000000002;2.346156307854197e-49
0.027335;2.4036467383961587e-49
0.02739;2.4625620472989054e-49
0.027445;2.52293795196207e-49
0.0275;2.5848110752632175e-49
0.027555;2.648218968772519e-49
0.027610000000000003;2.71320013656821e-49
0.027665000000000002;2.779794059669873e-49
0.02772;2.848041221105683e-49
0.027775;2.9179831316309684e-49
0.02783;2.9896623561114425e-49
0.027885;3.063122540594864e-49
0.02794;3.13840844008299e-49
0.027995000000000003;3.2155659470273622e-49
0.028050000000000002;3.2946421205632533e-49
0.028105;3.3756852165046504e-49
0.02816;3.4587447181184966e-49
0.028215;3.5438713677011194e-49
0.02827;3.63111719897249e-49
0.028325;3.720535570316505e-49
0.028380000000000002;3.812181198885905e-49
0.028435000000000002;3.906110195593372e-49
0.02849;4.002380101015955e-49
0.028545;4.101049922234258e-49
0.0286;4.2021801706303536e-49
0.028655;4.305832900673393e-49
0.02871;4.4120717497129094e-49
0.028765000000000002;4.520961978813982e-49
0.028820000000000002;4.632570514653992e-49
0.028875;4.746965992516288e-49
0.02893;4.864218800401494e-49
0.028985;4.984401124296198e-49
0.02904;5.107586994618027e-49
0.029095;5.233852333879824e-49
0.029150000000000002;5.363275005593715e-49
0.029205000000000002;5.49593486445855e-49
0.02926;5.631913807856317e-49
0.029315;5.771295828697319e-49
0.02937;5.914167069646035e-49
0.029425;6.060615878767352e-49
0.029480000000000003;6.210732866629653e-49
0.029535000000000002;6.364610964903758e-49
0.02959;6.522345486491698e-49
0.029645;6.684034187239694e-49
0.0297;6.849777329258706e-49
0.029755;7.019677745914667e-49
0.02981;7.193840908513345e-49
0.029865000000000003;7.372374994742072e-49
0.029920000000000002;7.555390958900406e-49
0.029975;7.74300260398411e-49
0.03003;7.935326655646737e-49
0.030085;8.132482838118305e-49
0.03014;8.334593952107409e-49
0.030195;8.541785954756767e-49
0.030250000000000003;8.754188041697785e-49
0.030305000000000002;8.971932731259538e-49
0.03036;9.195155950898274e-49
0.030415;9.423997125895442e-49
0.03047;9.658599270392154e-49
0.030525;9.8991090808191e-49
0.03058;1.0145677031784827e-48
0.030635000000000003;1.0398457474493006e-48
0.030690000000000002;1.06576087377476e-48
0.030745;1.0923293231625573e-48
0.0308;1.119567755387189e-48
0.030855;1.147493259911504e-48
0.03091;1.176123367094994e-48
0.030965;1.20547605969805e-48
0.031020000000000002;1.2355697846905434e-48
0.031075000000000002;1.2664234653709272e-48
0.03113;1.2980565138066922e-48
0.031185;1.3304888436021472e-48
0.03124;1.3637408830038961e-48
0.031295;1.39783358835366e-48
0.03135;1.4327884578951064e-48
0.031405;1.468627545946819e-48
0.03146;1.5053734774499937e-48
0.031515;1.5430494629005106e-48
0.03157;1.5816793136776756e-48
0.031625;1.621287457776223e-48
0.03168;1.6618989559577118e-48
0.031735;1.703539518327458e-48
0.03179;1.7462355213527598e-48
0.031845;1.7900140253304386e-48
0.0319;1.8349027923180684e-48
0.031955000000000004;1.8809303045413646e-48
0.032010000000000004;1.928125783289174e-48
0.032065;1.976519208310077e-48
0.03212;2.026141337723618e-48
0.032175;2.0770237284607282e-48
0.03223;2.1291987572464046e-48
0.032285;2.182699642140802e-48
0.03234;2.2375604646509977e-48
0.032395;2.2938161924324612e-48
0.03245;2.3515027025934478e-48
0.032505;2.4106568056183283e-48
0.03256;2.4713162699289786e-48
0.032615;2.5335198470989817e-48
0.032670000000000005;2.5973072977386967e-48
0.032725000000000004;2.6627194180706948e-48
0.032780000000000004;2.7297980672118256e-48
0.032835;2.798586195183383e-48
0.03289;2.869127871667613e-48
0.032945;2.9414683155299664e-48
0.033;3.0156539251289784e-48
0.033055;3.091732309436076e-48
0.03311;3.1697523199835207e-48
0.033165;3.2497640836680267e-48
0.03322;3.3318190364263304e-48
0.033275;3.4159699578139514e-48
0.03333;3.502271006505988e-48
0.033385;3.5907777567460614e-48
0.033440000000000004;3.6815472357705174e-48
0.033495000000000004;3.7746379622340107e-48
0.03355;3.870109985660526e-48
0.033605;3.968024926953116e-48
0.03366;4.068446019984705e-48
0.033715;4.171438154303857e-48
0.03377;4.2770679189853796e-48
0.033825;4.3854036476523856e-48
0.03388;4.496515464707057e-48
0.033935;4.610475332801453e-48
0.03399;4.7273571015770923e-48
0.034045;4.847236557716972e-48
0.0341;4.9701914763350774e-48
0.034155;5.0963016737489613e-48
0.034210000000000004;5.225649061666238e-48
0.034265000000000004;5.358317702828647e-48
0.03432;5.494393868147763e-48
0.034375;5.633966095377298e-48
0.03443;5.777125249362152e-48
0.034485;5.923964583908378e-48
0.03454;6.074579805312942e-48
0.034595;6.22906913760788e-48
0.03465;6.387533389553098e-48
0.034705;6.550076023441456e-48
0.03476;6.716803225747475e-48
0.034815;6.887823979681841e-48
0.03487;7.063250139703755e-48
0.034925000000000005;7.243196508036937e-48
0.034980000000000004;7.427780913249071e-48
0.035035000000000004;7.617124290950272e-48
0.03509;7.811350766671103e-48
0.035145;8.010587740970046e-48
0.0352;8.214965976845572e-48
0.035255;8.424619689499019e-48
0.03531;8.639686638532822e-48
0.035365;8.860308222628357e-48
0.03542;9.086629576787745e-48
0.035475;9.318799672201836e-48
0.03553;9.556971418820736e-48
0.035585;9.801301770697797e-48
0.03564;1.0051951834176851e-47
0.035695000000000005;1.0309086979019145e-47
0.035750000000000004;1.057287695252806e-47
0.035805000000000003;1.0843495996769202e-47
0.03586;1.1121122968963658e-47
0.035915;1.1405941465142185e-47
0.03597;1.1698139947156305e-47
0.036025;1.1997911873120277e-47
0.03608;1.2305455831409766e-47
0.036135;1.26209756782739e-47
0.03619;1.2944680679194885e-47
0.036245;1.327678565408621e-47
0.0363;1.3617511126420583e-47
0.036355;1.3967083476419667e-47
0.03641;1.4325735098402674e-47
0.036465000000000004;1.4693704562405255e-47
0.036520000000000004;1.5071236780202917e-47
0.036575;1.5458583175838547e-47
0.03663;1.5856001860789557e-47
0.036685;1.6263757813911735e-47
0.03674;1.6682123066269061e-47
0.036795;1.7111376890997634e-47
0.03685;1.7551805998343105e-47
0.036905;1.800370473601067e-47
0.03696;1.8467375294978195e-47
0.037015;1.894312792090722e-47
0.03707;1.943128113133327e-47
0.037125;1.9932161938770999e-47
0.037180000000000005;2.0446106079915355e-47
0.037235000000000004;2.0973458251076719e-47
0.037290000000000004;2.1514572350078098e-47
0.037345;2.206981172472319e-47
0.0374;2.2639549428071886e-47
0.037455;2.3224168480693933e-47
0.03751;2.382406214007146e-47
0.037565;2.4439634177386627e-47
0.03762;2.507129916187373e-47
0.037675;2.5719482752946845e-47
0.03773;2.638462200032293e-47
0.037785;2.706716565237015e-47
0.03784;2.7767574472885206e-47
0.037895;2.8486321566564406e-47
0.037950000000000005;2.9223892713369124e-47
0.038005000000000004;2.9980786712090195e-47
0.038060000000000004;3.07575157332988e-47
0.038115;3.155460568199489e-47
0.03817;3.237259657020928e-47
0.038225;3.3212042899803477e-47
0.03828;3.4073514055822836e-47
0.038335;3.495759471060698e-47
0.03839;3.5864885239027216e-47
0.038445;3.6796002145120733e-47
0.0385;3.7751578500466666e-47
0.038555;3.873226439458316e-47
0.03861;3.973872739775975e-47
0.038665;4.077165303657007e-47
0.038720000000000004;4.1831745282508e-47
0.038775000000000004;4.2919727054064673e-47
0.03883;4.403634073261704e-47
0.038885;4.518234869255001e-47
0.03894;4.635853384596182e-47
0.038995;4.75657002024111e-47
0.03905;4.880467344406238e-47
0.039105;5.007630151670965e-47
0.03916;5.138145523713732e-47
0.039215;5.272102891715685e-47
0.03927;5.40959410049814e-47
0.039325;5.550713474420705e-47
0.03938;5.69555788510671e-47
0.039435000000000005;5.84422682103823e-47
0.039490000000000004;5.996822459070746e-47
0.039545000000000004;6.153449737931803e-47
0.0396;6.314216433745425e-47
0.039655;6.479233237653586e-47
0.03971;6.64861383557702e-47
0.039765;6.822474990190356e-47
0.03982;7.00093662516699e-47
0.039875;7.18412191175329e-47
0.03993;7.372157357744835e-47
0.039985;7.56517289892883e-47
0.04004;7.76330199306144e-47
0.040095;7.966681716450408e-47
0.04015;8.175452863218735e-47
0.040205000000000005;8.389760047320797e-47
0.040260000000000004;8.609751807394644e-47
0.040315000000000004;8.835580714521547e-47
0.04037;9.067403482981128e-47
0.040425;9.305381084084642e-47
0.04048;9.549678863168482e-47
0.040535;9.800466659848943e-47
0.04059;1.0057918931608676e-46
0.040645;1.0322214880834766e-46
0.0407;1.0593538585382859e-46
0.040755;1.0872079132783113e-46
0.04081;1.1158030758177624e-46
0.040865;1.1451592986101983e-46
0.04092;1.1752970776220212e-46
0.040975000000000004;1.2062374673122895e-46
0.041030000000000004;1.2380020960291466e-46
0.041085;1.2706131818373444e-46
0.04114;1.3040935487857927e-46
0.041195;1.3384666436305339e-46
0.04125;1.3737565530235086e-46
0.041305;1.4099880211815376e-46
0.04136;1.4471864680495022e-46
0.041415;1.485378007970734e-46
0.04147;1.5245894688790283e-46
0.041525;1.564848412027717e-46
0.04158;1.606183152270082e-46
0.041635;1.6486227789087025e-46
0.041690000000000005;1.6921971771257609e-46
0.041745000000000004;1.7369370500159023e-46
0.041800000000000004;1.7828739412347724e-46
0.041855;1.8300402582823892e-46
0.04191;1.8784692964393364e-46
0.041965;1.9281952633730764e-46
0.04202;1.9792533044357077e-46
0.042075;2.0316795286701544e-46
0.04213;2.085511035546385e-46
0.042185;2.140785942448708e-46
0.04224;2.197543412933828e-46
0.042295;2.2558236857841646e-46
0.04235;2.3156681048754804e-46
0.042405;2.3771191498853836e-46
0.042460000000000005;2.4402204678646118e-46
0.042515000000000004;2.5050169056969143e-46
0.042570000000000004;2.571554543471015e-46
0.042625;2.639880728792736e-46
0.04268;2.7100441120610932e-46
0.042735;2.7820946827419748e-46
0.04279;2.8560838066583443e-46
0.042845;2.932064264334963e-46
0.0429;3.010090290421945e-46
0.042955;3.090217614230694e-46
0.04301;3.172503501414461e-46
0.043065;3.2570067968212093e-46
0.04312;3.3437879685595467e-46
0.043175;3.432909153306886e-46
0.043230000000000005;3.52443420289865e-46
0.043285000000000004;3.618428732230893e-46
0.043340000000000004;3.714960168518927e-46
0.043395;3.814097801949072e-46
0.04345;3.915912837760371e-46
0.043505;4.020478449799721e-46
0.04356;4.127869835595372e-46
0.043615;4.238164272985566e-46
0.04367;4.3514411783534926e-46
0.043725;4.467782166509523e-46
0.04378;4.5872711122698565e-46
0.043835;4.709994213784396e-46
0.04389;4.8360400576544265e-46
0.043945000000000005;4.9654996859011145e-46
0.044000000000000004;5.098466664831721e-46
0.044055000000000004;5.23503715586087e-46
0.04411;5.375309988343153e-46
0.044165;5.5193867344727565e-46
0.04422;5.667371786308862e-46
0.044275;5.819372434995465e-46
0.04433;5.97549895222766e-46
0.044385;6.13586467403552e-46
0.04444;6.3005860869513675e-46
0.044495;6.4697829166315095e-46
0.04455;6.643578218995635e-46
0.044605;6.8220984739626684e-46
0.04466;7.0054736818590074e-46
0.044715000000000005;7.193837462569298e-46
0.044770000000000004;7.387327157514498e-46
0.044825000000000004;7.586083934539533e-46
0.04488;7.790252895787545e-46
0.044935;7.999983188655772e-46
0.04499;8.215428119914976e-46
0.045045;8.436745273085945e-46
0.0451;8.664096629172917e-46
0.045155;8.897648690835392e-46
0.04521;9.137572610121399e-46
0.045265;9.384044319840892e-46
0.04532;9.637244668699666e-46
0.045375;9.897359560296086e-46
0.04543;1.0164580096102487e-45
0.045485000000000005;1.0439102722526933e-45
0.045540000000000004;1.072112938219182e-45
0.045595000000000004;1.1010867669549989e-45
0.04565;1.1308530990946352e-45
0.045705;1.1614338729277729e-45
0.04576;1.1928516413371666e-45
0.045815;1.2251295892213147e-45
0.04587;1.258291551418061e-45
0.045925;1.2923620311426203e-45
0.04598;1.3273662189532878e-45
0.046035;1.363330012263521e-45
0.04609;1.4002800354136988e-45
0.046145;1.4382436603197086e-45
0.046200000000000005;1.4772490277153833e-45
0.046255000000000004;1.5173250690044797e-45
0.046310000000000004;1.5585015287433924e-45
0.046365;1.6008089877687366e-45
0.04642;1.64427888699126e-45
0.046475;1.6889435518754506e-45
0.04653;1.7348362176226243e-45
0.046585;1.78199105508219e-45
0.04664;1.830443197406286e-45
0.046695;1.8802287674756856e-45
0.04675;1.9313849061150015e-45
0.046805;1.983949801123154e-45
0.04686;2.0379627171404466e-45
0.046915;2.0934640263778005e-45
0.046970000000000005;2.1504952402347235e-45
0.047025000000000004;2.2090990418302346e-45
0.047080000000000004;2.2693193194715455e-45
0.047135;2.331201201093897e-45
0.04719;2.3947910896938068e-45
0.047245;2.460136699787926e-45
0.0473;2.527287094926761e-45
0.047355;2.5962927262942484e-45
0.04741;2.6672054724255727e-45
0.047465;2.7400786800747943e-45
0.04752;2.8149672062657276e-45
0.047575;2.891927461564607e-45
0.04763;2.9710174546026576e-45
0.047685000000000005;3.0522968378959275e-45
0.047740000000000005;3.13582695498842e-45
0.047795000000000004;3.221670888969118e-45
0.047850000000000004;3.3098935123915286e-45
0.047905;3.4005615386504694e-45
0.04796;3.493743574843565e-45
0.048015;3.5895101761752047e-45
0.04807;3.687933901939082e-45
0.048125;3.7890893731296144e-45
0.04818;3.893053331729533e-45
0.048235;3.9999047017217097e-45
0.04829;4.109724651878704e-45
0.048345;4.2225966603808495e-45
0.0484;4.338606581314621e-45
0.048455000000000005;4.457842713110729e-45
0.048510000000000005;4.580395868977842e-45
0.048565000000000004;4.7063594493861866e-45
0.048620000000000003;4.8358295166734195e-45
0.048675;4.968904871817901e-45
0.04873;5.105687133459312e-45
0.048785;5.2462808192258396e-45
0.04884;5.390793429436258e-45
0.048895;5.539335533245466e-45
0.04895;5.69202085731429e-45
0.049005;5.84896637706345e-45
0.04906;6.01029241060658e-45
0.049115;6.176122715420888e-45
0.04917;6.346584587857359e-45
0.049225000000000005;6.521808965557915e-45
0.049280000000000004;6.701930532875294e-45
0.049335000000000004;6.887087829381337e-45
0.04939;7.077423361555005e-45
0.049445;7.273083717744788e-45
0.0495;7.474219686507158e-45
0.049555;7.680986378407953e-45
0.04961;7.893543351407911e-45
0.049665;8.112054739925038e-45
0.04972;8.336689387688932e-45
0.049775;8.567620984498007e-45
0.04983;8.805028206993603e-45
0.049885;9.049094863577827e-45
0.049940000000000005;9.300010043590904e-45
0.049995000000000005;9.557968270873436e-45
0.050050000000000004;9.823169661857751e-45
0.050105000000000004;1.0095820088304596e-44
0.05016;1.0376131344835452e-44
0.050215;1.0664321321404053e-44
0.05027;1.0960614180843569e-44
0.050325;1.1265240541653453e-44
0.05038;1.1578437666181886e-44
0.050435;1.1900449654342394e-44
0.05049;1.2231527643071136e-44
0.050545;1.257193001164878e-44
0.0506;1.292192259310915e-44
0.050655;1.3281778891871841e-44
0.050710000000000005;1.365178030782399e-44
0.050765000000000005;1.4032216367010558e-44
0.050820000000000004;1.4423384959167516e-44
0.050875000000000004;1.482559258225892e-44
0.05093;1.5239154594266298e-44
0.050985;1.566439547242734e-44
0.05104;1.6101649080153192e-44
0.051095;1.6551258941849104e-44
0.05115;1.7013578525883536e-44
0.051205;1.7488971535944497e-44
0.05126;1.7977812211036013e-44
0.051315;1.8480485634374358e-44
0.05137;1.899738805145032e-44
0.051425;1.9528927197535774e-44
0.051480000000000005;2.0075522634911442e-44
0.051535000000000004;2.0637606100125103e-44
0.051590000000000004;2.1215621861548716e-44
0.051645;2.18100270875827e-44
0.0517;2.2421292225804987e-44
0.051755;2.304990139339952e-44
0.05181;2.3696352779191695e-44
0.051865;2.436115905768114e-44
0.05192;2.5044847815363667e-44
0.051975;2.5747961989802753e-44
0.05203;2.647106032173198e-44
0.052085;2.721471782068251e-44
0.05214;2.797952624445975e-44
0.052195000000000005;2.8766094592959113e-44
0.052250000000000005;2.9575049616680817e-44
0.052305000000000004;3.040703634045919e-44
0.052360000000000004;3.1262718602802255e-44
0.052415;3.214277961137819e-44
0.05247;3.3047922515067617e-44
0.052525;3.3978870993139454e-44
0.05258;3.4936369862035505e-44
0.052635;3.592118570032418e-44
0.05269;3.6934107492334937e-44
0.052745;3.7975947291068314e-44
0.0528;3.904754090097954e-44
0.052855;4.0149748581187005e-44
0.05291;4.128345576976779e-44
0.052965000000000005;4.2449573829785247e-44
0.053020000000000005;4.3649040817642064e-44
0.053075000000000004;4.488282227455149e-44
0.053130000000000004;4.615191204171665e-44
0.053185;4.745733309996913e-44
0.05324;4.880013843468056e-44
0.053295;5.018141192661577e-44
0.05335;5.160226926957799e-44
0.053405;5.306385891561572e-44
0.05346;5.456736304870302e-44
0.053515;5.611399858768929e-44
0.05357;5.770501821942053e-44
0.053625;5.934171146299026e-44
0.05368;6.102540576603101e-44
0.053735000000000005;6.27574676340612e-44
0.053790000000000004;6.453930379381229e-44
0.053845000000000004;6.637236239170402e-44
0.0539;6.825813422841536e-44
0.053955;7.019815403072356e-44
0.05401;7.219400176173747e-44
0.054065;7.424730397069248e-44
0.05412;7.635973518347719e-44
0.054175;7.853301933525003e-44
0.05423;8.076893124628592e-44
0.054285;8.306929814249188e-44
0.05434;8.543600122190122e-44
0.054395;8.787097726857031e-44
0.054450000000000005;9.037622031533728e-44
0.054505000000000005;9.295378335689394e-44
0.054560000000000004;9.560578011481042e-44
0.054615000000000004;9.833438685597797e-44
0.05467;1.0114184426624778e-43
0.054725;1.0403045938082656e-43
0.05478;1.0700260757323808e-43
0.054835;1.1006073460467506e-43
0.05489;1.1320735873556196e-43
0.054945;1.1644507290119555e-43
