1e-20;8.725644304121638e-14
5.500000000000001e-05;9.247229699128034e-14
0.00011000000000000002;9.800774160968188e-14
0.000165;1.0388269763005164e-13
0.00022;1.1011833258929716e-13
0.000275;1.1673713725549106e-13
0.00033;1.237630063894651e-13
0.00038500000000000003;1.3122132402791695e-13
0.00044;1.3913905347453514e-13
0.000495;1.475448321820195e-13
0.00055;1.564690717024267e-13
0.0006050000000000001;1.6594406287354378e-13
0.00066;1.760040863978628e-13
0.000715;1.8668552895286133e-13
0.0007700000000000001;1.980270049514691e-13
0.000825;2.1006948404365215e-13
0.00088;2.2285642441676974e-13
0.0009350000000000001;2.3643391191058703e-13
0.00099;2.508508049132713e-13
0.0010450000000000001;2.661588849417232e-13
0.0011;2.824130127384466e-13
0.001155;2.996712896261895e-13
0.0012100000000000001;3.179952237608192e-13
0.001265;3.374499007951421e-13
0.00132;3.5810415832364636e-13
0.0013750000000000001;3.800307633030471e-13
0.00143;4.033065914438043e-13
0.001485;4.2801280733052473e-13
0.0015400000000000001;4.542350437521544e-13
0.001595;4.820635784006086e-13
0.00165;5.115935057225992e-13
0.0017050000000000001;5.4292490126954e-13
0.00176;5.761629753862447e-13
0.001815;6.114182124875345e-13
0.0018700000000000001;6.488064914916681e-13
0.001925;6.884491821881076e-13
0.00198;7.304732114016444e-13
0.002035;7.750110917562919e-13
0.0020900000000000003;8.222009046226234e-13
0.002145;8.721862274118718e-13
0.0022;9.25115993755427e-13
0.002255;9.811442732154417e-13
0.00231;1.0404299550032236e-12
0.002365;1.103136317665189e-12
0.0024200000000000003;1.1694304638045816e-12
0.002475;1.2394825955570118e-12
0.00253;1.313465102689201e-12
0.002585;1.3915514307359463e-12
0.00264;1.4739146914620936e-12
0.002695;1.5607259720085737e-12
0.0027500000000000003;1.6521522922612388e-12
0.002805;1.7483541520830658e-12
0.00286;1.849482600965075e-12
0.002915;1.9556757521338307e-12
0.00297;2.067054651036368e-12
0.003025;2.183718394106616e-12
0.0030800000000000003;2.305738377534308e-12
0.003135;2.43315153705799e-12
0.00319;2.565952418167443e-12
0.003245;2.704083891105286e-12
0.0033;2.8474262961084505e-12
0.003355;2.9957847708415465e-12
0.0034100000000000003;3.1488744731736408e-12
0.003465;3.3063033675213657e-12
0.00352;3.4675521908601657e-12
0.003575;3.6319511540932475e-12
0.00363;3.798652864311068e-12
0.0036850000000000003;3.9666008720628305e-12
0.0037400000000000003;4.13449315309845e-12
0.003795;4.300739724033841e-12
0.00385;4.463413463342062e-12
0.003905;4.62019306001035e-12
0.00396;4.76829683848303e-12
0.004015;4.904406005897054e-12
0.00407;5.0245756310937385e-12
0.004125;5.124131388560957e-12
0.0041800000000000006;5.197549777077154e-12
0.004235;5.23831914413383e-12
0.00429;5.238778402619391e-12
0.004345;5.189929803319789e-12
0.0044;5.081221509075564e-12
0.004455;4.900294982073906e-12
0.00451;4.632691311428657e-12
0.0045650000000000005;4.261509513900971e-12
0.00462;3.767008397017057e-12
0.004675;3.126141348232668e-12
0.00473;2.3120085181072178e-12
0.004785;1.2931900126661063e-12
0.0048400000000000006;3.243739891220072e-14
0.004895;1.5816769439977916e-06
0.00495;3.3118406346706176e-06
0.005005;5.161141699163149e-06
0.00506;7.136605444088192e-06
0.005115;9.24566679313955e-06
0.00517;1.1496199276155864e-05
0.0052250000000000005;1.3896543805413554e-05
0.00528;1.6455538757363796e-05
0.005335;1.9182551848876004e-05
0.00539;2.2087514079530654e-05
0.005445;2.518095595340254e-05
0.0055000000000000005;2.84740461804801e-05
0.005555;3.197863306074853e-05
0.00561;3.5707288764335565e-05
0.005665;3.967335673573613e-05
0.00572;4.389100246699743e-05
0.005775000000000001;4.837526790484728e-05
0.00583;5.314212977833929e-05
0.0058850000000000005;5.820856215803021e-05
0.00594;6.359260358436727e-05
0.005995;6.931342913223884e-05
0.00605;7.539142781060165e-05
0.006105;8.184828573203433e-05
0.0061600000000000005;8.870707552503741e-05
0.006215;9.599235250510922e-05
0.00627;0.0001037302581673046
0.006325;0.00011194863161414566
0.00638;0.0001206771295900036
0.006435000000000001;0.00012994735585502288
0.00649;0.00013979300070072036
0.0065450000000000005;0.00015024999148498472
0.0066;0.0001613566551487141
0.006655;0.00017315389376778702
0.00671;0.0001856853742978251
0.006765;0.0001989977337810414
0.0068200000000000005;0.00021314080141122396
0.006875;0.00022816783899182706
0.00693;0.0002441358014759286
0.006985;0.00026110561944900774
0.00704;0.00027914250560680026
0.007095000000000001;0.0002983162874912122
0.00715;0.00031870176898597896
0.0072050000000000005;0.00034037912333534517
0.00726;0.00036343432074541297
0.007315;0.00038795959395588773
0.007370000000000001;0.0004140539455384829
0.007425;0.0004418237010899729
0.0074800000000000005;0.00047138311295139327
0.007535;0.0005028550196028668
0.00759;0.0005363715664670489
0.007645;0.0005720749945091409
0.0077;0.0006101185037638882
0.007755000000000001;0.0006506671997488199
0.00781;0.0006938991316693324
0.007865;0.0007400064323813584
0.00792;0.0007891965712866579
0.007975;0.0008416937327004203
0.00803;0.0008977403337835561
0.008085;0.0009575986978951728
0.00814;0.001021552901234266
0.008195000000000001;0.0010899108129246691
0.00825;0.0011630063513216977
0.008305;0.0012412019823057096
0.008360000000000001;0.0013248914887632104
0.008415;0.001414503044390673
0.00847;0.0015105026294803911
0.008525;0.0016133978315586274
0.00858;0.0017237420797596948
0.008635;0.0018421393687603985
0.00869;0.001969249536147998
0.008745000000000001;0.0021057941664118095
0.0088;0.0022525632056051123
0.008855;0.0024104223833288723
0.00891;0.0025803215534370024
0.008965;0.002763304082072758
0.00902;0.0029605174318373365
0.009075;0.0031732251145954655
0.009130000000000001;0.0034028202133145856
0.009185;0.0036508407062549974
0.00924;0.0039189868657505894
0.009295000000000001;0.004209141049952851
0.00935;0.00452339026075146
0.009405;0.004864051906397692
0.00946;0.005233703285394559
0.009515000000000001;0.005635215401685932
0.00957;0.0060717918333968845
0.009625;0.006547013512599697
0.009680000000000001;0.007064890436807722
0.009735;0.0076299215307418025
0.00979;0.008247164117181214
0.009845;0.008922314748590532
0.0099;0.00966180350919885
0.009955;0.010472904336258037
0.01001;0.011363864449219363
0.010065000000000001;0.012344056642148889
0.01012;0.013424159019788362
0.010175;0.014616367782729553
0.01023;0.015934649944083248
0.010285;0.017395044456268816
0.01034;0.0190160222273182
0.010395;0.020818918021656294
0.010450000000000001;0.02282845041071473
0.010505;0.025073349943931098
0.01056;0.027587120779292162
0.010615000000000001;0.030408967434637318
0.01067;0.033584926459237274
0.010725;0.03716925312913386
0.01078;0.0412261262783598
0.010835000000000001;0.04583175071537626
0.01089;0.051076957004226244
0.010945;0.057070423312575946
0.011000000000000001;0.06394267383695883
0.011055;0.07185104250357925
0.01111;0.08098582693689231
0.011165;0.09157789020684418
0.01122;0.10390798367742735
0.011275;0.11831803714032113
0.01133;0.13522454155098723
0.011385000000000001;0.1551338403421247
0.01144;0.17865847641384827
0.011495;0.2065324162722798
0.011550000000000001;0.23962050075733243
0.011605;0.278913114241073
0.01166;0.3254898837472573
0.011715;0.3804255205846209
0.011770000000000001;0.4445977111291328
0.011825;0.5183475222319279
0.01188;0.6009549212744592
0.011935000000000001;0.6899603699477037
0.01199;0.7805270840795022
0.012045;0.8652784328224156
0.0121;0.9351730524382297
0.012155000000000001;0.9816444652762587
0.01221;0.9993216477124097
0.012265;0.9878472233334863
0.012320000000000001;0.9516614334540608
0.012375;0.8980273646051009
0.01243;0.8346279895762126
0.012485000000000001;0.7678887013088465
0.01254;0.7023373925602766
0.012595;0.640706226515499
0.01265;0.5843547130270498
0.012705000000000001;0.5337284566370154
0.01276;0.4887291927217746
0.012815;0.44897187689962725
0.012870000000000001;0.41394670497367886
0.012925;0.38311347488169933
0.01298;0.3559521747815659
0.013035;0.3319870484311248
0.013090000000000001;0.31079545271444986
0.013145;0.2920084958137075
0.0132;0.27530758643198017
0.013255000000000001;0.26041924153701956
0.01331;0.24710942981879402
0.013365;0.23517810460562494
0.01342;0.2244542270010741
0.013475;0.21479138667076014
0.01353;0.20606402665698298
0.013585;0.1981642297717242
0.013640000000000001;0.19099900408880294
0.013695;0.18448800033380464
0.01375;0.17856159690477072
0.013805000000000001;0.17315929460241186
0.01386;0.16822837061644735
0.013915;0.1637227487287296
0.01397;0.1596020495000375
0.014025000000000001;0.15583079019306303
0.01408;0.15237770931149658
0.014135;0.14921519495635444
0.014190000000000001;0.14631879980386361
0.014245;0.14366682849367826
0.0143;0.1412399856772056
0.014355;0.13902107500086264
0.014410000000000001;0.13699474096315897
0.014465;0.13514724695190242
0.01452;0.13346628389206558
0.014575000000000001;0.1319408048599508
0.01463;0.1305608817818254
0.014685;0.12931758096479784
0.014740000000000001;0.12820285472825685
0.014795;0.1272094468361636
0.01485;0.12633080978877262
0.014905;0.12556103233127
0.014960000000000001;0.12489477578586396
0.015015;0.12432721802252147
0.01507;0.12385400405833637
0.015125000000000001;0.12347120242260129
0.01518;0.12317526654848503
0.015235;0.12296300055690475
0.01529;0.12283152888674839
0.015345000000000001;0.1227782693007725
0.0154;0.12280090886049909
0.015455;0.1228973825178799
0.015510000000000001;0.12306585401808036
0.015565;0.12330469884763284
0.01562;0.12361248899637203
0.015675;0.12398797933098488
0.01573;0.1244300954033043
0.015785;0.12493792253840715
0.01584;0.12551069606634696
0.015895;0.1261477925778652
0.01595;0.12684872209846973
0.016005000000000002;0.1276131210877394
0.01606;0.12844074618133647
0.016115;0.1293314686026658
0.01617;0.1302852691791382
0.016225;0.1313022339052717
0.01628;0.1323825500009696
0.016335000000000002;0.1335265024188109
0.016390000000000002;0.1347344707589043
0.016445;0.13600692655404995
0.0165;0.1373444308915862
0.016555;0.1387476323414136
0.01661;0.14021726516247457
0.016665;0.1417541477624112
0.016720000000000002;0.14335918138707465
0.016775;0.14503334901848108
0.01683;0.14677771446113194
0.016885;0.14859342159813854
0.01694;0.1504816937994169
0.016995;0.15244383346523221
0.01705;0.1544812216889319
0.017105000000000002;0.1565953180233891
0.01716;0.15878766033577912
0.017215;0.16105986473573644
0.01727;0.16341362556181663
0.017325;0.1658507154111715
0.01738;0.16837298519714836
0.017435;0.1709823642190899
0.017490000000000002;0.17368086022808948
0.017545;0.1764705594720334
0.0176;0.1793536267022058
0.017655;0.1823323051232417
0.01771;0.18540891626671094
0.017765;0.18858585976805306
0.01782;0.19186561302485008
0.017875000000000002;0.1952507307133706
0.01793;0.1987438441385054
0.017985;0.2023476603908668
0.01804;0.2060649612829555
0.018095;0.2098986020341953
0.01815;0.21385150967310398
0.018205;0.21792668112217567
0.018260000000000002;0.22212718092935496
0.018315;0.22645613860731806
0.01837;0.2309167455395107
0.018425;0.23551225140926776
0.01848;0.2402459601061993
0.018535;0.2451212250609051
0.018590000000000002;0.2501414439571059
0.018645000000000002;0.2553100527671701
0.0187;0.2606305190552447
0.018755;0.26610633448919985
0.01881;0.2717410065009762
0.018865;0.2775380490325549
0.01892;0.2835009723035998
0.018975000000000002;0.2896332715351513
0.019030000000000002;0.29593841456333114
0.019085;0.3024198282764771
0.01914;0.30908088381005694
0.019195;0.3159248804344604
0.01925;0.32295502808887566
0.019305;0.3301744284275816
0.019360000000000002;0.33758605446694157
0.019415;0.3451927286509769
0.01947;0.3529970993526976
0.019525;0.36100161577255674
0.01958;0.3692085012121661
0.019635;0.3776197247156534
0.01969;0.3862369710875566
0.019745000000000002;0.3950616093132911
0.0198;0.40409465942963574
0.019855;0.4133367579160324
0.01991;0.42278812170327246
0.019965;0.43244851092563313
0.02002;0.44231719057477487
0.020075;0.45239289124786874
0.020130000000000002;0.46267376922070713
0.020185;0.47315736611515913
0.02024;0.48384056847417956
0.020295;0.49471956759910357
0.02035;0.505789820050274
0.020405;0.5170460092557545
0.02046;0.5284820087181977
0.020515000000000002;0.5400908473522663
0.02057;0.5518646775254666
0.020625;0.5637947464109142
0.02068;0.575871371292449
0.020735;0.5880839194850519
0.02079;0.6004207935497705
0.020845000000000002;0.612869422487244
0.020900000000000002;0.6254162595875783
0.020955;0.6380467875944292
0.02101;0.6507455318064613
0.021065;0.6634960816896659
0.02112;0.6762811215056331
0.021175;0.6890824703777724
0.021230000000000002;0.7018811321143529
0.021285000000000002;0.7146573549883128
0.02134;0.7273907015388081
0.021395;0.7400601283094282
0.02145;0.7526440752752415
0.021505;0.765120564540244
0.02156;0.777467307706732
0.021615000000000002;0.789661821140914
0.021670000000000002;0.8016815481785113
0.021725;0.8135039871461971
0.02178;0.8251068239142876
0.021835;0.8364680675566553
0.02189;0.8475661875740068
0.021945;0.8583802510443208
0.022000000000000002;0.8688900580019471
0.022055;0.8790762733190766
0.02211;0.8889205533692873
0.022165;0.8984056657978842
0.02222;0.9075156008039492
0.022275;0.9162356724555782
0.02233;0.9245526087095433
0.022385000000000002;0.932454628985266
0.02244;0.9399315083474784
0.022495;0.946974627576146
0.02255;0.9535770086392363
0.022605;0.9597333353294115
0.02266;0.9654399590709452
0.022715;0.9706948901440081
0.022770000000000002;0.9754977748010395
0.022825;0.9798498589618497
0.02288;0.9837539393629807
0.022935;0.9872143032007777
0.02299;0.9902366574421998
0.023045;0.9928280490821931
0.023100000000000002;0.9949967776994547
0.023155000000000002;0.9967523017049386
0.02321;0.9981051396895582
0.023265;0.9990667682621079
0.02332;0.9996495177271978
0.023375;0.9998664668897673
0.02343;0.9997313381903287
0.023485000000000002;0.9992583942775128
0.023540000000000002;0.9984623370152613
0.023595;0.9973582098048845
0.02365;0.9959613039802906
0.023705;0.9942870699116506
0.02376;0.9923510333309276
0.023815;0.9901687172748251
0.023870000000000002;0.987755569928668
0.023925000000000002;0.9851268985504026
0.02398;0.9822978095579612
0.024035;0.9792831547774034
0.02409;0.9760974837728547
0.024145;0.9727550021138315
0.0242;0.9692695353797782
0.024255000000000002;0.9656544986558728
0.024310000000000002;0.961922871238044
0.024365;0.9580871762372305
0.02442;0.9541594647536807
0.024475;0.9501513042796448
0.02453;0.9460737709826711
0.024585;0.9419374455218615
0.024640000000000002;0.9377524120533858
0.024695;0.933528260090448
0.02475;0.9292740888942487
0.024805;0.9249985140868467
0.02486;0.9207096761933125
0.024915;0.9164152508378951
0.024970000000000003;0.9121224603375739
0.025025000000000002;0.9078380864557953
0.02508;0.9035684840976986
0.025135;0.8993195957481285
0.02519;0.8950969664715138
0.025245;0.8909057593112528
0.0253;0.8867507709434532
0.025355000000000003;0.8826364474560714
0.025410000000000002;0.8785669001402097
0.025465;0.8745459211944284
0.02552;0.8705769992567187
0.025575;0.8666633346908209
0.02563;0.8628078545648243
0.025685;0.8590132272707113
0.025740000000000002;0.8552818767421724
0.025795000000000002;0.8516159962371589
0.02585;0.8480175616583574
0.025905;0.8444883443921235
0.02596;0.8410299236518131
0.026015;0.8376436983170201
0.02607;0.834330898264368
0.026125000000000002;0.8310925951897213
0.026180000000000002;0.8279297129248571
0.026235;0.8248430372546486
0.02629;0.8218332252430186
0.026345;0.8189008140780452
0.0264;0.816046229448282
0.026455;0.8132697934635512
0.026510000000000002;0.8105717321345802
0.026565000000000002;0.8079521824265221
0.02662;0.8054111989021483
0.026675;0.8029487599707105
0.02673;0.800564773758644
0.026785;0.7982590836185732
0.02684;0.796031473292665
0.026895000000000002;0.7938816717466481
0.02695;0.7918093576901223
0.027005;0.7898141637987953
0.02706;0.7878956806537414
0.027115;0.7860534604125168
0.02717;0.7842870202261766
0.027225000000000003;0.7825958454162332
0.027280000000000002;0.7809793924246734
0.027335;0.7794370915498449
0.02739;0.7779683494805445
0.027445;0.7765725516398807
0.0275;0.7752490643503072
0.027555;0.7739972368303123
0.027610000000000003;0.7728164030331676
0.027665000000000002;0.7717058833372611
0.02772;0.7706649860972972
0.027775;0.7696930090650982
0.02783;0.7687892406882887
0.027885;0.7679529612947202
0.02794;0.7671834441700144
0.027995000000000003;0.7664799565353295
0.028050000000000002;0.7658417604319425
0.028105;0.7652681135188871
0.02816;0.7647582697896254
0.028215;0.7643114802132953
0.02827;0.7639269933057837
0.028325;0.7636040556356236
0.028380000000000002;0.7633419122693526
0.028435000000000002;0.7631398071607631
0.02849;0.7629969834881337
0.028545;0.7629126839434364
0.0286;0.7628861509771085
0.028655;0.7629166270018637
0.02871;0.7630033545588556
0.028765000000000002;0.763145576449199
0.028820000000000002;0.7633425358337226
0.028875;0.7635934763037597
0.02893;0.763897641925443
0.028985;0.7642542772599457
0.02904;0.7646626273619794
0.029095;0.7651219377586149
0.029150000000000002;0.7656314544105445
0.029205000000000002;0.7661904236575694
0.02926;0.7667980921502559
0.029315;0.767453706769306
0.02937;0.7681565145343803
0.029425;0.768905762503807
0.029480000000000003;0.76970069766664
0.029535000000000002;0.770540566828427
0.02959;0.7714246164919568
0.029645;0.7723520927342485
0.0297;0.7733222410808384
0.029755;0.7743343063786048
0.02981;0.7753875326680066
0.029865000000000003;0.7764811630558763
0.029920000000000002;0.7776144395896099
0.029975;0.7787866031336047
0.03003;0.7799968932489425
0.030085;0.7812445480769764
0.03014;0.782528804227629
0.030195;0.783848896673145
0.030250000000000003;0.7852040586479988
0.030305000000000002;0.7865935215555189
0.03036;0.7880165148819595
0.030415;0.789472266118552
0.03047;0.7909600006920747
0.030525;0.7924789419045051
0.03058;0.794028310882202
0.030635000000000003;0.7956073265351186
0.030690000000000002;0.7972152055264803
0.030745;0.7988511622532964
0.0308;0.8005144088380843
0.030855;0.8022041551322443
0.03091;0.8039196087312741
0.030965;0.8056599750021796
0.031020000000000002;0.8074244571233862
0.031075000000000002;0.8092122561372842
0.03113;0.8110225710157417
0.031185;0.8128545987386381
0.03124;0.8147075343856276
0.031295;0.8165805712412961
0.03135;0.8184729009137349
0.031405;0.8203837134665676
0.03146;0.8223121975646052
0.031515;0.824257540632917
0.03157;0.826218929029556
0.031625;0.8281955482315562
0.03168;0.8301865830344229
0.031735;0.8321912177647954
0.03179;0.8342086365062016
0.031845;0.8362380233377106
0.0319;0.8382785625852661
0.031955000000000004;0.8403294390854652
0.032010000000000004;0.8423898384615033
0.032065;0.8444589474109369
0.03212;0.8465359540049956
0.032175;0.8486200479990259
0.03223;0.8507104211536838
0.032285;0.8528062675664345
0.03234;0.8549067840129105
0.032395;0.8570111702976458
0.03245;0.859118629613684
0.032505;0.8612283689104406
0.03256;0.863339599269412
0.032615;0.8654515362869353
0.032670000000000005;0.8675634004635701
0.032725000000000004;0.8696744175993522
0.032780000000000004;0.8717838191942355
0.032835;0.8738908428532126
0.03289;0.8759947326951811
0.032945;0.878094739765009
0.033;0.880190122448013
0.033055;0.882280146886087
0.03311;0.8843640873947394
0.033165;0.8864412268803105
0.03322;0.888510857256501
0.033275;0.8905722798595096
0.03333;0.8926248058609869
0.033385;0.894667756677958
0.033440000000000004;0.8967004643789963
0.033495000000000004;0.8987222720858156
0.03355;0.9007325343695116
0.033605;0.9027306176407104
0.03366;0.9047159005327449
0.033715;0.9066877742772738
0.03377;0.9086456430714303
0.033825;0.9105889244359257
0.03388;0.9125170495632177
0.033935;0.9144294636552478
0.03399;0.9163256262499209
0.034045;0.9182050115357923
0.0341;0.9200671086542144
0.034155;0.921911421988501
0.034210000000000004;0.9237374714394118
0.034265000000000004;0.9255447926865308
0.03432;0.9273329374349328
0.034375;0.9291014736467608
0.03443;0.9308499857572347
0.034485;0.9325780748747478
0.03454;0.9342853589645977
0.034595;0.9359714730161852
0.03465;0.9376360691932819
0.034705;0.9392788169672316
0.03476;0.9408994032328284
0.034815;0.9424975324068016
0.03487;0.9440729265087743
0.034925000000000005;0.9456253252247031
0.034980000000000004;0.947154485952721
0.035035000000000004;0.9486601838315749
0.03509;0.9501422117516285
0.035145;0.9516003803487249
0.0352;0.9530345179810228
0.035255;0.9544444706891743
0.03531;0.9558301021401392
0.035365;0.9571912935550542
0.03542;0.9585279436216065
0.035475;0.9598399683914847
0.03553;0.9611273011635121
0.035585;0.9623898923531522
0.03564;0.9636277093491479
0.035695000000000005;0.964840736358261
0.035750000000000004;0.966028974238984
0.035805000000000003;0.9671924403254631
0.03586;0.9683311682427544
0.035915;0.9694452077148914
0.03597;0.9705346243673856
0.036025;0.971599499525834
0.03608;0.9726399300127831
0.036135;0.9736560279451563
0.03619;0.9746479205348564
0.036245;0.9756157498957561
0.0363;0.9765596728605876
0.036355;0.9774798608119399
0.03641;0.9783764995323898
0.036465000000000004;0.9792497890795527
0.036520000000000004;0.9800999436931036
0.036575;0.9809271917421313
0.03663;0.9817317757230029
0.036685;0.982513952320078
0.03674;0.9832739925443711
0.036795;0.9840121819687727
0.03685;0.9847288210829984
0.036905;0.98542422579705
0.03696;0.9860987281295547
0.037015;0.9867526771269097
0.03707;0.9873864400719188
0.037125;0.9880004040572412
0.037180000000000005;0.9885949780213222
0.037235000000000004;0.9891705953741471
0.037290000000000004;0.9897277173805894
0.037345;0.9902668375241687
0.0374;0.9907884871498343
0.037455;0.9912932427902174
0.03751;0.9917817357287453
0.037565;0.9922546645654907
0.03762;0.9927128118585791
0.037675;0.9931570663638039
0.03773;0.9935884530638971
0.037785;0.9940081741905602
0.03784;0.9944176659987751
0.037895;0.9948186784960428
0.037950000000000005;0.9952133892455349
0.038005000000000004;0.9956045687899986
0.038060000000000004;0.9959958260711672
0.038115;0.9963919809952332
0.03817;0.9967996449278519
0.038225;0.9972281523980124
0.03828;0.9976911083719402
0.038335;0.9982090615870892
0.03839;0.9988143435011618
0.038445;0.9995603271085084
0.0385;1.0005403780042144
0.038555;1.001930030747868
0.03861;1.0040914577572149
0.038665;1.0078717881598664
0.038720000000000004;1.0156432556839396
0.038775000000000004;1.0362211856108814
0.03883;1.1243633517308873
0.038885;1.917567768454102
0.03894;1.1954784867635526
0.038995;1.0507995916191741
0.03905;1.0222339373101959
0.039105;1.012279173141081
0.03916;1.007718662716158
0.039215;1.0052727635632648
0.03927;1.0038205753124942
0.039325;1.0028952473306592
0.03938;1.0022742590486127
0.039435000000000005;1.0018406168701837
0.039490000000000004;1.0015280506475759
0.039545000000000004;1.0012967640881196
0.0396;1.0011217127681298
0.039655;1.0009865223205143
0.03971;1.0008801444850168
0.039765;1.0007949271944698
0.03982;1.0007254539750254
0.039875;1.0006678208603867
0.03993;1.0006191718181274
0.039985;1.0005773920981682
0.04004;1.0005409009251112
0.040095;1.0005085083315146
0.04015;1.0004793143770858
0.040205000000000005;1.0004526369687043
0.040260000000000004;1.000427959347368
0.040315000000000004;1.0004048913327999
0.04037;1.0003831403438324
0.040425;1.000362489465626
0.04048;1.0003427806639824
0.040535;1.000323901805318
0.04059;1.0003057765224141
0.040645;1.0002883562304694
0.0407;1.000271613784013
0.040755;1.0002555383972778
0.04081;1.0002401315457676
0.040865;1.0002254036359206
0.04092;1.0002113712805154
0.040975000000000004;1.0001980550551475
0.041030000000000004;1.0001854776392791
0.041085;1.000173662266575
0.04114;1.0001626314254195
0.041195;1.0001524057628837
0.04125;1.0001430031549172
0.041305;1.0001344379130042
0.04136;1.0001267201032598
0.041415;1.000119854958526
0.04147;1.0001138423676161
0.041525;1.0001086764287306
0.04158;1.0001043450563183
0.041635;1.0001008296325165
0.041690000000000005;1.000098104695833
0.041745000000000004;1.0000961376608177
0.041800000000000004;1.000094888563592
0.041855;1.0000943098288206
0.04191;1.0000943460544145
0.041965;1.000094933810873
0.04202;1.000096001452561
0.042075;1.000097468938841
0.04213;1.0000992476633177
0.042185;1.0001012402900582
0.04224;1.00010334059644
0.042295;1.0001054333234627
0.04235;1.0001073940366871
0.042405;1.0001090890065065
0.042460000000000005;1.0001103751297926
0.042515000000000004;1.0001110999595981
0.042570000000000004;1.0001111020533866
0.042625;0.9983080820033944
0.04268;0.9979776773452054
0.042735;0.9977309208096757
0.04279;0.9975244621215156
0.042845;0.997343761930204
0.0429;0.9971817222270559
0.042955;0.9970342062630356
0.04301;0.9968985314334367
0.043065;0.9967728279274575
0.04312;0.9966557225348851
0.043175;0.9965461659511667
0.043230000000000005;0.9964433310164194
0.043285000000000004;0.9963465491216996
0.043340000000000004;0.9962552685553334
0.043395;0.9961690261497892
0.04345;0.9960874273519558
0.043505;0.9960101318274442
0.04356;0.9959368428157689
0.043615;0.9958672990973342
0.04367;0.995801268822109
0.043725;0.9957385446930398
0.04378;0.9956789401535604
0.043835;0.9956222863311319
0.04389;0.9955684295598658
0.043945000000000005;0.9955172293500395
0.044000000000000004;0.9954685567096299
0.044055000000000004;0.9954222927440757
0.04411;0.9953783274790666
0.044165;0.9953365588636055
0.04422;0.9952968919200256
0.044275;0.9952592380148026
0.04433;0.9952235142293154
0.044385;0.9951896428139202
0.04444;0.9951575507119759
0.044495;0.9951271691428202
0.04455;0.9950984332348393
0.044605;0.9950712817012306
0.04466;0.9950456565524052
0.044715000000000005;0.9950215028399444
0.044770000000000004;0.9949987684278468
0.044825000000000004;0.9949774037875031
0.04488;0.9949573618133676
0.044935;0.9949385976567611
0.04499;0.9949210685755934
0.045045;0.9949047337981359
0.0451;0.9948895543992277
0.045155;0.9948754931875232
0.04521;0.9948625146025368
0.045265;0.994850584620497
0.04532;0.9948396706680079
0.045375;0.9948297415427999
0.04543;0.9948207673407925
0.045485000000000005;0.9948127193889238
0.045540000000000004;0.9948055701830832
0.045595000000000004;0.9947992933308498
0.04565;0.9947938634983785
0.045705;0.9947892563612555
0.04576;0.9947854485588592
0.045815;0.9947824176519786
0.04587;0.9947801420833976
0.045925;0.994778601141218
0.04598;0.9947777749246774
0.046035;0.9947776443123061
0.04609;0.994778190932215
0.046145;0.9947793971343619
0.046200000000000005;0.994781245964662
0.046255000000000004;0.9947837211408282
0.046310000000000004;0.9947868070297492
0.046365;0.9947904886264373
0.04642;0.9947947515342825
0.046475;0.9947995819466996
0.04653;0.9948049666299051
0.046585;0.9948108929069408
0.04664;0.9948173486427272
0.046695;0.9948243222301768
0.04675;0.9948318025772781
0.046805;0.9948397790951071
0.04686;0.9948482416867357
0.046915;0.9948571807369787
0.046970000000000005;0.9948665871029683
0.047025000000000004;0.9948764521054887
0.047080000000000004;0.9948867675210846
0.047135;0.9948975255748912
0.04719;0.9949087189341775
0.047245;0.9949203407025601
0.0473;0.9949323844149143
0.047355;0.994944844032921
0.04741;0.9949577139412789
0.047465;0.9949709889445404
0.04752;0.99498466426458
0.047575;0.9949987355387002
0.04763;0.9950131988183573
0.047685000000000005;0.995028050568484
0.047740000000000005;0.9950432876674835
0.047795000000000004;0.9950589074078141
0.047850000000000004;0.9950749074972236
0.047905;0.9950912860606251
0.04796;0.9951080416426217
0.048015;0.9951251732106826
0.04807;0.9951426801590275
0.048125;0.9951605623131644
0.04818;0.9951788199351804
0.048235;0.9951974537297321
0.04829;0.9952164648507986
0.048345;0.9952358549092412
0.0484;0.9952556259811367
0.048455000000000005;0.9952757806169743
0.048510000000000005;0.9952963218517256
0.048565000000000004;0.9953172532158185
0.048620000000000003;0.9953385787470741
0.048675;0.9953603030036359
0.04873;0.9953824310779361
0.048785;0.9954049686117811
0.04884;0.9954279218125518
0.048895;0.9954512974706506
0.04895;0.9954751029782086
0.049005;0.9954993463491411
0.04906;0.9955240362406205
0.049115;0.9955491819760731
0.04917;0.9955747935697541
0.049225000000000005;0.9956008817529167
0.049280000000000004;0.995627458002058
0.049335000000000004;0.9956545345686619
0.04939;0.9956821245112574
0.049445;0.9957102417294974
0.0495;0.9957389010005512
0.049555;0.9957681180179085
0.04961;0.9957979094327786
0.049665;0.9958282928982647
0.04972;0.9958592871164531
0.049775;0.9958909118886934
0.04983;0.9959231881692149
0.049885;0.995956138122345
0.049940000000000005;0.9959897851836137
0.049995000000000005;0.9960241541249505
0.050050000000000004;0.9960592711243383
0.050105000000000004;0.9960951638402129
0.05016;0.9961318614909568
0.050215;0.996169394939897
0.05027;0.9962077967861559
0.050325;0.9962471014619088
0.05038;0.9962873453364008
0.050435;0.996328566827381
0.05049;0.9963708065204285
0.050545;0.9964141072968677
0.0506;0.9964585144709123
0.050655;0.9965040759368125
0.050710000000000005;0.9965508423267974
0.050765000000000005;0.9965988671807126
0.050820000000000004;0.9966482071283552
0.050875000000000004;0.9966989220854572
0.05093;0.9967510754647249
0.050985;0.9968047344028198
0.05104;0.9968599700051162
0.051095;0.9969168576095293
0.05115;0.9969754770710365
0.051205;0.997035913069021
0.05126;0.9970982554391957
0.051315;0.9971625995325963
0.05137;0.9972290466039704
0.051425;0.9972977042324195
0.051480000000000005;0.9973686867772755
0.051535000000000004;0.9974421158726169
0.051590000000000004;0.9975181209641182
0.051645;0.9975968398924183
0.0517;0.9976784195275403
0.051755;0.9977630164595462
0.05181;0.997850797751038
0.051865;0.9979419417579256
0.05192;0.9980366390254253
0.051975;0.9981350932673327
0.05203;0.9982375224372693
0.052085;0.9983441599019146
0.05214;0.9984552557272701
0.052195000000000005;0.9985710780904877
0.052250000000000005;0.9986919148312436
0.052305000000000004;0.9988180751585545
0.052360000000000004;0.9989498915308344
0.052415;0.9990877217293999
0.05247;0.9992319511482318
0.052525;0.9993829953259606
0.05258;0.9995413027493846
0.052635;0.9997073579620978
0.05269;0.9998816850162705
0.052745;1.0000648513111783
0.0528;1.0002574718682973
0.052855;1.0004602141000059
0.05291;1.00067380313753
0.052965000000000005;1.000899027793504
0.053020000000000005;1.0011367472462147
0.053075000000000004;1.0013878985460212
0.053130000000000004;1.0016535050604432
0.053185;1.0019346859930598
0.05324;1.0022326671335648
0.053295;1.0025487930224215
0.05335;1.00288454074472
0.053405;1.0032415356047653
0.05346;1.0036215689770813
0.053515;1.0040266186825428
0.05357;1.0044588723014574
0.053625;1.004920753912423
0.05368;1.0054149548378777
0.053735000000000005;1.005944469089405
0.053790000000000004;1.006512634342548
0.053845000000000004;1.0071231794372628
0.0539;1.007780279604709
0.053955;1.0084886208722723
0.05401;1.0092534754095308
0.054065;1.010080789963169
0.05412;1.0109772900088854
0.054175;1.0119506028491756
0.05423;1.0130094036407178
0.054285;1.0141635892886067
0.05434;1.0154244863541921
0.054395;1.0168051006655137
0.054450000000000005;1.0183204182957082
0.054505000000000005;1.0199877701202011
0.054560000000000004;1.0218272754599884
0.054615000000000004;1.023862384609275
0.05467;1.0261205456626006
0.054725;1.0286340284480482
0.05478;1.031440948153111
0.054835;1.034586544237133
0.05489;1.0381247876107615
0.054945;1.0421204124077903
0.055;1.0466515001400434
0.055055;1.051812786550805
0.05511;1.0577199190144446
0.055165;1.0645149700403087
0.055220000000000005;1.0723736168088136
0.055275000000000005;1.0815145350978201
0.055330000000000004;1.0922117351482492
0.055385000000000004;1.1048107883013487
0.05544;1.119750140857125
0.055495;1.137588925011881
0.05555;1.159042687699727
0.055605;1.1850278520344104
0.05566;1.2167135461565257
0.055715;1.2555735838794955
0.05577;1.3034175276704132
0.055825;1.3623497579407793
0.05588;1.4345467573651343
0.055935;1.5216460120353585
0.055990000000000005;1.623437100110661
0.056045000000000005;1.7356193259717454
0.056100000000000004;1.8471143346857022
0.056155000000000004;1.9392284380837252
0.05621;1.9904278995594824
0.056265;1.9870954489796948
0.05632;1.932179995725697
0.056375;1.8427196007464433
0.05643;1.739243704121487
0.056485;1.6372843539862607
0.05654;1.545229371062501
0.056595;1.4660300386601903
0.05665;1.3995910621420762
0.056705000000000005;1.344496177429673
0.056760000000000005;1.2989617738043144
0.056815000000000004;1.2612742298170387
0.056870000000000004;1.229949833350217
0.056925;1.2037652303570376
0.05698;1.1817356082043542
0.057035;1.1630768086367926
0.05709;1.1471667058602617
0.057145;1.1335114065944285
0.0572;1.121717569565922
0.057255;1.1114704662345503
0.05731;1.102516874240346
0.057365;1.0946518378659154
0.05742;1.0877084440630387
0.057475000000000005;1.0815499196491514
0.057530000000000005;1.0760635048219234
0.057585000000000004;1.0711556840093603
0.057640000000000004;1.0667484551428061
0.057695;1.0627763956768554
0.05775;1.0591843423648197
0.057805;1.0559255460332229
0.05786;1.0529601958345987
0.057915;1.0502542324224717
0.05797;1.047778388276291
0.058025;1.0455074075773518
0.05808;1.0434194087729272
0.058135;1.0414953611322917
0.05819;1.0397186528396658
0.058245000000000005;1.0380747329622402
0.058300000000000005;1.0365508133304744
0.058355000000000004;1.035135619236976
0.058410000000000004;1.0338191800967296
0.058465;1.0325926529632978
0.05852;1.0314481731745568
0.058575;1.0303787274919887
0.05863;1.0293780459642337
0.058685;1.0284405094369578
0.05874;1.0275610701856637
0.058795;1.0267351835943688
0.05885;1.0259587491638897
0.058905;1.0252280594264456
0.058960000000000005;1.024539755581943
0.059015000000000005;1.0238907888665252
0.059070000000000004;1.023278386824312
0.059125000000000004;1.0227000237852877
0.05918;1.0221533949615214
0.059235;1.0216363936644577
0.05929;1.0211470912213658
0.059345;1.0206837192321323
0.0594;1.0202446538600463
0.059455;1.0198284018947001
0.05951;1.0194335883623578
0.059565;1.019058945490533
0.05962;1.0187033028604031
0.059675;1.0183655786031056
0.059730000000000005;1.0180447715154481
0.059785000000000005;1.017739953986911
0.059840000000000004;1.0174502656439093
0.059895000000000004;1.017174907629421
0.05995;1.0169131374463747
0.060005;1.0166642643022403
0.06006;1.0164276448998562
0.060115;1.0162026796263466
0.06017;1.015988809097566
0.060225;1.0157855110208518
0.06028;1.015592297342852
0.060335;1.0154087116533166
0.06039;1.0152343268189319
0.060445;1.0150687428242235
0.060500000000000005;1.01491158479907
0.060555000000000005;1.014762501214726
0.060610000000000004;1.0146211622320143
0.060665000000000004;1.014487258187365
0.06072;1.0143604982036547
0.060775;1.0142406089142975
0.06083;1.0141273332902299
0.060885;1.014020429560427
0.06094;1.013919670217577
0.060995;1.0138248411014248
0.06105;1.013735740552918
0.061105;1.0136521786330845
0.06116;1.0135739764010767
0.061215000000000006;1.0135009652463967
0.061270000000000005;1.0134329862707545
0.061325000000000005;1.0133698897154781
0.061380000000000004;1.0133115344307302
0.061435000000000003;1.0132577873831732
0.06149;1.0132085231989925
0.061545;1.0131636237394737
0.0616;1.0131229777066497
0.061655;1.013086480276603
0.06171;1.013054032758371
0.061765;1.0130255422765362
0.06182;1.0130009214756406
0.061875;1.0129800882449465
0.06193;1.0129629654619305
0.061985000000000005;1.0129494807532484
0.062040000000000005;1.012939566271877
0.062095000000000004;1.0129331584893402
0.062150000000000004;1.0129301980018937
0.062205;1.012930629349827
0.06226;1.012934400848863
0.062315;1.0129414644329473
0.06237;1.0129517755076378
0.062425;1.012965292813405
0.06248;1.0129819782981802
0.06253500000000001;1.013001796998658
0.06259;1.0130247169297102
0.062645;1.013050708981462
0.0627;1.0130797468235748
0.062755;1.0131118068162888
0.06281;1.0131468679278688
0.062865;1.0131849116580431
0.06292;1.0132259219671413
0.062975;1.0132698852106174
0.06303;1.0133167900786417
0.063085;1.0133666275405524
0.06314;1.0134193907938593
0.063195;1.0134750752176447
0.06325;1.013533678330082
0.063305;1.0135951997499686
0.06336;1.0136596411619876
0.063415;1.0137270062856543
0.06347;1.013797300847699
0.063525;1.0138705325578319
0.06358;1.0139467110876856
0.063635;1.0140258480528919
0.06369;1.0141079569981521
0.063745;1.0141930533852108
0.0638;1.0142811545836343
0.06385500000000001;1.0143722798643722
0.06391000000000001;1.0144664503959435
0.06396500000000001;1.0145636892432741
0.06402000000000001;1.0146640213690594
0.06407500000000001;1.0147674736376546
0.06413;1.0148740748214415
0.064185;1.0149838556095798
0.06424;1.0150968486192251
0.064295;1.0152130884090644
0.06435;1.0153326114952512
0.064405;1.0154554563696785
0.06446;1.0155816635205706
0.064515;1.0157112754554298
0.06457;1.0158443367263275
0.064625;1.0159808939575017
0.06468;1.0161209958753568
0.064735;1.0162646933407953
0.06479;1.0164120393839633
0.064845;1.016563089241399
0.0649;1.0167179003956381
0.064955;1.0168765326172728
0.06501;1.0170390480095624
0.065065;1.0172055110555644
0.06512;1.0173759886679083
0.065175;1.0175505502411795
0.06523;1.0177292677070686
0.065285;1.017912215592233
0.06534000000000001;1.0180994710790554
0.06539500000000001;1.018291114069251
0.06545000000000001;1.0184872272504972
0.06550500000000001;1.0186878961660955
0.06556000000000001;1.0188932092877834
0.065615;1.019103258091784
0.06567;1.0193181371381645
0.065725;1.0195379441536343
0.06578;1.019762780117854
0.065835;1.0199927493534002
0.06589;1.0202279596194823
0.065945;1.020468522209507
0.066;1.0207145520526921
0.066055;1.020966167819788
0.06611;1.0212234920330947
0.066165;1.021486651180872
0.06622;1.0217557758363798
0.066275;1.022031000781649
0.06633;1.02231246513611
0.066385;1.0226003124903944
0.06644;1.0228946910453414
0.066495;1.0231957537565264
0.06655;1.0235036584844035
0.066605;1.0238185681503789
0.06666;1.0241406508989486
0.066715;1.0244700802661901
0.06677;1.0248070353548033
0.066825;1.0251517010159847
0.06688000000000001;1.0255042680383901
0.06693500000000001;1.0258649333444263
0.06699000000000001;1.0262339001941958
0.06704500000000001;1.026611378397387
0.0671;1.0269975845333685
0.067155;1.0273927421798812
0.06721;1.0277970821506208
0.067265;1.0282108427420404
0.06732;1.028634269989797
0.067375;1.0290676179351612
0.06743;1.029511148901821
0.067485;1.0299651337834577
0.06754;1.0304298523425597
0.067595;1.0309055935208804
0.06765;1.0313926557620112
0.067705;1.0318913473465816
0.06776;1.0324019867405172
0.067815;1.03292490295694
0.06787;1.0334604359322148
0.067925;1.0340089369167051
0.06798;1.0345707688808008
0.068035;1.0351463069368754
0.06809;1.0357359387777185
0.068145;1.0363400651321526
0.0682;1.0369591002384584
0.068255;1.037593472336353
0.06831;1.0382436241781667
0.06836500000000001;1.0389100135600373
0.06842000000000001;1.0395931138738363
0.06847500000000001;1.0402934146806344
0.06853000000000001;1.0410114223065239
0.06858500000000001;1.0417476604616533
0.06864;1.0425026708833054
0.068695;1.0432770140039545
0.06875;1.0440712696451895
0.068805;1.0448860377384717
0.06886;1.0457219390736496
0.068915;1.0465796160762737
0.06897;1.0474597336146778
0.069025;1.0483629798378833
0.06908;1.0492900670453496
0.069135;1.0502417325896594
0.06919;1.0512187398132282
0.069245;1.0522218790200615
0.0693;1.0532519684837462
0.069355;1.0543098554927197
0.06941;1.0553964174339256
0.069465;1.056512562915973
0.06952;1.0576592329328327
0.069575;1.0588374020692002
0.06963;1.0600480797485075
0.069685;1.0612923115245758
0.06974;1.0625711804179294
0.069795;1.0638858082975746
0.06985000000000001;1.0652373573091531
0.06990500000000001;1.0666270313501338
0.06996000000000001;1.0680560775927421
0.07001500000000001;1.0695257880551083
0.07007000000000001;1.0710375012210351
0.070125;1.072592603708552
0.07018;1.0741925319874115
0.070235;1.0758387741451365
0.07029;1.077532871701397
0.070345;1.079276421469862
0.0704;1.081071077466535
0.070455;1.0829185528631915
0.07051;1.0848206219840955
0.070565;1.0867791223437149
0.07062;1.0887959567227021
0.070675;1.090873095278714
0.07073;1.093012577688146
0.070785;1.0952165153139342
0.07084;1.0974870933940422
0.070895;1.0998265732440557
0.07095;1.1022372944665868
0.071005;1.1047216771588901
0.07106;1.1072822241090399
0.071115;1.1099215229695432
0.07117;1.1126422483959235
0.071225;1.115447164136066
0.07128;1.1183391250545087
0.071335;1.121321079073691
0.07139000000000001;1.1243960690123775
0.07144500000000001;1.1275672342988265
0.07150000000000001;1.1308378125340282
0.07155500000000001;1.1342111408775193
0.07161000000000001;1.1376906572253043
0.071665;1.1412799011463977
0.07172;1.1449825145408368
0.071775;1.1488022419786417
0.07183;1.1527429306751307
0.071885;1.1568085300537976
0.07194;1.1610030908437363
0.071995;1.1653307636537173
0.07205;1.1697957969602684
0.072105;1.1744025344420455
0.07216;1.1791554115872496
0.072215;1.184058951495614
0.07227;1.1891177597909046
0.072325;1.194336518553964
0.07238;1.1997199791811264
0.072435;1.205272954066798
0.07249;1.2110003070042823
0.072545;1.21690694219314
0.0726;1.2229977917376356
0.072655;1.2292778015162442
0.07271;1.2357519152994603
0.072765;1.2424250569911517
0.07282;1.2493021108677473
0.07287500000000001;1.2563878996906233
0.07293000000000001;1.2636871605700222
0.07298500000000001;1.2712045184636944
0.07304000000000001;1.2789444572015085
0.07309500000000001;1.2869112879382951
0.07315;1.2951091149516747
0.073205;1.3035417987207472
0.07326;1.3122129162445122
0.073315;1.3211257185886498
0.07337;1.3302830856836019
0.073425;1.3396874784396573
0.07348;1.3493408882947422
0.073535;1.3592447843710938
0.07359;1.3694000584896793
0.073645;1.3798069683813021
0.0737;1.3904650795487004
0.073755;1.4013732063933857
0.07381;1.4125293534606
0.073865;1.4239306580693674
0.07392;1.4355733364118948
0.073975;1.4474526371195446
0.07403;1.4595628116608295
0.074085;1.4718971300389654
0.07414;1.4844480686588974
0.074195;1.4972090545173498
0.07425;1.5840328198233877
0.074305;1.5849062449772946
0.07436000000000001;1.587961352488934
0.07441500000000001;1.592021443548521
0.07447000000000001;1.5966870734712297
0.07452500000000001;1.6017663984231834
0.07458000000000001;1.6071501037969433
0.074635;1.6127689220184258
0.07469;1.6185755814122678
0.074745;1.6245359675404383
0.0748;1.6306243438552237
0.074855;1.6368205694148807
0.07491;1.6431083838607037
0.074965;1.649474300890835
0.07502;1.6559068672462909
0.075075;1.6623961509093341
0.07513;1.668933378337167
0.075185;1.6755106716412103
0.07524;1.682120854608476
0.075295;1.688757307265022
0.07535;1.695413855383391
0.075405;1.702084685614849
0.07546;1.7087642797266327
0.075515;1.7154473632990805
0.07557;1.7221288655170335
0.075625;1.7288038875794864
0.07568;1.7354676778804168
0.075735;1.7421156125642006
0.07579;1.7487431803871991
0.07584500000000001;1.755345971057913
0.07590000000000001;1.7619196664078778
0.07595500000000001;1.7684600338803123
0.07601000000000001;1.7749629219262126
0.07606500000000001;1.7814242569759893
0.07612000000000001;1.7878400417156517
0.076175;1.7942063544434066
0.07623;1.800519349320326
0.076285;1.8067752573570741
0.07634;1.8129703880029555
0.076395;1.8191011312213468
0.07645;1.825163959951175
0.076505;1.8311554328659336
0.07656;1.8370721973514759
0.076615;1.8429109926320684
0.07667;1.8486686529806382
0.076725;1.854342110953887
0.07678;1.8599284005977352
0.076835;1.8654246605708622
0.07689;1.8708281371367954
0.076945;1.8761361869753812
0.077;1.8813462797649565
0.077055;1.8864560004842976
0.07711;1.8914630513808564
0.077165;1.8963652535458404
0.07722;1.901160548028615
0.077275;1.9058469964103262
0.07733;1.9104227807391112
0.07738500000000001;1.9148862027029494
0.07744000000000001;1.919235681880323
0.07749500000000001;1.9234697528551827
0.07755000000000001;1.9275870609068324
0.07760500000000001;1.9315863558731792
0.07766;1.9354664836206705
0.077715;1.9392263743059774
0.07777;1.9428650262359504
0.077825;1.9463814835442992
0.07788;1.9497748049710428
0.077935;1.953044019516581
0.07799;1.9561880622218402
0.078045;1.9592056790052694
0.0781;1.9620952818376862
0.078155;1.964854721486293
0.07821;1.9674809181480348
0.078265;1.9699692362015309
0.07832;1.9723123742850153
0.078375;1.9744982805058486
0.07843;1.9765059590525702
0.078485;1.9782962865694125
0.07854;1.9797895809433832
0.078595;1.9808021980459352
0.07865;1.980825933785121
0.078705;1.9779643524116977
0.07876;1.9593723346719065
0.078815;1.3521420631584862
0.07887000000000001;1.95572952016365
0.07892500000000001;1.9854315067766677
0.07898000000000001;1.9910880584062087
0.07903500000000001;1.9935340336130862
0.07909000000000001;1.995052813908716
0.07914500000000001;1.9961692575489098
0.0792;1.9970543931067204
0.079255;1.9977773111630164
0.07931;1.9983705886430345
0.079365;1.9988516367901736
0.07942;1.999230852535421
0.079475;1.9995151124625639
0.07953;1.9997094094904986
0.079585;1.9998176752746082
0.07964;1.9998432174661023
0.079695;1.9997889631212145
0.07975;1.9996575993495864
0.079805;1.9994516570497691
0.07986;1.999173561924654
0.079915;1.9988256660746453
0.07997;1.9984102677419966
0.080025;1.9979296236569737
0.08008;1.9973859566743213
0.080135;1.9967814603650083
0.08019;1.996118301616892
0.080245;1.9953986219246254
0.0803;1.9946245378156582
0.08035500000000001;1.993798140710446
0.08041000000000001;1.9929214964185207
0.08046500000000001;1.9919966444084187
0.08052000000000001;1.991025596946492
0.08057500000000001;1.9900103381710927
0.08063000000000001;1.9889528231480622
0.080685;1.9878549769399532
0.08074;1.9867186937112
0.080795;1.985545835884851
0.08085;1.98433823336084
0.080905;1.9830976828027862
0.08096;1.9818259469970154
0.081015;1.9805247542859112
0.08107;1.9791957980760635
0.081125;1.9778407364207045
0.08118;1.97646119167501
0.081235;1.9750587502223442
0.08129;1.9736349622690799
0.081345;1.9721913417052872
0.0814;1.9707293660283793
0.081455;1.9692504763266732
0.08151;1.9677560773197673
0.081565;1.966247537452473
0.08162;1.9647261890391783
0.081675;1.9631933284554566
0.08173;1.961650216373763
0.081785;1.9600980780402018
0.08184;1.958538103589291
0.08189500000000001;1.9569714483938903
0.08195000000000001;1.9553992334473316
0.08200500000000001;1.9538225457752065
0.08206000000000001;1.9522424388739867
0.08211500000000001;1.950659933174064
0.08217;1.9490760165247576
0.082225;1.9474916446989599
0.08228;1.945907741915214
0.082335;1.944325201375159
0.08239;1.942744885814262
0.082445;1.9411676280640786
0.0825;1.9395942316241075
0.082555;1.9380254712416594
0.08261;1.9364620934981296
0.082665;1.934904817400152
0.08272;1.9333543349742421
0.082775;1.9318113118637155
0.08283;1.9302763879264762
0.082885;1.9287501778327503
0.08294;1.9272332716615308
0.082995;1.9257262354949007
0.08305;1.9242296120092206
0.083105;1.9227439210624133
0.08316;1.9212696602765724
0.083215;1.9198073056151899
0.08327;1.918357311954349
0.083325;1.9169201136473601
0.08338000000000001;1.915496125082242
0.08343500000000001;1.9140857412316423
0.08349000000000001;1.9126893381947492
0.08354500000000001;1.9113072737308294
0.08360000000000001;1.9099398877840366
0.08365500000000001;1.9085875029992774
0.08371;1.9072504252287885
0.083765;1.9059289440292746
0.08382;1.9046233331494606
0.083875;1.9033338510077977
0.08393;1.9020607411603452
0.083985;1.9008042327586443
0.08404;1.8995645409975934
0.084095;1.898341867553181
0.08415;1.8971364010102219
0.084205;1.8959483172799365
0.08426;1.894777780007513
0.084315;1.8936249409696413
0.08437;1.8924899404620987
0.084425;1.891372907677439
0.08448;1.8902739610728776
0.084535;1.8891932087284993
0.08459;1.8881307486958354
0.084645;1.8870866693370016
0.0847;1.8860610496544694
0.084755;1.8850539596116018
0.08481;1.884065460444162
0.08486500000000001;1.8830956049628484
0.08492000000000001;1.8821444378471157
0.08497500000000001;1.8812119959303013
0.08503000000000001;1.880298308476369
0.08508500000000001;1.8794033974483353
0.08514000000000001;1.878527277768559
0.085195;1.8776699575711184
0.08525;1.8768314384463598
0.085305;1.8760117156778748
0.08536;1.8752107784719927
0.085415;1.8744286101801007
0.08547;1.8736651885137607
0.085525;1.8729204857529715
0.08558;1.8721944689476941
0.085635;1.8714871001127626
0.08569;1.8707983364164202
0.085745;1.8701281303626003
0.0858;1.869476429967151
0.085855;1.8688431789281468
0.08591;1.8682283167904528
0.085965;1.8676317791047274
0.08602;1.8670534975809643
0.086075;1.8664934002368143
0.08613;1.865951411540754
0.086185;1.8654274525503263
0.08624;1.8649214410455186
0.086295;1.8644332916575264
0.08635;1.863962915992956
0.08640500000000001;1.8635102227536406
0.08646000000000001;1.8630751178522404
0.08651500000000001;1.8626575045236737
0.08657000000000001;1.862257283432626
0.08662500000000001;1.861874352777149
0.08668000000000001;1.8615086083885672
0.086735;1.8611599438277504
0.08679;1.8608282504779434
0.086845;1.8605134176341502
0.0869;1.8602153325893378
0.086955;1.8599338807174548
0.08701;1.859668945553424
0.087065;1.8594204088701851
0.08712;1.8591881507529358
0.087175;1.8589720496706215
0.08723;1.8587719825448292
0.087285;1.858587824816075
0.08734;1.8584194505077245
0.087395;1.8582667322875022
0.08745;1.8581295415267696
0.087505;1.858007748357573
0.08756;1.8579012217276516
0.087615;1.857809829453348
0.08767;1.8577334382706379
0.087725;1.8576719138842692
0.08778;1.8576251210150672
0.087835;1.857592923445552
0.08789000000000001;1.8575751840638997
0.08794500000000001;1.8575717649062575
0.08800000000000001;1.857582527197589
0.08805500000000001;1.8576073313910084
0.08811000000000001;1.8576460372057337
0.08816500000000001;1.857698503663668
0.08822;1.8577645891246917
0.088275;1.8578441513207096
0.08833;1.8579370473885126
0.088385;1.8580431339015209
0.08844;1.8581622669003708
0.088495;1.8582943019225542
0.08855;1.8584390940309499
0.088605;1.8585964978415106
0.08866;1.8587663675499222
0.088715;1.8589485569575
0.08877;1.8591429194961604
0.088825;1.8593493082526493
0.08888;1.8595675759919772
0.088935;1.859797575180137
0.08899;1.860039158006155
0.089045;1.8602921764033855
0.0891;1.8605564820702996
0.089155;1.8608319264905724
0.08921;1.861118360952616
0.089265;1.8614156365685608
0.08932;1.8617236042927365
0.08937500000000001;1.8620421149395923
0.08943000000000001;1.8623710192011846
0.08948500000000001;1.8627101676641715
0.08954000000000001;1.8630594108263747
0.08959500000000001;1.8634185991129242
0.08965000000000001;1.8637875828919954
0.08970500000000001;1.864166212490124
0.08976;1.8645543382072027
0.089815;1.8649518103310765
0.08987;1.8653584791517899
0.089925;1.8657741949755033
0.08998;1.8661988081381196
0.090035;1.8666321690185106
0.09009;1.8670741280515188
0.090145;1.867524535740634
0.0902;1.8679832426703236
0.090255;1.8684500995181648
0.09031;1.8689249570666158
0.090365;1.869407666214546
0.09042;1.8698980779884766
0.090475;1.8703960435535367
0.09053;1.8709014142241434
0.090585;1.8714140414744291
0.09064;1.871933776948344
0.090695;1.8724604724694902
0.09075;1.872993980050696
0.090805;1.8735341519032707
0.09086;1.874080840445937
0.09091500000000001;1.8746338983135196
0.09097000000000001;1.8751931783652416
0.09102500000000001;1.875758533692751
0.09108000000000001;1.8763298176278131
0.09113500000000001;1.8769068837495848
0.09119000000000001;1.8774895858916059
0.091245;1.878077778148368
0.0913;1.8786713148815097
0.091355;1.8792700507255902
0.09141;1.879873840593418
0.091465;1.880482539680971
0.09152;1.8810960034717996
0.091575;1.8817140877409668
0.09163;1.8823366485584574
0.091685;1.8829635422920186
0.09174;1.8835946256094762
0.091795;1.8842297554803866
0.09185;1.8848687891771168
0.091905;1.885511584275165
0.09196;1.8861579986528922
0.092015;1.886807890490407
0.09207;1.8874611182676961
0.092125;1.8881175407619837
0.09218;1.8887770170441247
0.092235;1.88943940647415
0.09229;1.8901045686958111
0.092345;1.8907723636301073
0.09240000000000001;1.8914426514677514
0.09245500000000001;1.8921152926604399
0.09251000000000001;1.8927901479110079
0.09256500000000001;1.8934670781622387
0.09262000000000001;1.8941459445843651
0.09267500000000001;1.8948266085611636
0.09273;1.8955089316745464
0.092785;1.8961927756875774
0.09284;1.8968780025258132
0.092895;1.8975644742569264
0.09295;1.898252053068405
0.093005;1.8989406012433483
0.09306;1.8996299811341653
0.093115;1.900320055134072
0.09317;1.901010685646276
0.093225;1.901701735050724
0.09328;1.9023930656682342
0.093335;1.9030845397218787
0.09339;1.9037760192955004
0.093445;1.9044673662891163
0.0935;1.9051584423710641
0.093555;1.9058491089267215
0.09361;1.9065392270035637
0.093665;1.9072286572523132
0.09372;1.907917259864036
0.093775;1.908604894502827
0.09383;1.9092914202338822
0.09388500000000001;1.909976695446686
0.09394000000000001;1.9106605777729235
0.09399500000000001;1.9113429239989081
0.09405000000000001;1.91202358997208
0.09410500000000001;1.9127024305012474
0.09416000000000001;1.9133792992501557
0.09421500000000001;1.914054048623946
0.09427;1.9147265296481044
0.094325;1.9153965918392706
0.09438;1.9160640830675444
0.094435;1.9167288494095718
0.09449;1.9173907349918928
0.094545;1.9180495818238366
0.0946;1.918705229619278
0.094655;1.9193575156064677
0.09471;1.9200062743251218
0.094765;1.9206513374098975
0.09482;1.9212925333592128
0.094875;1.9219296872884986
0.09493;1.9225626206666069
0.094985;1.9231911510342956
0.09504;1.9238150917033754
0.095095;1.9244342514351356
0.09515;1.925048434096484
0.095205;1.9256574382921647
0.09526;1.9262610569711431
0.095315;1.9268590770052965
0.09537000000000001;1.9274512787381524
0.09542500000000001;1.9280374355014114
0.09548000000000001;1.9286173130966817
0.09553500000000001;1.9291906692396583
0.09559000000000001;1.9297572529636988
0.09564500000000001;1.9303168039795573
0.09570000000000001;1.930869051987614
0.095755;1.9314137159387137
0.09581;1.9319505032393007
0.095865;1.9324791088961257
0.09592;1.9329992145953958
0.095975;1.9335104877107232
0.09603;1.9340125802336305
0.096085;1.9345051276198504
0.09614;1.9349877475439299
0.096195;1.9354600385538987
0.09625;1.9359215786169588
0.096305;1.936371923546153
0.09636;1.9368106052971183
0.096415;1.937237130122638
0.09647;1.937650976571604
0.096525;1.9380515933175326
0.09658;1.9384383968001808
0.096635;1.9388107686618867
0.09669;1.939168052958593
0.096745;1.9395095531228133
0.0968;1.9398345286537015
0.096855;1.9401421915062411
0.09691000000000001;1.940431702148538
0.09696500000000001;1.9407021652525869
0.09702000000000001;1.940952624979751
0.09707500000000001;1.941182059817634
0.09713000000000001;1.9413893769199735
0.09718500000000001;1.9415734058950018
0.09724000000000001;1.9417328919814048
0.097295;1.9418664885431745
0.09735;1.941972748806194
0.097405;1.942050116749512
0.09746;1.9420969170531321
0.097515;1.9421113439914013
0.09757;1.9420914491463794
0.097625;1.9420351277990562
0.09768;1.9419401038368966
0.097735;1.9418039129944102
0.09779;1.9416238842180176
0.097845;1.941397118917347
0.0979;1.9411204678315934
0.097955;1.940790505200632
0.09801;1.9404034998858524
0.098065;1.9399553830334808
0.09812;1.9394417118130904
0.098175;1.9388576286937846
0.09823;1.9381978156390969
0.098285;1.9374564425069933
0.09834;1.9366271088304499
0.09839500000000001;1.9357027780253302
0.09845000000000001;1.9346757029213069
0.09850500000000001;1.9335373413353063
0.09856000000000001;1.9322782602006692
0.09861500000000001;1.9308880265236488
0.09867000000000001;1.9293550831561617
0.09872500000000001;1.927666607042594
0.09878;1.9258083472111402
0.098835;1.9237644393274325
0.09889;1.921517193100172
0.098945;1.9190468482137921
0.099;1.9163312937509926
0.099055;1.9133457452469478
0.09911;1.9100623725771064
0.099165;1.906449870816845
0.09922;1.9024729650238277
0.099275;1.8980918385978625
0.09933;1.89326147350209
0.099385;1.8879308892536577
0.09944;1.8820422663352245
0.099495;1.8755299387494047
0.09955;1.8683192401766893
0.099605;1.860325189143368
0.09966;1.851451001599878
0.099715;1.8415864256431633
0.09977;1.8306059047415961
0.099825;1.818366595657977
0.09988000000000001;1.804706299613733
0.09993500000000001;1.7894414163157442
0.09999000000000001;1.7723651090875612
0.10004500000000001;1.753245987601661
0.10010000000000001;1.731827788480537
0.10015500000000001;1.7078307827108468
0.10021000000000001;1.6809559830648075
0.100265;1.6508936801119747
0.10032;1.6173383979734868
0.100375;1.5800129790861286
0.10043;1.538705032708014
0.100485;1.4933190965159264
0.10054;1.4439469895197266
0.100595;1.3909560972634791
0.10065;1.3350896579982539
0.100705;1.2775637605221137
0.10076;1.220133417841964
0.100815;1.1650885416830274
0.10087;1.1151379083948672
0.100925;1.0731556375769056
0.10098;1.041805961070547
0.101035;1.0231188220672238
0.10109;1.0181329809264095
0.101145;1.0267216447877645
0.1012;1.0476573678161096
0.101255;1.078885492928162
0.10131;1.1179072589629218
0.101365;1.162157563646783
0.10142000000000001;1.209294346630572
0.10147500000000001;1.2573677694269645
0.10153000000000001;1.304879727012397
0.10158500000000001;1.3507655804066987
0.10164000000000001;1.3943328098275263
0.10169500000000001;1.435183941646882
0.10175000000000001;1.4731410635762976
0.101805;1.5081806557848887
0.10186;1.5403816429831685
0.101915;1.5698862878936375
0.10197;1.5968720586867147
0.102025;1.6215321874787993
0.10208;1.6440627661826286
0.102135;1.664654574577891
0.10219;1.6834882283404418
0.102245;1.7007315912320382
0.1023;1.7165386875429391
0.102355;1.73104957596429
0.10241;1.7443908129486085
0.102465;1.756676253950281
0.10252;1.7680080259009046
0.102575;1.778477563247863
0.10263;1.7881666402006244
0.102685;1.7971483589903665
0.10274;1.8054880719553288
0.102795;1.8132442269793712
0.10285;1.8204691332465148
0.10290500000000001;1.8272096488310594
0.10296000000000001;1.8335077942868923
0.10301500000000001;1.839401297791827
0.10307000000000001;1.8449240779907066
0.10312500000000001;1.850106670767456
0.10318000000000001;1.8549766059604698
0.10323500000000001;1.8595587396516653
0.10329;1.8638755471916644
0.103345;1.8679473816270877
0.1034;1.871792701703928
0.103455;1.8754282731530492
0.10351;1.8788693465305597
0.103565;1.8821298144916876
0.10362;1.8852223510231172
0.103675;1.8881585348440815
0.10373;1.890948958908276
0.103785;1.8936033276947581
0.10384;1.8961305437616054
0.103895;1.8985387848493114
0.10395;1.9008355726581592
0.104005;1.9030278342814881
0.10406;1.9051219571537976
0.104115;1.9071238382649096
0.10417;1.9090389282982245
0.104225;1.9108722712698658
0.10428;1.9126285401747616
0.104335;1.9143120690843474
0.10439000000000001;1.915926882086801
0.10444500000000001;1.9174767194141193
0.10450000000000001;1.918965061059473
0.10455500000000001;1.9203951481527413
0.10461000000000001;1.9217700023308788
0.10466500000000001;1.9230924433125876
0.10472000000000001;1.924365104862771
0.10477500000000001;1.9255904493114169
0.10483;1.9267707807730006
0.104885;1.9279082571964021
0.10494;1.9290049013610286
0.104995;1.9300626109223118
0.10505;1.9310831675985802
0.105105;1.932068245581593
0.10516;1.9330194192443002
0.105215;1.9339381702117389
0.10527;1.9348258938541578
0.105325;1.9356839052553942
0.10538;1.9365134447042327
0.105435;1.9373156827515687
0.10549;1.9380917248721001
0.105545;1.9388426157653034
0.1056;1.939569343327176
0.105655;1.940272842321177
0.10571;1.94095399777404
0.105765;1.9416136481197463
0.10582;1.942252588112693
0.105875;1.9428715715293305
0.10593000000000001;1.943471313675479
0.10598500000000001;1.9440524937152075
0.10604000000000001;1.9446157568356768
0.10609500000000001;1.945161716260948
0.10615000000000001;1.945690955126753
0.10620500000000001;1.946204028227057
0.10626000000000001;1.946701463642441
0.106315;1.9471837642592453
0.10637;1.9476514091879258
0.106425;1.9481048550881253
0.10648;1.948544537407475
0.106535;1.9489708715405027
0.10659;1.9493842539135218
0.106645;1.9497850630008515
0.1067;1.9501736602773396
0.106755;1.9505503911117739
0.10681;1.9509155856052875
0.106865;1.9512695593786915
0.10692;1.9516126143122647
0.106975;1.951945039241274
0.10703;1.9522671106102611
0.107085;1.9525790930889066
0.10714;1.9528812401520383
0.107195;1.953173794626172
0.10725;1.953456989204847
0.107305;1.953731046934711
0.10736;1.9539961816743718
0.10741500000000001;1.9542525985277044
0.10747000000000001;1.954500494253225
0.10752500000000001;1.9547400576511524
0.10758000000000001;1.9549714699294576
0.10763500000000001;1.9551949050502875
0.10769000000000001;1.9554105300579303
0.10774500000000001;1.9556185053895176
0.1078;1.9558189851694314
0.107855;1.9560121174885143
0.10791;1.956198044668893
0.107965;1.9563769035153384
0.10802;1.9565488255539238
0.108075;1.9567139372587963
0.10813;1.956872360267601
0.108185;1.957024211586438
0.10824;1.9571696037847357
0.108295;1.957308645180757
0.10835;1.9574414400182336
0.108405;1.9575680886345754
0.10846;1.9576886876212127
0.108515;1.957803329976432
0.10857;1.9579121052511543
0.108625;1.9580150996880334
0.10868;1.9581123963542457
0.108735;1.9582040752682939
0.10879;1.958290213521148
0.108845;1.9583708853920072
0.10890000000000001;1.9584461624590677
0.10895500000000001;1.9585161137053473
0.10901000000000001;1.958580805620073
0.10906500000000001;1.9586403022956558
0.10912000000000001;1.9586946655205955
0.10917500000000001;1.9587439548684904
0.10923000000000001;1.9587882277833293
0.10928500000000001;1.9588275396612547
0.10934;1.9588619439290322
0.109395;1.9588914921192848
0.10945;1.9589162339427453
0.109505;1.958936217357614
0.10956;1.9589514886361812
0.109615;1.9589620924288567
0.10967;1.9589680718256954
0.109725;1.958969468415584
0.10978;1.9589663223431453
0.109835;1.9589586723635217
0.10989;1.9589465558950876
0.109945;1.9589300090702215
0.11;1.9589090667841909
0.110055;1.9588837627422846
0.11011;1.9588541295052107
0.110165;1.9588201985328941
0.11022;1.9587820002267067
0.110275;1.958739563970211
0.11033;1.9586929181684976
0.110385;1.958642090286141
0.11044000000000001;1.9585871068838767
0.11049500000000001;1.9585279936540096
0.11055000000000001;1.958464775454664
0.11060500000000001;1.9583974763428849
0.11066000000000001;1.9583261196065893
0.11071500000000001;1.9582507277955747
0.11077000000000001;1.9581713227514486
0.110825;1.958087925636596
0.11088;1.9580005569622898
0.110935;1.957909236615844
0.11099;1.9578139838869826
0.111045;1.9577148174933419
0.1111;1.9576117556052481
0.111155;1.9575048158697104
0.11121;1.9573940154337146
0.111265;1.9572793709668541
0.11132;1.9571608986832487
0.111375;1.9570386143628997
0.11143;1.956912533372402
0.111485;1.9567826706850964
0.11154;1.9566490409006567
0.111595;1.956511658264192
0.11165;1.956370536684784
0.111705;1.9562256897536026
0.11176;1.9560771307615268
0.111815;1.955924872716358
0.11187;1.955768928359626
0.11192500000000001;1.9556093101829668
0.11198000000000001;1.9554460304441994
0.11203500000000001;1.9552791011830082
0.11209000000000001;1.955108534236335
0.11214500000000001;1.954934341253489
0.11220000000000001;1.9547565337109885
0.11225500000000001;1.9545751229271802
0.11231000000000001;1.9543901200766882
0.112365;1.954201536204719
0.11242;1.954009382241324
0.112475;1.953813669015706
0.11253;1.9536144072707566
0.112585;1.9534116076780608
0.11264;1.9532052808539389
0.112695;1.9529954373774991
0.11275;1.9527820878130837
0.112805;1.9525652427431486
0.11286;1.9523449128312063
0.112915;1.9521211090041335
0.11297;1.9518938437243403
0.113025;1.9522815645075282
0.11308;1.9520202130211526
0.113135;1.9517565481171215
0.11319;1.951489871341183
0.113245;1.9512199556592273
0.1133;1.9509466980204242
0.113355;1.9506700439936249
0.11341000000000001;1.9503899624095224
0.11346500000000001;1.9501064346816464
0.11352000000000001;1.9498194496241954
0.11357500000000001;1.949529000675938
0.11363000000000001;1.949235084299696
0.11368500000000001;1.9489376990058194
0.11374000000000001;1.9486368447288391
0.11379500000000001;1.9483325224145294
0.11385;1.9480247337378889
0.113905;1.9477134809054415
0.11396;1.947398766513494
0.114015;1.9470805934445057
0.11407;1.9467589647899761
0.114125;1.9464338837921997
0.11418;1.9461053537995432
0.114235;1.9457733782316928
0.11429;1.9454379605522258
0.114345;1.9450991042467047
0.1144;1.9447568128049222
0.114455;1.9444110897062825
0.11451;1.944061938407623
0.114565;1.943709362332852
0.11462;1.9433533648640242
0.114675;1.9429939493334822
0.11473;1.9426311190168342
0.114785;1.9422648771265796
0.11484;1.9418952268061362
0.11489500000000001;1.9415221711242883
0.11495000000000001;1.9411457130698038
0.11500500000000001;1.940765855546229
0.11506000000000001;1.9403826013668077
0.11511500000000001;1.9399959532493727
0.11517000000000001;1.9396059138112745
0.11522500000000001;1.93921248556425
0.11528000000000001;1.9388156709092181
0.11533500000000001;1.9384154721309825
0.11539;1.938011891392773
0.115445;1.9376049307307126
0.1155;1.937194592048072
0.115555;1.9367808771093968
0.11561;1.9363637875344097
0.115665;1.9359433247917954
0.11572;1.9355194901926989
0.115775;1.9350922848840897
0.11583;1.9346617098418806
0.115885;1.9342277658638334
0.11594;1.9337904535622539
0.115995;1.933349773356426
0.11605;1.932905725464842
0.116105;1.932458309897189
0.11616;1.932007526446067
0.116215;1.9315533746784885
0.11627;1.9310958539271144
0.116325;1.9306349632812192
0.11638;1.9301707015774061
0.11643500000000001;1.929703067390071
0.11649000000000001;1.9292320590215692
0.11654500000000001;1.9287576744921031
0.11660000000000001;1.9282799115293732
0.11665500000000001;1.9277987675579014
0.11671000000000001;1.9273142396880674
0.11676500000000001;1.9268263247048916
0.11682000000000001;1.9263350190564577
0.116875;1.9258403188420692
0.11693;1.9253422198001022
0.116985;1.924840717295507
0.11704;1.9243358063070102
0.117095;1.923827481413978
0.11715;1.9233157367829634
0.117205;1.922800566153871
0.11726;1.9222819628258194
0.117315;1.9217599196426025
0.11737;1.9212344289778132
0.117425;1.9207054827196028
0.11748;1.9201730722550059
0.117535;1.9196371884539536
0.11759;1.919097821652817
0.117645;1.9185549616375726
0.1177;1.9180085976265655
0.117755;1.917458718252805
0.11781;1.9169053115458503
0.117865;1.9163483649132318
0.11792000000000001;1.9157878651214224
0.11797500000000001;1.9152237982763112
0.11803000000000001;1.914656149803208
0.11808500000000001;1.914084904426359
0.11814000000000001;1.913510046147915
0.11819500000000001;1.9129315582263988
0.11825000000000001;1.9123494231546267
0.11830500000000001;1.9117636226370482
0.11836;1.911174137566545
0.118415;1.9105809480006266
0.11847;1.909984033136994
0.118525;1.9093833712885122
0.11858;1.9087789398575281
0.118635;1.9081707153095047
0.11869;1.9075586731459897
0.118745;1.9069427878768674
0.1188;1.9063230329918814
0.118855;1.9056993809314262
0.11891;1.905071803056529
0.118965;1.904440269618063
0.11902;1.9038047497250992
0.119075;1.9031652113124482
0.11913;1.902521621107264
0.119185;1.9018739445948123
0.11924;1.9012221459832153
0.119295;1.9005661881672749
0.11935;1.8999060326912713
0.11940500000000001;1.8992416397107157
0.11946000000000001;1.8985729679530572
0.11951500000000001;1.8978999746772047
0.11957000000000001;1.8972226156319698
0.11962500000000001;1.896540845013268
0.11968000000000001;1.8958546154201064
0.11973500000000001;1.8951638778092572
0.11979000000000001;1.8944685814486375
0.11984500000000001;1.8937686738692823
0.1199;1.8930641008159055
0.119955;1.892354806195984
0.12001;1.8916407320272897
0.120065;1.8909218183838405
0.12012;1.8901980033401755
0.120175;1.8894692229139702
0.12023;1.8887354110067966
0.120285;1.8879964993430898
0.12034;1.8872524174071703
0.120395;1.886503092378265
0.12045;1.8857484490634888
0.120505;1.8849884098286354
0.12056;1.8842228945267234
0.120615;1.8834518204242803
0.12067;1.8826751021251071
0.120725;1.8818926514916205
0.12078;1.8811043775634744
0.120835;1.8803101864735925
0.12089;1.8795099813611769
0.12094500000000001;1.878703662281937
0.12100000000000001;1.8778911261151732
0.12105500000000001;1.8770722664675874
0.12111000000000001;1.8762469735738683
0.12116500000000001;1.8754151341937282
0.12122000000000001;1.8745766315053054
0.12127500000000001;1.8737313449948494
0.12133000000000001;1.8728791503423685
0.121385;1.872019919303241
0.12144;1.8711535195854718
0.121495;1.870279814722526
0.12155;1.8693986639414302
0.121605;1.8685099220260066
0.12166;1.867613439175038
0.121715;1.8667090608550367
0.12177;1.8657966276474809
0.121825;1.8648759750902566
0.12188;1.8639469335129228
0.121935;1.8630093278657043
0.12199;1.862062977541765
0.122045;1.8611076961924937
0.1221;1.860143291535571
0.122155;1.85916956515529
0.12221;1.8581863122949718
0.122265;1.8571933216409007
0.12232;1.8561903750975592
0.122375;1.8551772475535904
0.12243000000000001;1.8541537066381255
0.12248500000000001;1.8531195124669688
0.12254000000000001;1.8520744173781691
0.12259500000000001;1.8510181656563849
0.12265000000000001;1.8499504932456057
0.12270500000000001;1.8488711274495035
0.12276000000000001;1.8477797866188674
0.12281500000000001;1.8466761798254774
0.12287000000000001;1.8455600065216753
0.122925;1.8444309561848884
0.12298;1.8432887079464029
0.123035;1.8421329302034326
0.12309;1.84096328021374
0.123145;1.8397794036717503
0.1232;1.8385809342652941
0.123255;1.8373674932118043
0.12331;1.836138688772981
0.123365;1.8348941157466094
0.12342;1.8336333549344164
0.123475;1.8323559725844871
0.12353;1.831061519806935
0.123585;1.8297495319612596
0.12364;1.8284195280137454
0.123695;1.8270710098633074
0.12375;1.8257034616338357
0.123805;1.824316348931128
0.12386;1.822909118062374
0.12391500000000001;1.8214811952159196
0.12397000000000001;1.8200319855990124
0.12402500000000001;1.8185608725308802
0.12408000000000001;1.8170672164886168
0.12413500000000001;1.8155503541028402
0.12419000000000001;1.8140095971000956
0.12424500000000001;1.8124442311887128
0.12430000000000001;1.8108535148845324
0.12435500000000001;1.8092366782727856
0.12441;1.8075929217019735
0.124465;1.80592141440546
0.12452;1.8042212930460702
0.124575;1.8024916601786891
0.12463;1.8007315826254535
0.124685;1.7989400897577537
0.12474;1.7971161716788362
0.124795;1.795258777300227
0.12485;1.7933668123048652
0.124905;1.7914391369890696
0.12496;1.7894745639750402
0.12501500000000002;1.787471855784787
0.12507000000000001;1.7854297222657844
0.12512500000000001;1.7833468178578296
0.12518;1.7812217386896587
0.125235;1.7790530194931184
0.12529;1.776839130321583
0.125345;1.7745784730581309
0.1254;1.772269377698071
0.125455;1.769910098388794
0.12551;1.7674988092087516
0.125565;1.7650335996657198
0.12562;1.7625124698927508
0.125675;1.759933325518541
0.12573;1.7572939721867546
0.125785;1.7545921096967834
0.12584;1.7518253257358338
0.125895;1.7489910891698413
0.12595;1.7460867428575737
0.126005;1.7431094959493125
0.12606;1.7400564156279485
0.126115;1.7369244182465708
0.12617;1.733710259812543
0.126225;1.7304105257634728
0.12628;1.7270216199755155
0.126335;1.7235397529391883
0.12639;1.719960929031797
0.126445;1.7162809328092548
0.1265;1.7124953142330306
0.126555;1.70859937274021
0.12661;1.7045881400566851
0.126665;1.7004563616440433
0.12672;1.6961984766613296
0.126775;1.691808596312349
0.12683;1.6872804804377128
0.126885;1.6826075121991573
0.12694;1.6777826706906467
0.126995;1.6727985012974256
0.12705;1.6676470836104853
0.127105;1.6623199966891453
0.12716;1.656808281450332
0.127215;1.6511023999486507
0.12727;1.6451921912981526
0.127325;1.639066823974586
0.12738;1.632714744227138
0.127435;1.6261236203233767
0.12749;1.6192802823504004
0.127545;1.6121706573027776
0.1276;1.6047796992063186
0.127655;1.5970913140596772
0.12771000000000002;1.5890882794293382
0.12776500000000002;1.5807521586137043
0.12782000000000002;1.572063209408154
0.12787500000000002;1.5630002876671065
0.12793000000000002;1.55354074608535
0.12798500000000002;1.543660328930687
0.12804000000000001;1.5333330638759108
0.12809500000000001;1.5225311526362089
0.12815000000000001;1.5112248628582012
0.128205;1.4993824246832006
0.12826;1.4869699366909015
0.128315;1.473951287604556
0.12837;1.4602881023212793
0.128425;1.4459397236542795
0.12848;1.4308632448154193
0.128535;1.415013612336309
0.12859;1.3983438250767704
0.128645;1.380805262504538
0.1287;1.3623481848818133
0.128755;1.3429224597243357
0.12881;1.3224785832541206
0.128865;1.3009690828025142
0.12892;1.27835040629501
0.128975;1.2545854277040174
0.12903;1.2296467216072309
0.129085;1.2035207834445278
0.12914;1.1762133905109025
0.129195;1.1477563051012722
0.12925;1.1182155044172668
0.129305;1.0877010654128387
0.12936;1.0563787138969818
0.129415;1.024482836821774
0.12947;0.9923304218929015
0.129525;0.9603349000503127
0.12958;0.9290182127505419
0.129635;0.8990186388532501
0.12969;0.8710911033636527
0.129745;0.8460960724026059
0.1298;0.8249730643086605
0.129855;0.8086957162279805
0.12991;0.7982076406307058
0.129965;0.7943421099760771
0.13002;0.7977334721617061
0.130075;0.8087329235339916
0.13013;0.8273440561187902
0.130185;0.8531927039679297
0.13024;0.8855402926283241
0.130295;0.9233411350796823
0.13035;0.965334556944648
0.130405;1.0101555871063435
0.13046;1.0564454896738833
0.130515;1.102945954817017
0.13057;1.1485667476360972
0.130625;1.192423591760706
0.13068000000000002;1.2338488935827365
0.13073500000000002;1.272381460670812
0.13079000000000002;1.3077425612503524
0.13084500000000002;1.3398051144253418
0.13090000000000002;1.3685613030580701
0.13095500000000002;1.3940921511682114
0.13101000000000002;1.416541040486922
0.13106500000000001;1.4360919495812532
0.13112000000000001;1.452952409202174
0.131175;1.46734071666403
0.13123;1.4794767483946212
0.131285;1.4895756659141275
0.13134;1.4978438575092008
0.131395;1.5044765477656448
0.13145;1.5096566098129778
0.131505;1.5135542137451299
0.13156;1.5163270311443926
0.131615;1.5181207872578286
0.13167;1.5190700094131189
0.131725;1.519298864386315
0.13178;1.5189220108204615
0.131835;1.5180454176117457
0.13189;1.5167671173691972
0.131945;1.515177877231984
0.132;1.5133617787855833
0.132055;1.51139670555104
0.13211;1.5093547412763595
0.132165;1.5073024855822184
0.13222;1.5053012957946383
0.132275;1.5034074653046392
0.13233;1.5016723497101845
0.132385;1.5001424524381273
0.13244;1.4988594815892708
0.132495;1.497860389447404
0.13255;1.4971774054790619
0.132605;1.496838072755773
0.13266;1.4968652965872216
0.132715;1.4972774128002173
0.13277;1.4980882815820284
0.132825;1.499307411180262
0.13288;1.5009401140762895
0.132935;1.5029876965879856
0.13299;1.505447681273577
0.133045;1.5083140600607943
0.1331;1.5115775747650275
0.133155;1.5152260206277373
0.13321;1.5192445677287614
0.133265;1.5236160946166606
0.13332;1.528321528258981
0.133375;1.53334018442454
0.13343;1.5386501028483686
0.133485;1.5442283719605396
0.13354;1.5500514385455164
0.133595;1.5560953983939563
0.13365;1.562336264772787
0.13370500000000002;1.568750212331067
0.13376000000000002;1.5753137948425113
0.13381500000000002;1.5820041359310937
0.13387000000000002;1.5887990926088045
0.13392500000000002;1.595677392058486
0.13398000000000002;1.602618742607733
0.13403500000000002;1.6096039202575998
0.13409000000000001;1.6166148324527836
0.13414500000000001;1.6236345610109384
0.1342;1.630647386275944
0.134255;1.6376387946321096
0.13431;1.644595471524185
0.134365;1.6515052820819622
0.13442;1.6583572413602423
0.134475;1.665141476083987
0.13453;1.6718491796452088
0.134585;1.678472561940066
0.13464;1.6850047954688692
0.134695;1.6914399589551659
0.13475;1.6977729795756842
0.134805;1.7039995747364667
0.13486;1.710116194182401
0.134915;1.7161199630914035
0.13497;1.7220086266802075
0.135025;1.7277804967376347
0.13508;1.7334344004027336
0.135135;1.7389696314190315
0.13519;1.7443859040221004
0.135245;1.749683309554701
0.1353;1.7548622758503796
0.135355;1.7599235293831157
0.13541;1.7648680601447666
0.135465;1.7696970891837946
0.13552;1.7744120387169913
0.135575;1.779014504709029
0.13563;1.7835062318031722
0.135685;1.787889090478431
0.13574;1.7921650563035851
0.135795;1.7963361911569242
0.13585;1.8004046262804732
0.135905;1.804372547039599
0.13596;1.8082421792622065
0.136015;1.8120157770360197
0.13607;1.8156956118477627
0.136125;1.8192839629534547
0.13618;1.8227831088753135
0.136235;1.8261953199267063
0.13629;1.8295228516728754
0.136345;1.8327679392416396
0.1364;1.8359327924038518
0.136455;1.8390195913497045
0.13651;1.842030483092436
0.136565;1.8449675784364872
0.13662;1.84783294945223
0.13667500000000002;1.8506286274042776
0.13673000000000002;1.8533566010848581
0.13678500000000002;1.8560188155081223
0.13684000000000002;1.8586171709250532
0.13689500000000002;1.8611535221224076
0.13695000000000002;1.8636296779725237
0.13700500000000002;1.866047401203858
0.13706000000000002;1.8684084083652426
0.13711500000000001;1.8707143699591882
0.13717000000000001;1.8729669107222104
0.137225;1.8751676100323518
0.13728;1.8773180024259697
0.137335;1.8794195782079723
0.13739;1.8814737841409583
0.137445;1.8834820242007553
0.1375;1.8854456603867242
0.137555;1.8873660135769221
0.13761;1.8892443644189723
0.137665;1.8910819542487305
0.13772;1.8928799860297467
0.137775;1.894639625307292
0.13783;1.8963620011714974
0.137885;1.8980482072248253
0.13794;1.899699302549786
0.137995;1.9013163126731827
0.13805;1.9029002305238187
0.138105;1.9044520173809654
0.13816;1.9059726038112872
0.138215;1.9074628905922548
0.13827;1.9089237496204496
0.138325;1.9103560248033098
0.13838;1.911760532933316
0.138435;1.9131380645435718
0.13849;1.9144893847441995
0.138545;1.9158152340389087
0.1386;1.9171163291213422
0.138655;1.9183933636510766
0.13871;1.9196470090088902
0.138765;1.9208779150314543
0.13882;1.9220867107253752
0.138875;1.9232740049607364
0.13893;1.924440387144294
0.138985;1.9255864278725636
0.13904;1.926712679565101
0.139095;1.9278196770782332
0.13915;1.9289079382996637
0.139205;1.929977964724237
0.13926;1.9310302420113887
0.139315;1.9320652405245524
0.13937;1.9330834158530732
0.139425;1.9340852093169691
0.13948;1.9350710484550848
0.139535;1.9360413474970277
0.13959;1.9369965078193159
0.139645;1.9379369183862571
0.13970000000000002;1.9388629561759834
0.13975500000000002;1.939774986592074
0.13981000000000002;1.9406733638611897
0.13986500000000002;1.9415584314172265
0.13992000000000002;1.9424305222723712
0.13997500000000002;1.9432899593754427
0.14003000000000002;1.9441370559580344
0.14008500000000002;1.944972115868769
0.14014000000000001;1.945795433896086
0.14019500000000001;1.9466072960800014
0.14025;1.9474079800131565
0.140305;1.9481977551315095
0.14036;1.9489768829951177
0.140415;1.949745617559242
0.14047;1.9505042054362234
0.140525;1.9512528861483354
0.14058;1.9519918923720645
0.140635;1.9527214501740051
0.14069;1.9534417792387369
0.140745;1.954153093088966
0.1408;1.9548555992981749
0.140855;1.9555494996960774
0.14091;1.9562349905671357
0.140965;1.9569122628423967
0.14102;1.9575815022848537
0.141075;1.9582428896686226
0.14113;1.9588966009521118
0.141185;1.9595428074454386
0.14124;1.9601816759722626
0.141295;1.9608133690263108
0.14135;1.9614380449226654
0.141405;1.9620558579441638
0.14146;1.9626669584829612
0.141515;1.9632714931774642
0.14157;1.963869605044872
0.141625;1.9644614336093906
0.14168;1.9650471150263364
0.141735;1.9656267822022642
0.14179;1.966200564911254
0.141845;1.9667685899075384
0.1419;1.9673309810345407
0.141955;1.9678878593304865
0.14201;1.968439343130775
0.142065;1.9689855481670926
0.14212;1.9695265876635202
0.142175;1.9700625724296443
0.14223;1.9705936109508864
0.142285;1.9711198094760354
0.14234;1.9716412721021563
0.142395;1.9721581008569902
0.14245;1.9726703957788434
0.142505;1.9731782549941874
0.14256;1.97368177479292
0.142615;1.9741810497014614
0.14267;1.9746761725537791
0.14272500000000002;1.9751672345602909
0.14278000000000002;1.975654325374886
0.14283500000000002;1.9761375331600137
0.14289000000000002;1.976616944650004
0.14294500000000002;1.977092645212544
0.14300000000000002;1.977564718908577
0.14305500000000002;1.9780332485504892
0.14311000000000001;1.978498315758768
0.14316500000000001;1.9789600010171657
0.14322000000000001;1.9794183837263475
0.143275;1.9798735422562286
0.14333;1.9803255539968814
0.143385;1.9807744954081994
0.14344;1.981220442068289
0.143495;1.9816634687206531
0.14355;1.9821036493202318
0.143605;1.9825410570783204
0.14366;1.9829757645064119
0.143715;1.9834078434590272
0.14377;1.983837365175522
0.143825;1.984264400320944
0.14388;1.9846890190260114
0.143935;1.985111290926167
0.14399;1.9855312851997742
0.144045;1.9859490706055716
0.1441;1.9863647155192343
0.144155;1.9867782879692826
0.14421;1.9871898556722278
0.144265;1.987599486067
0.14432;1.9880072463487686
0.144375;1.9884132035020912
0.14443;1.9888174243334407
0.144485;1.9892199755031914
0.14454;1.989620923556996
0.144595;1.9900203349566783
0.14465;1.9904182761105633
0.144705;1.99081481340337
0.14476;1.9912100132255792
0.144815;1.991603942002424
0.14487;1.9919966662224013
0.144925;1.9923882524654144
0.14498;1.9927787674304944
0.145035;1.9931682779632196
0.14509;1.9935568510827097
0.145145;1.9939445540083658
0.1452;1.9943314541862531
0.145255;1.9947176193152019
0.14531;1.9951031173726554
0.145365;1.9954880166402218
0.14542;1.9958723857289904
0.145475;1.9962562936046782
0.14553;1.996639809612452
0.145585;1.9970230035016479
0.14564;1.9974059454502668
0.14569500000000002;1.997788706089294
0.14575000000000002;1.9981713565268786
0.14580500000000002;1.9985539683723548
0.14586000000000002;1.9989366137601379
0.14591500000000002;1.9993193653735026
0.14597000000000002;1.999702296468229
0.14602500000000002;2.000085480896202
0.14608000000000002;2.0004689931288797
0.14613500000000001;2.0008529082806796
0.14619000000000001;2.0012373021323726
0.146245;2.001622251154339
0.1463;2.002007832529818
0.146355;2.0023941241781236
0.14641;2.002781204777826
0.146465;2.0031691537899246
0.14652;2.003558051480991
0.146575;2.0039479789463255
0.14663;2.0043390181331384
0.146685;2.0047312518636526
0.14674;2.005124763858385
0.146795;2.0055196387592678
0.14685;2.005915962152935
0.146905;2.006313820593977
0.14696;2.0067133016282575
0.147015;2.0071144938162475
0.14707;2.0075174867564143
0.147125;2.0079223711086667
0.14718;2.0083292386178315
0.147235;2.0087381821371646
0.14729;2.009149295651962
0.147345;2.0095626743031336
0.1474;2.0099784144108743
0.147455;2.010396613498389
0.14751;2.0108173703155963
0.147565;2.0112407848628924
0.14762;2.011666958414926
0.147675;2.0120959935444365
0.14773;2.0125279941459864
0.147785;2.0129630654597968
0.14784;2.0134013140954923
0.147895;2.013842848055815
0.14795;2.0142877767603298
0.148005;2.0147362110689726
0.14806;2.0151882633055753
0.148115;2.0156440472812105
0.14817;2.0161036783174193
0.148225;2.016567273269229
0.14828;2.0170349505479517
0.148335;2.017506830143756
0.14839;2.017983033647865
0.148445;2.0184636842744776
0.1485;2.01894890688223
0.148555;2.0194388279951867
0.14861;2.019933575823351
0.148665;2.020433280282509
0.14872000000000002;2.020938073013399
0.14877500000000002;2.0214480874001377
0.14883000000000002;2.02196345858774
0.14888500000000002;2.0224843234986247
0.14894000000000002;2.023010820848097
0.14899500000000002;2.0235430911584906
0.14905000000000002;2.0240812767720024
0.14910500000000002;2.024625521861939
0.14916000000000001;2.025175972442211
0.14921500000000001;2.0257327763749515
0.14927;2.0262960833759154
0.149325;2.0268660450175067
0.14938;2.027442814729137
0.149435;2.028026547794564
0.14949;2.02861740134597
0.149545;2.0292155343542433
0.1496;2.029821107615246
0.149655;2.0304342837314047
0.14971;2.031055227088212
0.149765;2.031684103825023
0.14982;2.0323210817994726
0.149875;2.032966330544776
0.14993;2.033620021219075
0.149985;2.034282326545905
0.15004;2.034953420744708
0.150095;2.0356334794501962
0.15015;2.0363226796191967
0.150205;2.037021199423447
0.15026;2.0377292181266218
0.150315;2.0384469159434997
0.15037;2.0391744738791098
0.150425;2.0399120735451803
0.15048;2.0406598969508956
0.150535;2.0414181262646007
0.15059;2.0421869435423723
0.150645;2.042966530419015
0.1507;2.043757067756096
0.150755;2.0445587352408903
0.15081;2.045371710929082
0.150865;2.046196170722856
0.15092;2.0470322877744613
0.150975;2.0478802318038762
0.15103;2.048740168316804
0.151085;2.049612257706892
0.15114;2.050496654223077
0.151195;2.0513935047791
0.15125;2.052302947577826
0.151305;2.053225110517362
0.15136;2.0541601093392434
0.151415;2.0551080454702126
0.15147;2.0560690034987585
0.151525;2.0570430482140396
0.15158;2.0580302211181687
0.151635;2.059030536301447
0.15169000000000002;2.0600439755428925
0.15174500000000002;2.0610704824634465
0.15180000000000002;2.062109955513694
0.15185500000000002;2.0631622395189626
0.15191000000000002;2.0642271154263527
0.15196500000000002;2.0653042877950107
0.15202000000000002;2.066393369432143
0.15207500000000002;2.067493862389676
0.15213000000000002;2.0686051342800473
0.15218500000000001;2.069726388514886
0.15224000000000001;2.0708566265743666
0.152295;2.071994599711485
0.15235;2.073138746484737
0.152405;2.074287111036725
0.15246;2.0754372348470906
0.152515;2.0765860113799484
0.15257;2.0777294879488726
0.152625;2.078862591095196
0.15268;2.079978738825976
0.152735;2.0810692816015366
0.15279;2.0821226773280204
0.152845;2.0831232409107145
0.1529;2.0840491901819735
0.152955;2.0848694822690375
0.15301;2.085538474722064
0.153065;2.0859864601794875
0.15312;2.086101853596828
0.153175;2.0856951071566776
0.15323;2.0844184465755293
0.153285;2.0815640087187957
0.15334;2.0754623740690303
0.153395;2.0611772767618715
0.15345;2.017016068892826
0.153505;1.7169219924234485
0.15356;1.9094560223321022
0.153615;2.1124178122274806
0.15367;2.1262782000822624
0.153725;2.1287971585113254
0.15378;2.129869068929788
0.153835;2.130849349402937
0.15389;2.131977266719896
0.153945;2.1332813751513386
0.154;2.1347464865385097
0.154055;2.1363510333502274
0.15411;2.138075695466879
0.154165;2.139904869330622
0.15422;2.1418263527612624
0.154275;2.1438306878889484
0.15433;2.145910543645096
0.154385;2.148060218015925
0.15444;2.150275256731141
0.154495;2.1525521661151963
0.15455;2.1548881975141847
0.154605;2.1572811848960054
0.15466;2.159729421691432
0.15471500000000002;2.16223156662533
0.15477000000000002;2.164786571070196
0.15482500000000002;2.1673936224882184
0.15488000000000002;2.170052099993245
0.15493500000000002;2.1727615391176966
0.15499000000000002;2.175521603627335
0.15504500000000002;2.178332062775485
0.15510000000000002;2.181192772787481
0.15515500000000002;2.1841036616591727
0.15521000000000001;2.187064716569748
0.15526500000000001;2.1900759733702815
0.15532;2.193137507730495
0.155375;2.1962494276177247
0.15543;2.1994118668518543
0.155485;2.2026249795335224
0.15554;2.2058889351841593
0.155595;2.2092039144686937
0.15565;2.2125701053971083
0.155705;2.2159876999205634
0.15576;2.219456890853937
0.155815;2.2229778690688935
0.15587;2.226550820911891
0.155925;2.230175925809658
0.15598;2.233853354031106
0.156035;2.23758326458026
0.15609;2.241365803199179
0.156145;2.245201100463307
0.1562;2.249089269955011
0.156255;2.2530304065033695
0.15631;2.2570245844805794
0.156365;2.2610718561469767
0.15642;2.265172250038306
0.156475;2.2693257693902185
0.15653;2.2735323905957845
0.156585;2.2777920616932343
0.15664;2.28210470088145
0.156695;2.28647019506169
0.15675;2.290888398404508
0.156805;2.29535913094107
0.15686;2.299882177178472
0.156915;2.3044572847384903
0.15697;2.309084163018706
0.157025;2.313762481874255
0.15708;2.3184918703158375
0.157135;2.323271915215704
0.15719;2.328102160005131
0.157245;2.332982103328576
0.1573;2.3379111975804134
0.157355;2.342888847149502
0.15741;2.3479144059079586
0.157465;2.352987172452439
0.15752;2.35810637647193
0.157575;2.363271093468963
0.15763;2.369504765264412
0.157685;2.375178573718122
0.15774000000000002;2.380775145308172
0.15779500000000002;2.386358656730415
0.15785000000000002;2.3919493174913593
0.15790500000000002;2.3975561539041856
0.15796000000000002;2.4031837707645374
0.15801500000000002;2.408834601641499
0.15807000000000002;2.414509857722414
0.15812500000000002;2.4202099916870363
0.15818000000000002;2.4259349491055615
0.15823500000000001;2.4316843155584507
0.15829000000000001;2.4374574080653795
0.158345;2.443253334757874
0.1584;2.4490710354747787
0.158455;2.4549093104014807
0.15851;2.4607668409517403
0.158565;2.4666422054701735
0.15862;2.4725338913942663
0.158675;2.478440304949753
0.15873;2.4843597791008416
0.158785;2.4902905802517474
0.15884;2.4962309140475303
0.158895;2.5021789305221716
0.15895;2.508132728773901
0.159005;2.5140903612989525
0.15906;2.520049838081179
0.159115;2.5260091305097885
0.15917;2.531966175178964
0.159225;2.53791887760989
0.15928;2.5438651159247554
0.159335;2.549802744494402
0.15939;2.5557295975753216
0.159445;2.561643492946227
0.1595;2.5675422355510857
0.159555;2.5734236211515773
0.15961;2.5792854399901257
0.159665;2.5851254804620085
0.15972;2.5909415327933005
0.159775;2.596731392720259
0.15983;2.60249286516436
0.159885;2.608223767896066
0.15994;2.6139219351800467
0.159995;2.6195852213933364
0.16005;2.6252115046079654
0.160105;2.630798690128821
0.16016;2.6363447139774463
0.160215;2.6418475463122637
0.16027;2.647305194775491
0.160325;2.652715707757549
0.16038;2.6580771775690515
0.160435;2.663387743511557
0.16049;2.66864559483781
0.160545;2.673848973592923
0.1606;2.678996177328276
0.160655;2.6840855616803445
0.16071000000000002;2.689115542806977
0.16076500000000002;2.6940845996746656
0.16082000000000002;2.698991276190463
0.16087500000000002;2.703834183173172
0.16093000000000002;2.708612000158827
0.16098500000000002;2.713323477036454
0.16104000000000002;2.7179674355106793
0.16109500000000002;2.7225427703883067
0.16115000000000002;2.7270484506871457
0.16120500000000001;2.731483520565624
0.16126000000000001;2.7358471000728617
0.16131500000000001;2.7401383857193737
0.16137;2.7443566508693307
0.161425;2.7485012459560796
0.16148;2.752571598523254
0.161535;2.7565672130944474
0.16159;2.7604876708751567
0.161645;2.764332629290984
0.1617;2.7681018213671704
0.161755;2.771795054954503
0.16181;2.775412211807537
0.161865;2.7789532465211573
0.16192;2.7824181853322507
0.161975;2.7858071247933416
0.16203;2.7891202303254574
0.162085;2.7923577346576174
0.16214;2.7955199361608742
0.162195;2.798607197084541
0.16225;2.801619941702696
0.162305;2.804558654379059
0.16236;2.807423877558193
0.162415;2.8102162096912897
0.16247;2.812936303104389
0.162525;2.815584861817052
0.16258;2.81816263931942
0.162635;2.8206704363150923
0.16269;2.8231090984375324
0.162745;2.8254795139470956
0.1628;2.8277826114158975
0.162855;2.8300193574071852
0.16291;2.832190754155724
0.162965;2.834297837255505
0.16302;2.8363416733605273
0.163075;2.838323357904467
0.16313;2.8402440128442574
0.163185;2.842104784432631
0.16324;2.84390684102428
0.163295;2.8456513709196884
0.16335;2.847339580250714
0.163405;2.8489726909114585
0.16346;2.8505519385375
0.163515;2.852078570536659
0.16357;2.8535538441736317
0.163625;2.8549790247108313
0.16368;2.856355383607452
0.16373500000000002;2.857684196778296
0.16379000000000002;2.8589667429138053
0.16384500000000002;2.860204301862376
0.16390000000000002;2.8613981530756996
0.16395500000000002;2.8625495741178857
0.16401000000000002;2.8636598392384967
0.16406500000000002;2.8647302180097918
0.16412000000000002;2.8657619740279334
0.16417500000000002;2.86675636367804
0.16423000000000001;2.8677146349624367
0.16428500000000001;2.868638026391614
0.16434;2.869527765936994
0.164395;2.870385070044678
0.16445;2.8712111427090057
0.164505;2.8720071746048568
0.16456;2.872774342277298
0.164615;2.8735138073873476
0.16467;2.8742267160122648
0.164725;2.8749141979989847
0.16478;2.875577366368958
0.164835;2.876217316772943
0.16489;2.87683512699398
0.164945;2.8774318564968207
