1e-20;2.755211456176571e-14
5.500000000000001e-05;3.021161405580032e-14
0.00011000000000000002;3.313534494499222e-14
0.000165;3.6350162167536866e-14
0.00022;3.988568339300807e-14
0.000275;4.3774571118576803e-14
0.00033;4.805284216640738e-14
0.00038500000000000003;5.276020682374898e-14
0.00044;5.794043993460945e-14
0.000495;6.36417862843042e-14
0.00055;6.991740260179964e-14
0.0006050000000000001;7.682583842068329e-14
0.00066;8.443155786715807e-14
0.000715;9.280550414971945e-14
0.0007700000000000001;1.0202570807761015e-13
0.000825;1.1217794128188832e-13
0.00088;1.2335641389770397e-13
0.0009350000000000001;1.3566451521163114e-13
0.00099;1.4921559408998719e-13
0.0010450000000000001;1.6413377375940572e-13
0.0011;1.805547925631761e-13
0.001155;1.986268584663981e-13
0.0012100000000000001;2.1851150009982097e-13
0.001265;2.4038439069779047e-13
0.00132;2.6443611303225534e-13
0.0013750000000000001;2.9087282287240555e-13
0.00143;3.199167550122701e-13
0.001485;3.518064987232276e-13
0.0015400000000000001;3.867969476359631e-13
0.001595;4.2515880130067325e-13
0.00165;4.671774604568119e-13
0.0017050000000000001;5.131511133706255e-13
0.00176;5.633877539713187e-13
0.001815;6.182008007133727e-13
0.0018700000000000001;6.779028940563879e-13
0.001925;7.427973349690102e-13
0.00198;8.131664802854096e-13
0.002035;8.89256224563117e-13
0.0020900000000000003;9.712554613802322e-13
0.002145;1.0592691157029088e-12
0.0022;1.1532829549589952e-12
0.002255;1.2531178963164361e-12
0.00231;1.358370901061912e-12
0.002365;1.4683387444041434e-12
0.0024200000000000003;1.5819199190334042e-12
0.002475;1.697488605887329e-12
0.00253;1.812732937161595e-12
0.002585;1.9244475673332552e-12
0.00264;2.0282677016105195e-12
0.002695;2.118327997638636e-12
0.0027500000000000003;2.1868248683357925e-12
0.002805;2.223454268723101e-12
0.00286;2.21468845510529e-12
0.002915;2.1428435031405513e-12
0.00297;1.9848727101718785e-12
0.003025;1.7107945102515248e-12
0.0030800000000000003;1.2816070852270225e-12
0.003135;6.462947178820243e-13
0.00319;3.1928291238995307e-07
0.003245;1.7115015461990376e-06
0.0033;3.3951540273989893e-06
0.003355;5.424782654982168e-06
0.0034100000000000003;7.865694017441855e-06
0.003465;1.0796333176568216e-05
0.00352;1.431123905790138e-05
0.003575;1.8524752407668197e-05
0.00363;2.357569622170849e-05
0.0036850000000000003;2.9633320539370246e-05
0.0037400000000000003;3.690490312762482e-05
0.003795;4.5645536066571843e-05
0.00385;5.6170822563568826e-05
0.003905;6.887348393624741e-05
0.00396;8.42452722202391e-05
0.004015;0.00010290615863162146
0.00407;0.00012564361480639684
0.004125;0.00015346606941890153
0.0041800000000000006;0.0001876765450937853
0.004235;0.0002299754510394262
0.00429;0.00028260618447812
0.004345;0.0003485647136126669
0.0044;0.00043190668125840117
0.004455;0.0005382064231132254
0.00451;0.000675258461540704
0.0045650000000000005;0.0008541767494000468
0.00462;0.0010911668820002716
0.004675;0.0014104778734674486
0.00473;0.001849507354454748
0.004785;0.002468029044789097
0.0048400000000000006;0.003365765953001189
0.004895;0.004718033385023563
0.00495;0.006853852295740536
0.005005;0.01044468075324218
0.00506;0.01702207191148929
0.005115;0.030663446995981197
0.00517;0.06500077540060731
0.0052250000000000005;0.18482996269655674
0.00528;0.7752403506306057
0.005335;0.5437869263722409
0.00539;0.16508724926366927
0.005445;0.07632267524324761
0.0055000000000000005;0.044914020145629674
0.005555;0.0303481926446052
0.00561;0.02238896298807631
0.005665;0.017545412730665955
0.00572;0.01436753202174938
0.005775000000000001;0.012164577782972625
0.00583;0.01057273591475576
0.0058850000000000005;0.009385114092349791
0.00594;0.008476731245819215
0.005995;0.007768315423453664
0.00605;0.007207529129649926
0.006105;0.006758641406173048
0.0061600000000000005;0.0063965597629939905
0.006215;0.006103234510457295
0.00627;0.005865413417744665
0.006325;0.005673195351343436
0.00638;0.00551907292535712
0.006435000000000001;0.005397283490367387
0.00649;0.005303359744638358
0.0065450000000000005;0.005233812674742473
0.0066;0.005185904107320536
0.006655;0.005157481131583063
0.00671;0.005146854005927504
0.006765;0.005152705134041087
0.0068200000000000005;0.005174020586380054
0.006875;0.005210038224799134
0.00693;0.005260208231098518
0.006985;0.005324163035831234
0.00704;0.005401694476196873
0.007095000000000001;0.005492736599881763
0.00715;0.005597352952895779
0.0072050000000000005;0.005715727495381082
0.00726;0.0058481585148031775
0.007315;0.005995055074627772
0.007370000000000001;0.0061569356650454845
0.007425;0.00633442882209928
0.0074800000000000005;0.0065282755609720146
0.007535;0.006739333534213191
0.00759;0.006968582880751183
0.007645;0.007217133780044445
0.0077;0.007486235770312507
0.007755000000000001;0.007777288932563383
0.00781;0.008091857085026508
0.007865;0.008431683177153202
0.00792;0.00879870712025698
0.007975;0.009195086344679367
0.00803;0.009623219432793494
0.008085;0.010085773245129699
0.00814;0.010585714035565803
0.008195000000000001;0.011126343143344344
0.00825;0.01171133795774847
0.008305;0.012344798979048105
0.008360000000000001;0.013031303951261486
0.008415;0.013775970223537526
0.00847;0.014584526714049757
0.008525;0.015463397111034616
0.00858;0.01641979625980044
0.008635;0.017461842063947804
0.00869;0.018598685688712605
0.008745000000000001;0.019840663412104838
0.0088;0.021199474148415134
0.008855;0.022688387496082728
0.00891;0.02432248817275348
0.008965;0.026118963936852896
0.00902;0.02809744560978567
0.009075;0.030280409669876537
0.009130000000000001;0.03269365616642838
0.009185;0.03536687749368766
0.00924;0.03833433698128511
0.009295000000000001;0.0416356804277277
0.00935;0.0453169087702689
0.009405;0.04943154619505107
0.00946;0.05404204528033506
0.009515000000000001;0.05922147931418858
0.00957;0.06505558169188055
0.009625;0.07164520298203371
0.009680000000000001;0.07910926707581255
0.009735;0.08758831715645415
0.00979;0.09724874687408015
0.009845;0.10828780628541781
0.0099;0.12093944559403556
0.009955;0.1354809949603186
0.01001;0.15224054626075623
0.010065000000000001;0.1716046547551066
0.01012;0.1940255394714446
0.010175;0.22002621643108097
0.01023;0.25020078766401194
0.010285;0.28520523205738485
0.01034;0.32573132076069433
0.010395;0.3724527208354453
0.010450000000000001;0.42592856150095315
0.010505;0.486447686204472
0.01056;0.5538009406608769
0.010615000000000001;0.6269868046188282
0.01067;0.7038963968501336
0.010725;0.7810887914792419
0.01078;0.8538328597544295
0.010835000000000001;0.916594086564206
0.01089;0.964006743039334
0.010945;0.9920953384525646
0.011000000000000001;0.9992622877237091
0.011055;0.9865848090909858
0.01111;0.9573127672724362
0.011165;0.9158702876742364
0.01122;0.8668271701199055
0.011275;0.814172265285049
0.01133;0.760976766531554
0.011385000000000001;0.7093630800915688
0.01144;0.6606429216108995
0.011495;0.6155128784810853
0.011550000000000001;0.5742419619754053
0.011605;0.5368236989027666
0.01166;0.5030878441706648
0.011715;0.4727769805614682
0.011770000000000001;0.4455962204262699
0.011825;0.42124380358565194
0.01188;0.3994288136332947
0.011935000000000001;0.37988055283338173
0.01199;0.3623527098920379
0.012045;0.34662440301313163
0.0121;0.33249944141339843
0.012155000000000001;0.3198046492719458
0.01221;0.3083877682789673
0.012265;0.29811524428449315
0.012320000000000001;0.28887007070650556
0.012375;0.2805497791695127
0.01243;0.2730646181170504
0.012485000000000001;0.26633593093053415
0.01254;0.26029472866654396
0.012595;0.25488044395799364
0.01265;0.25003984878645674
0.012705000000000001;0.24572611773193578
0.01276;0.24189801878044018
0.012815;0.23851921511773821
0.012870000000000001;0.23555766280066906
0.012925;0.2329850910696465
0.01298;0.23077655367694053
0.013035;0.22891004116972544
0.013090000000000001;0.22736614546359596
0.013145;0.22612776927461467
0.0132;0.22517987405064815
0.013255000000000001;0.2245092609683196
0.01331;0.22410438035500424
0.013365;0.2239551655723075
0.01342;0.2240528879730302
0.013475;0.22439003003236466
0.01353;0.2249601741681343
0.013585;0.2257579051154674
0.013640000000000001;0.2267787240181141
0.013695;0.22801897264914894
0.01375;0.22947576638620487
0.013805000000000001;0.2311469347452527
0.01386;0.23303096842818039
0.013915;0.2351269719668258
0.01397;0.23743462115354413
0.014025000000000001;0.23995412453830878
0.01408;0.24268618834772399
0.014135;0.24563198424440474
0.014190000000000001;0.2487931193970795
0.014245;0.25217160837481023
0.0143;0.2557698464138473
0.014355;0.2595905836337298
0.014410000000000001;0.26363689980220245
0.014465;0.26791217926607785
0.01452;0.2724200856790877
0.014575000000000001;0.2771645361684555
0.01463;0.28214967459037754
0.014685;0.2873798435310526
0.014740000000000001;0.29285955471669733
0.014795;0.29859345750240973
0.01485;0.30458630512006535
0.014905;0.31084291838035066
0.014960000000000001;0.31736814655163453
0.015015;0.3241668251907863
0.01507;0.3312437308111162
0.015125000000000001;0.3386035325286093
0.01518;0.3462507414938701
0.015235;0.35418966091647663
0.01529;0.36242434657090977
0.015345000000000001;0.37095861904400035
0.0154;0.37979636191896543
0.015455;0.3889444710207379
0.015510000000000001;0.3985785552279102
0.015565;0.4081777757517979
0.01562;0.4182147401630922
0.015675;0.4285873132976904
0.01573;0.43927081845695537
0.015785;0.4502611855800149
0.01584;0.46155473656123186
0.015895;0.4731468434831767
0.01595;0.4850316253679176
0.016005000000000002;0.4972018016130188
0.01606;0.5096485850495005
0.016115;0.5223615917455268
0.01617;0.5353287628732671
0.016225;0.5485362986299558
0.01628;0.5619686056831564
0.016335000000000002;0.5756082601493183
0.016390000000000002;0.5894359883057438
0.016445;0.6034306672551929
0.0165;0.6175693476651084
0.016555;0.6318273005061477
0.01661;0.6461780894237871
0.016665;0.6605936699940747
0.016720000000000002;0.6750445166411335
0.016775;0.6894997774419618
0.01683;0.7039274564165997
0.016885;0.7182946222220438
0.01694;0.7325676414489062
0.016995;0.7467124339886099
0.01705;0.7606947472221913
0.017105000000000002;0.774480445107391
0.01716;0.7880358076396314
0.017215;0.8013278356644894
0.01727;0.8143245556486034
0.017325;0.8269953187984914
0.01738;0.8393110888648065
0.017435;0.8512447130952464
0.017490000000000002;0.8627711711021651
0.017545;0.8738677968843015
0.0176;0.8845144698684715
0.017655;0.8946937715959626
0.01771;0.9043911055362228
0.017765;0.9135947784379099
0.01782;0.9222960425816558
0.017875000000000002;0.9304890992484949
0.01793;0.9381710646222408
0.017985;0.94534190017457
0.01804;0.9520043103084626
0.018095;0.958163610639385
0.01815;0.9638275707606706
0.018205;0.9690062356614609
0.018260000000000002;0.9737117301447193
0.018315;0.9779580506335277
0.01837;0.9817608486687925
0.018425;0.985137210206111
0.01848;0.9881054345320459
0.018535;0.9906848162604713
0.018590000000000002;0.9928954334585596
0.018645000000000002;0.9947579445088413
0.0187;0.9962933958571412
0.018755;0.9975230423417003
0.01881;0.9984681813608903
0.018865;0.9991500017256922
0.01892;0.9995894476677378
0.018975000000000002;0.9998070981389949
0.019030000000000002;0.9998230612490797
0.019085;0.9996568834414549
0.01914;0.9993274728101227
0.019195;0.9988530358018308
0.01925;0.9982510264321462
0.019305;0.997538107063671
0.019360000000000002;0.9967301197464719
0.019415;0.9958420671006476
0.01947;0.9948881017241238
0.019525;0.9938815231311224
0.01958;0.9928347812644447
0.019635;0.9917594856739245
0.01969;0.9906664195111956
0.019745000000000002;0.9895655575541354
0.0198;0.988466087540891
0.019855;0.9873764341610404
0.01991;0.9863042851188015
0.019965;0.9852566187486503
0.02002;0.9842397327265308
0.020075;0.9832592734794269
0.020130000000000002;0.9823202659511765
0.020185;0.9814271434340625
0.02024;0.9805837772221864
0.020295;0.9797935058852536
0.02035;0.9790591639994531
0.020405;0.9783831102059136
0.02046;0.9777672544972069
0.020515000000000002;0.9772130846583916
0.02057;0.97672169181184
0.020625;0.9762937950344275
0.02068;0.9759297650320927
0.020735;0.9756296468707074
0.02079;0.975393181773477
0.020845000000000002;0.975219828004383
0.020900000000000002;0.9751087808645141
0.020955;0.9750589918337494
0.02101;0.9750691868944292
0.021065;0.9751378840765598
0.02112;0.9752634102656892
0.021175;0.9754439173155565
0.021230000000000002;0.975677397507339
0.021285000000000002;0.975961698396764
0.02134;0.9762945370887915
0.021395;0.9766735139778949
0.02145;0.9770961259896249
0.021505;0.9775597793566128
0.02156;0.9780618019595092
0.021615000000000002;0.9785994552598498
0.021670000000000002;0.9791699458498528
0.021725;0.9797704366396445
0.02178;0.9803980577003399
0.021835;0.9810499167777638
0.02189;0.9817231094887321
0.021945;0.9824147292088546
0.022000000000000002;0.9831218766580988
0.022055;0.9838416691878158
0.02211;0.9845712497705917
0.022165;0.9853077956923
0.02222;0.986048526944012
0.022275;0.9867907143101292
0.02233;0.9875316871482527
0.022385000000000002;0.9882688408559445
0.02244;0.9889996440199297
0.022495;0.9897216452443972
0.02255;0.9904324796572901
0.022605;0.991129875097052
0.02266;0.9918116579877809
0.022715;0.992475758918918
0.022770000000000002;0.9931202179575779
0.022825;0.99374318973942
0.02288;0.9943429484103727
0.022935;0.9949178925317238
0.02299;0.9954665501229915
0.023045;0.9959875841145976
0.023100000000000002;0.9964797986403199
0.023155000000000002;0.996942146860805
0.02321;0.9973737414561161
0.023265;0.9977738697112455
0.02332;0.9981420165536823
0.023375;0.9984779016273163
0.02343;0.9987815419037904
0.023485000000000002;0.9990533626793199
0.023540000000000002;0.9992944050815101
0.023595;0.9995067387955684
0.02365;0.9996943474469591
0.023705;0.9998652186928241
0.02376;1.000036939975824
0.023815;1.0002545277742556
0.023870000000000002;1.0006640993029694
0.023925000000000002;1.0019886207002777
0.02398;1.014708208973866
0.024035;1.037177461296705
0.02409;1.0027311128890404
0.024145;1.0005732752513614
0.0242;0.9998825624946578
0.024255000000000002;0.9994783538038426
0.024310000000000002;0.9991534108828805
0.024365;0.9988487567358637
0.02442;0.9985430291275226
0.024475;0.9982274891020433
0.02453;0.997898482138315
0.024585;0.9975546883258523
0.024640000000000002;0.9971959724521152
0.024695;0.9968228500142905
0.02475;0.9964362173631484
0.024805;0.9960372052094251
0.02486;0.9956270938985304
0.024915;0.995207261467395
0.024970000000000003;0.9947791499908064
0.025025000000000002;0.9943442425905186
0.02508;0.9939040469136208
0.025135;0.9934600826850136
0.02519;0.9930138719198116
0.025245;0.9925669309356028
0.0253;0.9921207636277106
0.025355000000000003;0.9916768556640088
0.025410000000000002;0.9912366693748337
0.025465;0.9908016391880234
0.02552;0.9903731675068043
0.025575;0.9899526209593326
0.02563;0.9895413269690642
0.025685;0.9891405706089363
0.025740000000000002;0.988751591711553
0.025795000000000002;0.9883755822139632
0.02585;0.9880136837199751
0.025905;0.9876669852659934
0.02596;0.9873365212786037
0.026015;0.9870232697136269
0.02607;0.9867281503674711
0.026125000000000002;0.9864520233525415
0.026180000000000002;0.9861956877289996
0.026235;0.985959880285855
0.02629;0.985745274464552
0.026345;0.9855524794189074
0.0264;0.9853820392053138
0.026455;0.9852344320976637
0.026510000000000002;0.9851100700216451
0.026565000000000002;0.9850092981034337
0.02662;0.984932394328118
0.026675;0.9848795693035025
0.02673;0.9848509661252661
0.026785;0.9848466603397965
0.02684;0.9848666600012734
0.026895000000000002;0.984910905820043
0.02695;0.9849792713994561
0.027005;0.9850715635588122
0.02706;0.9851875227402472
0.027115;0.9853268234976991
0.02717;0.9854890750664528
0.027225000000000003;0.9856738220114631
0.027280000000000002;0.9858805449537923
0.027335;0.9861086613733161
0.02739;0.9863575264867223
0.027445;0.9866264341990428
0.0275;0.9869146181264723
0.027555;0.9872212526869163
0.027610000000000003;0.9875454542525193
0.027665000000000002;0.9878862823539531
0.02772;0.9882427409183363
0.027775;0.9886137795056752
0.02783;0.9889982944731518
0.027885;0.989395129911268
0.02794;0.9898030779691018
0.027995000000000003;0.9902208774724864
0.028050000000000002;0.9906472068670245
0.028105;0.9910806496042298
0.02816;0.9982236948708485
0.028215;0.9987712255367909
0.02827;0.9990307776280634
0.028325;0.9992148035491945
0.028380000000000002;0.9993561803487747
0.028435000000000002;0.9994686657063786
0.02849;0.9995597513421026
0.028545;0.9996341213930235
0.0286;0.9996949687369406
0.028655;0.9997446025900834
0.02871;0.9997847667099566
0.028765000000000002;0.999816821736287
0.028820000000000002;0.9998418570006078
0.028875;0.9998607628135143
0.02893;0.9998742792306562
0.028985;0.9998830301205927
0.02904;0.9998875476691131
0.029095;0.9998882904454883
0.029150000000000002;0.9998856570062813
0.029205000000000002;0.9998799963268783
0.02926;0.9998716159269748
0.029315;0.9998607882859416
0.02937;0.999847755966776
0.029425;0.9998327357481984
0.029480000000000003;0.9998159219823511
0.029535000000000002;0.9997974893381341
0.02959;0.999777595048566
0.029645;0.9997563807502188
0.0297;0.9997339739795701
0.029755;0.9997104893729952
0.02981;0.9996860296021853
0.029865000000000003;0.9996606860635733
0.029920000000000002;0.999634539327711
0.029975;0.9996076593412779
0.03003;0.9995801053591123
0.030085;0.9995519255642841
0.03014;0.9995231563084473
0.030195;0.9994938208682522
0.030250000000000003;0.9994639275600217
0.030305000000000002;0.9994334669739698
0.03036;0.9994024079628356
0.030415;0.9993706918171222
0.03047;0.9993382237245311
0.030525;0.9993048600406527
0.03058;0.999270388890833
0.030635000000000003;0.9992344997730573
0.030690000000000002;0.9991967342750053
0.030745;0.9991564028074507
0.0308;0.9991124366898296
0.030855;0.9990631086797966
0.03091;0.9990054624089882
0.030965;0.9989340247641185
0.031020000000000002;0.9988374796844197
0.031075000000000002;0.998688237605342
0.03113;0.9983979159056404
0.031185;0.9974689854974013
0.03124;0.92146213832885
0.031295;0.9997897528110079
0.03135;0.9995675428356934
0.031405;0.9994074166176125
0.03146;0.9993065588647998
0.031515;0.9992357088777115
0.03157;0.9991817507113766
0.031625;0.9991383046506623
0.03168;0.9991019481092746
0.031735;0.9990706947795371
0.03179;0.9990433189667881
0.031845;0.9990190269131489
0.0319;0.9989972844228713
0.031955000000000004;0.998977720687865
0.032010000000000004;0.9989600717986866
0.032065;0.9989441461008126
0.03212;0.9989298021533273
0.032175;0.9989169342556335
0.03223;0.998905462679475
0.032285;0.998895326916415
0.03234;0.9988864809100665
0.032395;0.9988788896259951
0.03245;0.9988725265424098
0.032505;0.9988673717869695
0.03256;0.9988634107348252
0.032615;0.9988606329412362
0.032670000000000005;0.9988590313204357
0.032725000000000004;0.9988586015082838
0.032780000000000004;0.9988593413638952
0.032835;0.9988612505777249
0.03289;0.9988643303622098
0.032945;0.9988685832073302
0.033;0.9988740126879346
0.033055;0.9988806233129172
0.03311;0.9988884204088747
0.033165;0.998897410032759
0.03322;0.9989075989093099
0.033275;0.9989189943903819
0.03333;0.9989316044340389
0.033385;0.998945437602046
0.033440000000000004;0.9989605030750764
0.033495000000000004;0.9989768106853706
0.03355;0.9989943709672006
0.033605;0.9990131952258956
0.03366;0.9990332956266212
0.033715;0.9990546853046581
0.03377;0.9990773784993251
0.033825;0.9991013907143181
0.03388;0.9991267389078045
0.033935;0.9991534417162591
0.03399;0.9991815197169256
0.034045;0.9992109957345835
0.0341;0.9992418951994719
0.034155;0.9992742465644392
0.034210000000000004;0.9993080817909373
0.034265000000000004;0.999343436915268
0.03432;0.999380352708662
0.034375;0.9994188754474251
0.03443;0.9994590578124682
0.034485;0.9995009599415163
0.03454;0.9995446506618468
0.034595;0.9995902089372661
0.03465;0.999637725570057
0.034705;0.9996873052073489
0.03476;0.9997390687122455
0.034815;0.9997931559735039
0.03487;0.9998497292444632
0.034925000000000005;0.999908977123191
0.034980000000000004;0.9999711193127943
0.035035000000000004;1.000036412334756
0.03509;1.0001051564125092
0.035145;1.0001777037977562
0.0352;1.0002544688861732
0.035255;1.0003359405629106
0.03531;1.0004226973437964
0.035365;1.0005154260425946
0.03542;1.0006149449144301
0.035475;1.0007222325207257
0.03553;1.0008384639610164
0.035585;1.000965056664631
0.03564;1.0011037286916937
0.035695000000000005;1.0012565735498669
0.035750000000000004;1.0014261570258036
0.035805000000000003;1.0016156436649388
0.03586;1.0018289636251476
0.035915;1.0020710351725461
0.03597;1.0023480648627003
0.036025;1.002667957723794
0.03608;1.0030408856143118
0.036135;1.0034800868820564
0.03619;1.0040030105689737
0.036245;1.0046329844261046
0.0363;1.0054016974911613
0.036355;1.0063529817228087
0.03641;1.007548724798995
0.036465000000000004;1.0090783926594775
0.036520000000000004;1.0110748923832453
0.036575;1.01374204520565
0.03663;1.0174043690369656
0.036685;1.0226022116668665
0.03674;1.03028539833322
0.036795;1.0422384457161815
0.03685;1.0621036775583974
0.036905;1.0981261802592313
0.03696;1.1714373020023026
0.037015;1.3422565828835702
0.03707;1.7380828124408199
0.037125;1.9645376944937418
0.037180000000000005;1.531361994480539
0.037235000000000004;1.2618839345163708
0.037290000000000004;1.1472250011834473
0.037345;1.0928271264712486
0.0374;1.0634551053049814
0.037455;1.0458898991473864
0.03751;1.034526619551531
0.037565;1.0267051257231177
0.03762;1.0210414553664855
0.037675;1.0167602743266504
0.03773;1.0134001551317833
0.037785;1.0106723085964107
0.03784;1.0083880727308334
0.037895;1.0064194921136873
0.037950000000000005;1.0046768146380731
0.038005000000000004;1.0030950944769368
0.038060000000000004;1.0016259187323644
0.038115;1.0002321297538608
0.03817;0.9988843584829812
0.038225;0.9975586850857935
0.03828;0.9962350193482172
0.038335;0.9948959508148286
0.03839;0.9935259111893034
0.038445;0.9921105473512608
0.0385;0.9906362378460252
0.038555;0.9890897074759462
0.03861;0.9874577086138321
0.038665;0.9857267469892828
0.038720000000000004;0.9838828357247998
0.038775000000000004;0.9819112654026647
0.03883;0.9797963806021056
0.038885;0.9775213550908347
0.03894;0.9750679589641194
0.038995;0.9724163116809846
0.03905;0.9695446152733961
0.039105;0.9664288620834381
0.03916;0.963042511276407
0.039215;0.9593561281307917
0.03927;0.9553369797612513
0.039325;0.9509485805332735
0.03938;0.9461501800323535
0.039435000000000005;0.9408961861316522
0.039490000000000004;0.9351355155667942
0.039545000000000004;0.9288108646286124
0.0396;0.9218578933504967
0.039655;0.9142043182198101
0.03971;0.9057689114527872
0.039765;0.8964604099020723
0.03982;0.8861763446564367
0.039875;0.8748018146466583
0.03993;0.8622082458819009
0.039985;0.8482522047135121
0.04004;0.8327743719252841
0.040095;0.8155988384816113
0.04015;0.7965329582575883
0.040205000000000005;0.7753680933396626
0.040260000000000004;0.7518817184727186
0.040315000000000004;0.7258415156189041
0.04037;0.6970122842500249
0.040425;0.6651667028228124
0.04048;0.6301011652431404
0.040535;0.5916580113484025
0.04059;0.5497553502101543
0.040645;0.5044251544247826
0.0407;0.4558591408943776
0.040755;0.40445989941964167
0.04081;0.3508916528752204
0.040865;0.29612114296511444
0.04092;0.24143528126856917
0.040975000000000004;0.18842007849577894
0.041030000000000004;0.1388873151319843
0.041085;0.09474352705778899
0.04114;0.05781030369032308
0.041195;0.02962226105201579
0.04125;0.011242501562518712
0.041305;0.0031374233169984412
0.04136;0.005139996093507546
0.041415;0.01650697026673496
0.04147;0.03605066635393209
0.041525;0.062309996158876356
0.04158;0.09372287554944034
0.041635;0.12877106207248804
0.041690000000000005;0.16608249194762642
0.041745000000000004;0.20448928240432837
0.041800000000000004;0.24304825160541266
0.041855;0.2810345480039301
0.04191;0.3179190050482728
0.041965;0.35333785458821326
0.04202;0.3870608356334956
0.042075;0.41896135361188774
0.04213;0.44899052301072734
0.042185;0.47715570338092267
0.04224;0.5035034130171385
0.042295;0.5281061356418572
0.04235;0.5510523956314318
0.042405;0.5724394700816058
0.042460000000000005;0.5923681659164494
0.042515000000000004;0.6109391768975987
0.042570000000000004;0.628250626021987
0.042625;0.6443964819727711
0.04268;0.6594656093752161
0.042735;0.6735412706960313
0.04279;0.6867009436606946
0.042845;0.6990163537509805
0.0429;0.7105536485553536
0.042955;0.7213736612172977
0.04301;0.7315322254704452
0.043065;0.7410805159872558
0.04312;0.7500653959886681
0.043175;0.7585297600186899
0.043230000000000005;0.7665128640696813
0.043285000000000004;0.7740506382893911
0.043340000000000004;0.7811759796406359
0.043395;0.7879190233663493
0.04345;0.7943073931170356
0.043505;0.8003664302607709
0.04356;0.8061194033145291
0.043615;0.8115876986822866
0.04367;0.8167909940122974
0.043725;0.8217474155306291
0.04378;0.8264736806982249
0.043835;0.8309852274926643
0.04389;0.8352963315484445
0.043945000000000005;0.8394202123097718
0.044000000000000004;0.8433691292648051
0.044055000000000004;0.8471544692435249
0.04411;0.8507868256775258
0.044165;0.8542760706391983
0.04422;0.8576314204023199
0.044275;0.8608614951961691
0.04433;0.8639743737609633
0.044385;0.8669776432539923
0.04444;0.8698784450030971
0.044495;0.8726835165563562
0.04455;0.8753992304345052
0.044605;0.8780316299543814
0.04466;0.8805864624582824
0.044715000000000005;0.8830692102540132
0.044770000000000004;0.8854851195443791
0.044825000000000004;0.8878392276019388
0.04488;0.8901363884247674
0.044935;0.8923812970919095
0.04499;0.8945785130224797
0.045045;0.8967324823300055
0.0451;0.8988475594535232
0.045155;0.9009280282386339
0.04521;0.9029781226356323
0.045265;0.9050020471771417
0.04532;0.9070039973951255
0.045375;0.9089881803359389
0.04543;0.9109588353325947
0.045485000000000005;0.9129202551955423
0.045540000000000004;0.9148768079869771
0.045595000000000004;0.9168329595488282
0.04565;0.9187932969614467
0.045705;0.9207625531185862
0.04576;0.9227456326140167
0.045815;0.9247476391470806
0.04587;0.9267739046677327
0.045925;0.9288300204966308
0.04598;0.930921870672513
0.046035;0.9330556677975388
0.04609;0.9352379916709032
0.046145;0.9374758310225694
0.046200000000000005;0.9397766286811252
0.046255000000000004;0.9421483305334007
0.046310000000000004;0.9445994386569848
0.046365;0.9471390690303835
0.04642;0.9497770142478391
0.046475;0.9525238116859195
0.04653;0.9553908175849493
0.046585;0.958390287518367
0.04664;0.9615354637242127
0.046695;0.9648406697616713
0.04675;0.9683214129272982
0.046805;0.9719944948142366
0.04686;0.9758781303160837
0.046915;0.9799920752556774
0.046970000000000005;0.9843577626459421
0.047025000000000004;0.9889984473504959
0.047080000000000004;0.9939393585881845
0.047135;0.9992078592956142
0.04719;1.0048336107983116
0.047245;1.0108487405133066
0.0473;1.0172880094744396
0.047355;1.0241889752950628
0.04741;1.0315921447102319
0.047465;1.0395411080191488
0.04752;1.048082645521989
0.047575;1.0572667933600208
0.04763;1.0671468529752157
0.047685000000000005;1.0777793246813998
0.047740000000000005;1.0892237415843107
0.047795000000000004;1.1015423753665006
0.047850000000000004;1.1147997804033343
0.047905;1.1290621375622458
0.04796;1.1443963542834068
0.048015;1.160868873791955
0.04807;1.178544144458037
0.048125;1.1974827016398752
0.04818;1.2177388203808577
0.048235;1.239357709974623
0.04829;1.262372242748014
0.048345;1.2867992415024643
0.0484;1.3126353945241929
0.048455000000000005;1.3398529245283903
0.048510000000000005;1.3683952071237915
0.048565000000000004;1.3981726114530337
0.048620000000000003;1.4290589131309106
0.048675;1.4608886960143461
0.04873;1.493456199591584
0.048785;1.5265160656097698
0.04884;1.559786374571624
0.048895;1.592954228772607
0.04895;1.625683932763109
0.049005;1.6576275582930087
0.04906;1.6884373891915407
0.049115;1.7177794666057054
0.04917;1.7453472480677104
0.049225000000000005;1.7708743040121813
0.049280000000000004;1.7941450459227934
0.049335000000000004;1.8150028086213705
0.04939;1.8333566697114763
0.049445;1.827031300216778
0.0495;1.8282099074749478
0.049555;1.8322379958520143
0.04961;1.8372284844751396
0.049665;1.842511548745752
0.04972;1.84775457034954
0.049775;1.852766771127372
0.04983;1.8574312245478406
0.049885;1.8616750938976818
0.049940000000000005;1.8654545064858654
0.049995000000000005;1.8687459617249709
0.050050000000000004;1.8715409847719926
0.050105000000000004;1.8738425241972871
0.05016;1.8756623441387847
0.050215;1.8770190083110994
0.05027;1.8779362239381536
0.050325;1.878441400572829
0.05038;1.878564322215142
0.050435;1.8783358496258111
0.05049;1.8777865716143565
0.050545;1.8769453124073308
0.0506;1.8758373766111291
0.050655;1.874482370506614
0.050710000000000005;1.8728913718896674
0.050765000000000005;1.8710631193738376
0.050820000000000004;1.868978738366002
0.050875000000000004;1.866594287117508
0.05093;1.8638300492919104
0.050985;1.860554953395601
0.05104;1.856563665767702
0.051095;1.8515426439265663
0.05115;1.8450195797166915
0.051205;1.8362880704927642
0.05126;1.824296182742732
0.051315;1.8074850292338387
0.05137;1.7835659608367926
0.051425;1.7492452270307177
0.051480000000000005;1.6999745769761754
0.051535000000000004;1.6299879955477732
0.051590000000000004;1.5332474274978578
0.051645;1.4063279708900398
0.0517;1.253790280145929
0.051755;1.093361005493886
0.05181;0.953475631609172
0.051865;0.859318633565049
0.05192;0.8186606391649455
0.051975;0.821784072036413
0.05203;0.8520650952203505
0.052085;0.8949588218554032
0.05214;0.9409679804275015
0.052195000000000005;0.9849790951994564
0.052250000000000005;1.0247145227008532
0.052305000000000004;1.059466652700974
0.052360000000000004;1.0893029600409898
0.052415;1.1146258662970983
0.05247;1.1359478027496197
0.052525;1.1537843787372077
0.05258;1.168608685081316
0.052635;1.1808358122452847
0.05269;1.1908215117765797
0.052745;1.1988669008773556
0.0528;1.2052252546959312
0.052855;1.2101090417882987
0.05291;1.213696412922514
0.052965000000000005;1.216136867199107
0.053020000000000005;1.217556059324107
0.053075000000000004;1.2180598149557913
0.053130000000000004;1.2177374573836042
0.053185;1.2166645538867416
0.05324;1.2149051817337373
0.053295;1.212513800626127
0.05335;1.2095368045462145
0.053405;1.2060138132090137
0.05346;1.2019787522678704
0.053515;1.197460762171748
0.05357;1.1924849679747431
0.053625;1.1870731362284257
0.05368;1.1812442401077798
0.053735000000000005;1.1750149499094964
0.053790000000000004;1.168400062831688
0.053845000000000004;1.1614128833349444
0.0539;1.1540655632707055
0.053955;1.146369409238233
0.05401;1.1383351632131136
0.054065;1.1299732613134996
0.05412;1.1212940745802435
0.054175;1.1123081348038393
0.05423;1.1030263477016293
0.054285;1.0934601951055944
0.05434;1.0836219272462668
0.054395;1.0735247456964105
0.054450000000000005;1.063182977056196
0.054505000000000005;1.0526122370157442
0.054560000000000004;1.0418295840128953
0.054615000000000004;1.0308536613164778
0.05467;1.0197048260062582
0.054725;1.0084052629969509
0.05478;0.9969790819677218
0.054835;0.9854523948226629
0.05489;0.9738533711282422
0.054945;0.9622122688630578
0.055;0.9505614377843241
0.055055;0.9389352927784227
0.05511;0.9273702547264792
0.055165;0.9159046566942514
0.055220000000000005;0.9045786136525658
0.055275000000000005;0.8934338544547246
0.055330000000000004;0.8825135154400365
0.055385000000000004;0.871861895790556
0.05544;0.8615241756287819
0.055495;0.8515460987890119
0.05555;0.8419736231973751
0.055605;0.8328525428233371
0.05566;0.8242280861814714
0.055715;0.8161444973233889
0.05577;0.808644606123061
0.055825;0.8017693953795634
0.05588;0.7955575727971397
0.055935;0.7900451562184199
0.055990000000000005;0.7852650805537521
0.056045000000000005;0.7812468346485424
0.056100000000000004;0.7780161358569533
0.056155000000000004;0.7755946493500664
0.05621;0.7739997582011183
0.056265;0.7732443890915028
0.05632;0.7733368971160018
0.056375;0.7742810116843918
0.05643;0.7760758439815354
0.056485;0.7787159549173458
0.05654;0.7821914810357972
0.056595;0.7864883145093888
0.05665;0.7915883321740029
0.056705000000000005;0.7974696675939574
0.056760000000000005;0.8041070194150254
0.056815000000000004;0.8114719887786481
0.056870000000000004;0.8195334383327659
0.056925;0.8282578653767732
0.05698;0.8376097818965658
0.057035;0.8475520946565601
0.05709;0.858046479083439
0.057145;0.8690537413649478
0.0572;0.8805341639621987
0.057255;0.8924478305544119
0.05731;0.9047549272726056
0.057365;0.9174160178998625
0.05742;0.930392291497989
0.057475000000000005;0.9436457816436993
0.057530000000000005;0.9571395571058812
0.057585000000000004;0.9708378843624552
0.057640000000000004;0.984706362832998
0.057695;0.9987120340942308
0.05775;1.0128234666487184
0.057805;1.0270108180403201
0.05786;1.0412458762588679
0.057915;1.0555020824607684
0.05797;1.0697545370574315
0.058025;1.0839799912035655
0.05808;1.098156825656356
0.058135;1.1122650188868128
0.05819;1.126286106210939
0.058245000000000005;1.1402031315793375
0.058300000000000005;1.1540005935248234
0.058355000000000004;1.1676643866242047
0.058410000000000004;1.181181739685916
0.058465;1.1945411517331594
0.05852;1.2077323267166953
0.058575;1.2207461077625537
0.05863;1.2335744116390501
0.058685;1.2462101640180816
0.05874;1.258647236003675
0.058795;1.270880382311404
0.05885;1.282905181400967
0.058905;1.294717977793413
0.058960000000000005;1.3063158267420025
0.059015000000000005;1.317696441373361
0.059070000000000004;1.3288581423682058
0.059125000000000004;1.3397998102138478
0.05918;1.350520840027198
0.059235;1.361021098921541
0.05929;1.371300885868368
0.059345;1.3813608939885917
0.0594;1.391202175194487
0.059455;1.4008261070941557
0.05951;1.410234362062702
0.059565;1.4194288783806008
0.05962;1.4284118333361766
0.059675;1.4371856181891938
0.059730000000000005;1.44575281489228
0.059785000000000005;1.4541161744687412
0.059840000000000004;1.4622785969475585
0.059895000000000004;1.4702431127591167
0.05995;1.4780128654991678
0.060005;1.4855910959718117
0.06006;1.492981127426019
0.060115;1.50018635190498
0.06017;1.5072102176305198
0.060225;1.5140562173492826
0.06028;1.5207278775707098
0.060335;1.527228748629853
0.06039;1.5335623955113484
0.060445;1.5397323893726556
0.060500000000000005;1.5457422997061363
0.060555000000000005;1.551595687080482
0.060610000000000004;1.557296096400469
0.060665000000000004;1.5628470506218173
0.06072;1.5682520448523058
0.060775;1.573514540761042
0.06083;1.5786379612034407
0.060885;1.583625684945235
0.06094;1.588481041333008
0.060995;1.5932073046993533
0.06105;1.5978076881988055
0.061105;1.602285336617516
0.06116;1.6066433174460826
0.061215000000000006;1.6108846090668631
0.061270000000000005;1.61501208412913
0.061325000000000005;1.6190284847442984
0.061380000000000004;1.622936383342591
0.061435000000000003;1.6267381173278506
0.06149;1.6304356732422136
0.061545;1.6340304669271415
0.0616;1.6375228906051953
0.061655;1.6409112775005337
0.06171;1.6441891819658558
0.061765;1.6473366629239512
0.06182;1.650281974397786
0.061875;1.6525884398283175
0.06193;1.586649754585239
0.061985000000000005;1.6599999293002161
0.062040000000000005;1.662953794980988
0.062095000000000004;1.665664188467957
0.062150000000000004;1.6683149991960167
0.062205;1.6709079700417326
0.06226;1.6734406782123843
0.062315;1.675912155310448
0.06237;1.6783224846878475
0.062425;1.6806723379842206
0.06248;1.682962705372472
0.06253500000000001;1.6851947462614736
0.06259;1.6873697049689205
0.062645;1.6894888615043684
0.0627;1.6915535019132126
0.062755;1.6935648999176118
0.06281;1.6955243053152833
0.062865;1.6974329365547887
0.06292;1.6992919759691105
0.062975;1.7011025667470607
0.06303;1.7028658110681019
0.063085;1.7045827690327582
0.06314;1.706254458147755
0.063195;1.7078818532042228
0.06325;1.7094658864386325
0.063305;1.7110074478997093
0.06336;1.7125073859667401
0.063415;1.7139665079801494
0.06347;1.715385580955665
0.063525;1.716765332360797
0.06358;1.7181064509376083
0.063635;1.7194095875596318
0.06369;1.7206753561134474
0.063745;1.7219043343975806
0.0638;1.723097065032955
0.06385500000000001;1.72425405638015
0.06391000000000001;1.7253757834597316
0.06396500000000001;1.726462688872641
0.06402000000000001;1.7275151837179783
0.06407500000000001;1.7285336485061535
0.06413;1.7295184340656076
0.064185;1.7304698624415131
0.06424;1.7313882277852966
0.064295;1.7322737972336852
0.06435;1.7331268117764786
0.064405;1.733947487111992
0.06446;1.734736014489605
0.064515;1.7354925615386037
0.06457;1.7362172730827135
0.064625;1.736910271939857
0.06468;1.737571659706537
0.064735;1.7382015175264536
0.06479;1.7387999068428452
0.064845;1.739366870134284
0.0649;1.739902431633424
0.064955;1.7404065980284702
0.06501;1.7408793591469496
0.065065;1.7413206886215489
0.06512;1.7417305445377123
0.065175;1.742108870062696
0.06523;1.7424555940558237
0.065285;1.7427706316597853
0.06534000000000001;1.743053884872563
0.06539500000000001;1.7433052430999607
0.06545000000000001;1.7435245836883426
0.06550500000000001;1.7437117724375275
0.06556000000000001;1.7438666640935585
0.065615;1.7439891028211627
0.06567;1.744078922655805
0.065725;1.7441359479350822
0.06578;1.7441599937094052
0.065835;1.7441508661317586
0.06589;1.7441083628264553
0.065945;1.7440322732367664
0.066;1.7439223789513372
0.066055;1.743778454009328
0.06611;1.7436002651841709
0.066165;1.7433875722459382
0.06622;1.7431401282022725
0.066275;1.7428576795178707
0.06633;1.7425399663125438
0.066385;1.7421867225378345
0.06644;1.741797676132286
0.066495;1.7413725491554124
0.06655;1.7409110579004432
0.066605;1.740412912985981
0.06666;1.7398778194266913
0.066715;1.7393054766831615
0.06677;1.7386955786911782
0.066825;1.7380478138705517
0.06688000000000001;1.7373618651137863
0.06693500000000001;1.7366374097548472
0.06699000000000001;1.7358741195182414
0.06704500000000001;1.7350716604488967
0.0671;1.7342296928230185
0.067155;1.7333478710404013
0.06721;1.7324258434985598
0.067265;1.7314632524492124
0.06732;1.7304597338374554
0.067375;1.7294149171242683
0.06743;1.7283284250928175
0.067485;1.7271998736392158
0.06754;1.726028871548238
0.067595;1.7248150202548147
0.06765;1.7235579135918342
0.067705;1.722257137525138
0.06776;1.720912269876392
0.067815;1.7195228800346973
0.06787;1.718088528657793
0.067925;1.7166087673638188
0.06798;1.7150831384145022
0.068035;1.7135111743908966
0.06809;1.7118923978626344
0.068145;1.710226321051906
0.0682;1.708512445493292
0.068255;1.7067502616906676
0.06831;1.704939248772506
0.06836500000000001;1.7030788741469989
0.06842000000000001;1.7011685931582925
0.06847500000000001;1.699207848745439
0.06853000000000001;1.697196071105633
0.06858500000000001;1.6951326773633295
0.06864;1.693017071247065
0.068695;1.6908486427756861
0.06875;1.6886267679560394
0.068805;1.686350808493954
0.06886;1.6840201115208413
0.068915;1.681634009337875
0.06897;1.6791918191802615
0.069025;1.6766928430039691
0.06908;1.6741363672974174
0.069135;1.6715216629209195
0.06919;1.6688479849765445
0.069245;1.666114572711535
0.0693;1.6633206494581765
0.069355;1.6604654226135331
0.06941;1.6575480836623346
0.069465;1.6545678082467168
0.06952;1.6515237562863556
0.069575;1.648415072153147
0.06963;1.6452408849043632
0.069685;1.6420003085786585
0.06974;1.638692442559365
0.069795;1.6353163720098538
0.06985000000000001;1.6318711683857297
0.06990500000000001;1.628355890029083
0.06996000000000001;1.6247695828501016
0.07001500000000001;1.6211112811014945
0.07007000000000001;1.617380008251633
0.070125;1.6135747779623295
0.07018;1.6096945951773396
0.070235;1.6057384573283588
0.07029;1.6017053556647087
0.070345;1.5975942767139715
0.0704;1.5934042038803575
0.070455;1.589134119188261
0.07051;1.5847830051782679
0.070565;1.5803498469633568
0.07062;1.5758336344530082
0.070675;1.5712333647530146
0.07073;1.5665480447490516
0.070785;1.5617766938820388
0.07084;1.5569183471232564
0.070895;1.5519720581573526
0.07095;1.5469369027811941
0.071005;1.541811982526307
0.07106;1.5365964285127496
0.071115;1.531289405541658
0.07117;1.525890116433627
0.071225;1.5203978066196038
0.07128;1.5148117689902394
0.071335;1.5091313490095668
0.07139000000000001;1.5033559500973412
0.07144500000000001;1.4974850392843024
0.07150000000000001;1.4915181531430608
0.07155500000000001;1.4854549039964178
0.07161000000000001;1.4792949864035745
0.071665;1.4730381839230267
0.07172;1.4666843761496986
0.071775;1.4602335460215463
0.07183;1.453685787388872
0.071885;1.4470413128377577
0.07194;1.4403004617559494
0.071995;1.4334637086270383
0.07205;1.4265316715359424
0.072105;1.4195051208651877
0.07216;1.4123849881583976
0.072215;1.4051723751233183
0.07227;1.3978685627429865
0.072325;1.390475020459626
0.07238;1.3829934153909513
0.072435;1.3754256215348053
0.07249;1.3677737289122343
0.072545;1.3600400525951428
0.0726;1.3522271415590552
0.072655;1.3443377872965412
0.07271;1.3363750321217764
0.072765;1.3283421770912525
0.07282;1.3202427894610753
0.07287500000000001;1.3120807095960205
0.07293000000000001;1.3038600572408523
0.07298500000000001;1.295585237060143
0.07304000000000001;1.2872609433490079
0.07309500000000001;1.2788921638133686
0.07315;1.2704841823159896
0.073205;1.2620425804818374
0.07326;1.253573238056027
0.073315;1.2450823319061834
0.07337;1.2365763335628763
0.073425;1.2280620051932216
0.07348;1.2195463939063778
0.073535;1.2110368242943166
0.07359;1.2025408891176579
0.073645;1.19406643805425
0.0737;1.1856215644377248
0.073755;1.1772145899245645
0.07381;1.1688540470417133
0.073865;1.1605486595806338
0.07392;1.1523073208214034
0.073975;1.1441390695875722
0.07403;1.1360530641527382
0.074085;1.1280585540407408
0.07414;1.1201648497833654
0.074195;1.1123812907227932
0.07425;1.1047172109701509
0.074305;1.0971819036549681
0.07436000000000001;1.0897845836258777
0.07441500000000001;1.0825343487854204
0.07447000000000001;1.075440140266424
0.07452500000000001;1.068510701678665
0.07458000000000001;1.061754537675273
0.074635;1.0551798721073606
0.07469;1.0487946060508202
0.074745;1.0426062760032802
0.0748;1.0366220125589656
0.074855;1.0308484998762069
0.07491;1.0252919362551942
0.074965;1.0199579961421659
0.07502;1.0148517938715513
0.075075;1.0099778494473306
0.07513;1.005340056651532
0.075185;1.0009416537492952
0.07524;0.9967851970376511
0.075295;0.9928725374590256
0.07535;0.9892048004699363
0.075405;0.9857823693211926
0.07546;0.9826048718676328
0.075515;0.979671170981375
0.07557;0.9769793585896102
0.075625;0.9745267532857288
0.07568;0.9723099013384433
0.075735;0.9703245806314937
0.07579;0.968565806062336
0.07584500000000001;0.9670278293165111
0.07590000000000001;0.9657039865188742
0.07595500000000001;0.9656102638989895
0.07601000000000001;0.964973467363973
0.07606500000000001;0.9644859345941345
0.07612000000000001;0.9641623186875523
0.076175;0.9640012805760373
0.07623;0.9639963338829137
0.076285;0.9641385358653803
0.07634;0.964417467441178
0.076395;0.9648216795940994
0.07645;0.9653389321908448
0.076505;0.9659563390452338
0.07656;0.9666604654585476
0.076615;0.9674373990655163
0.07667;0.9682728040414008
0.076725;0.9691519636933631
0.07678;0.9700598139025888
0.076835;0.9709809684693502
0.07689;0.9718997365484792
0.076945;0.9728001317582551
0.077;0.973665872048658
0.077055;0.9744803689300419
0.07711;0.9752267041206625
0.077165;0.9758875910051706
0.07722;0.9764453174313629
0.077275;0.9768816652118728
0.07733;0.9771778001063169
0.07738500000000001;0.9773141238404066
0.07744000000000001;0.9772700765787886
0.07749500000000001;0.9770238737610893
0.07755000000000001;0.976552154640067
0.07760500000000001;0.9758295101263795
0.07766;0.9748278428624064
0.077715;0.9735154898683062
0.07777;0.9718560026219281
0.077825;0.9698064223339993
0.07788;0.9673147938183838
0.077935;0.9643165007274721
0.07799;0.9607287222174774
0.078045;0.9564417944449793
0.0781;0.9513052746886822
0.078155;0.9451045311939071
0.07821;0.9375194964016772
0.078265;0.9280477604359411
0.07832;0.9158512063298677
0.078375;0.8994254582905253
0.07843;0.8758308276098684
0.078485;0.8389535086294386
0.07854;0.7822836082805269
0.078595;1.1325313395109557
0.07865;1.4157302991575809
0.078705;1.1688397277374414
0.07876;1.083515330725001
0.078815;1.0402766851472531
0.07887000000000001;1.0127628875937245
0.07892500000000001;0.9925838321274192
0.07898000000000001;0.9763043989717001
0.07903500000000001;0.9622704539812993
0.07909000000000001;0.949591429864091
0.07914500000000001;0.9377476651685596
0.0792;0.9264173181110905
0.079255;0.9153920644234226
0.07931;0.9045327241234219
0.079365;0.8937444114588061
0.07942;0.8829618974320241
0.079475;0.8721406205130176
0.07953;0.8612509705304376
0.079585;0.8502745461364146
0.07964;0.8392016432902353
0.079695;0.8280295341946263
0.07975;0.8167612664192592
0.079805;0.8054048113445
0.07986;0.7939724508631364
0.079915;0.7824803282302115
0.07997;0.7709481123374167
0.080025;0.7593987398064953
0.08008;0.7478582092625008
0.080135;0.7363554088402285
0.08019;0.7249219625569466
0.080245;0.7135920843823401
0.0803;0.7024024311297233
0.08035500000000001;0.6913919469881715
0.08041000000000001;0.6806016938282101
0.08046500000000001;0.6700746624852727
0.08052000000000001;0.6598555611563761
0.08057500000000001;0.6499905779068198
0.08063000000000001;0.6405271151229587
0.080685;0.6315134945988767
0.08074;0.6229986328262344
0.080795;0.6150316869793698
0.08085;0.6076616730511807
0.080905;0.6009370585897068
0.08096;0.594905333495663
0.081015;0.5896125633437983
0.08107;0.5851029306563497
0.081125;0.5814182704521236
0.08118;0.578597607181608
0.081235;0.5766767008012266
0.08129;0.5756876101994692
0.081345;0.5756582824322533
0.0814;0.5766121762266165
0.081455;0.5785679279510629
0.08151;0.5815390677192852
0.081565;0.5855337924933458
0.08162;0.5905548019984844
0.081675;0.5965992019818602
0.08173;0.6036584778822007
0.081785;0.6117185403752419
0.08184;0.6207598425805283
0.08189500000000001;0.6307575670208271
0.08195000000000001;0.6416818787798808
0.08200500000000001;0.6534982397719169
0.08206000000000001;0.6661677776726581
0.08211500000000001;0.6796477019155129
0.08217;0.6938917582672277
0.082225;0.7088507128857743
0.08228;0.724472856446525
0.082335;0.7407045188914482
0.08239;0.7574905856022164
0.082445;0.7747750062904218
0.0825;0.7925012886046419
0.082555;0.810612969332965
0.08261;0.829054057085401
0.082665;0.8477694414287961
0.08272;0.8667052645713732
0.082775;0.8858092528149885
0.08283;0.9050310060735087
0.082885;0.9243222447657592
0.08294;0.943637014306758
0.082995;0.9629318482257921
0.08305;0.9821658916226682
0.083105;1.0013009872301446
0.08316;1.0203017267839998
0.083215;1.039135470712626
0.08327;1.0577723393614076
0.083325;1.07618517906555
0.08338000000000001;1.0943495064015751
0.08343500000000001;1.1122434338844944
0.08349000000000001;1.1298475802580505
0.08354500000000001;1.1471449683568096
0.08360000000000001;1.1641209133142811
0.08365500000000001;1.1807629036641456
0.08371;1.1970604776398768
0.083765;1.2130050967293284
0.08382;1.2285900182953198
0.083875;1.2438101688329155
0.08393;1.2586620192072921
0.083985;1.2731434630014855
0.08404;1.2872536989081766
0.084095;1.30099311792212
0.08415;1.3143631959314317
0.084205;1.327366392168407
0.08426;1.3400060538613772
0.084315;1.3522863273298178
0.08437;1.3642120756846927
0.084425;1.3757888032322108
0.08448;1.3870225866346921
0.084535;1.3979200128532847
0.08459;1.408488123885656
0.084645;1.4187343683172275
0.0847;1.4286665597266845
0.084755;1.4382928420287284
0.08481;1.4476216618990485
0.08486500000000001;1.4566617485127549
0.08492000000000001;1.4654221009429877
0.08497500000000001;1.473911983716179
0.08503000000000001;1.4821409312147056
0.08508500000000001;1.4901187618684921
0.08514000000000001;1.4978556034018906
0.085195;1.505361930824919
0.08525;1.5126486194122295
0.085305;1.5197270156472855
0.08536;1.5266090300885002
0.085415;1.5333072574373066
0.08547;1.5398351308932594
0.085525;1.546207120375253
0.08558;1.5524389876758813
0.085635;1.5585481165614892
0.08569;1.5645539429425723
0.085745;1.5704785206292613
0.0858;1.576347273619086
0.085855;1.582190009210963
0.08591;1.588042302265732
0.085965;1.5939474177565767
0.08602;1.5999590305599778
0.086075;1.6061451537875524
0.08613;1.6125939474172777
0.086185;1.6194225393906254
0.08624;1.626790836444823
0.086295;1.634923920948184
0.08635;1.6441498866514506
0.08640500000000001;1.6549668935533752
0.08646000000000001;1.6681689299838989
0.08651500000000001;1.685098047771926
0.08657000000000001;1.7081914869768262
0.08662500000000001;1.7422725393081417
0.08668000000000001;1.7977402629857466
0.086735;1.8955197243616848
0.08679;1.9874795346881033
0.086845;1.5997000165367068
0.0869;1.4486819947461145
0.086955;1.4678519822096128
0.08701;1.494591589957135
0.087065;1.515124157460229
0.08712;1.5304042004431662
0.087175;1.542030524664803
0.08723;1.551121378338804
0.087285;1.558402247808593
0.08734;1.5643482174833179
0.087395;1.5692787979062683
0.08745;1.573415213139568
0.087505;1.5769149064388468
0.08756;1.5798927540719203
0.087615;1.5824344571667186
0.08767;1.5846052265018693
0.087725;1.5864555603752106
0.08778;1.5880251801748013
0.087835;1.5893457693447663
0.08789000000000001;1.5904429172151935
0.08794500000000001;1.591337523277092
0.08800000000000001;1.5920468282312448
0.08805500000000001;1.592585182283574
0.08811000000000001;1.5929646254534342
0.08816500000000001;1.5931953313800005
0.08822;1.593285950651446
0.088275;1.593243879238399
0.08833;1.5930754704472971
0.088385;1.5927862038196037
0.08844;1.5923808208808095
0.088495;1.5918634351258314
0.08855;1.5912376218062756
0.088605;1.590506491753338
0.08866;1.589672752486108
0.088715;1.5887387591207325
0.08877;1.5877065570430822
0.088825;1.5865779178879256
0.08888;1.5853543700458972
0.088935;1.5840372246720602
0.08899;1.5826275979769773
0.089045;1.5811264304306685
0.0891;1.5795345033912835
0.089155;1.577852453576383
0.08921;1.576080785719846
0.089265;1.5742198836977084
0.08932;1.5722700203578337
0.08937500000000001;1.5702313662495002
0.08943000000000001;1.568103997417196
0.08948500000000001;1.5658879023972334
0.08954000000000001;1.5635829885345733
0.08959500000000001;1.5611890877198435
0.08965000000000001;1.5587059616324928
0.08970500000000001;1.5561333065638294
0.08976;1.5534707578843416
0.089815;1.5507178942113093
0.08987;1.5478742413261621
0.089925;1.5449392758855431
0.08998;1.5419124289652926
0.090035;1.5387930894729294
0.09009;1.535580607461132
0.090145;1.5322742973721004
0.0902;1.5288734412407754
0.090255;1.525377291883254
0.09031;1.521785076095572
0.090365;1.5180959978871356
0.09042;1.5143092417723594
0.090475;1.5104239761439886
0.09053;1.506439356751175
0.090585;1.5023545303056622
0.09064;1.4981686382396175
0.090695;1.4938808206390353
0.09075;1.489490220377493
0.090805;1.4849959874753846
0.09086;1.4803972837108736
0.09091500000000001;1.475693287509915
0.09097000000000001;1.4708831991433764
0.09102500000000001;1.4659662462609315
0.09108000000000001;1.4609416897924248
0.09113500000000001;1.4558088302487044
0.09119000000000001;1.4505670144557279
0.091245;1.4452156427565206
0.0913;1.439754176717832
0.091355;1.4341821473791319
0.09141;1.4284991640834312
0.091465;1.422704923930695
0.09152;1.416799221895863
0.091575;1.4107819616547215
0.09163;1.404653167161838
0.091685;1.3984129950254547
0.09174;1.392061747724872
0.091795;1.3855998877155609
0.09185;1.37902805246728
0.091905;1.3723470704792702
0.09196;1.3655579783149876
0.092015;1.3586620386966932
0.09207;1.3516607596966044
0.092125;1.3445559150573159
0.09218;1.3373495656683323
0.092235;1.33004408221866
0.09229;1.3226421690370909
0.092345;1.315146889120899
0.09240000000000001;1.3075616903417757
0.09245500000000001;1.299890432802774
0.09251000000000001;1.292137417302909
0.09256500000000001;1.2843074148462965
0.09262000000000001;1.2764056971091389
0.09267500000000001;1.2684380677521796
0.09273;1.260410894435978
0.092785;1.252331141362978
0.09284;1.2442064021330743
0.092895;1.2360449326573475
0.09295;1.2278556838299188
0.093005;1.2196483336075803
0.09306;1.211433318093857
0.093115;1.2032218611669774
0.09317;1.195026002131059
0.093225;1.1868586208073657
0.09328;1.1787334594183383
0.093335;1.1706651405522435
0.09339;1.1626691804333815
0.093445;1.1547619966615363
0.0935;1.1469609095290696
0.093555;1.1392841359755326
0.09361;1.1317507752014204
0.093665;1.1243807849384617
0.09372;1.1171949473652891
0.093775;1.1102148236701783
0.09383;1.1034626962996623
0.09388500000000001;1.0969614979962756
0.09394000000000001;1.0907347268263223
0.09399500000000001;1.0848063465301263
0.09405000000000001;1.0792006716981923
0.09410500000000001;1.0739422374868821
0.09416000000000001;1.0690556538391587
0.09421500000000001;1.0645654444687738
0.09427;1.0604958711972006
0.094325;1.0568707445996948
0.09438;1.0537132223116088
0.094435;1.051045596762529
0.09449;1.048889074531869
0.094545;1.04726354994331
0.0946;1.0461873759221476
0.094655;1.0456771355129313
0.09471;1.0457474177768196
0.094765;1.046410602043243
0.09482;1.047676654658928
0.094875;1.0495529424464018
0.09493;1.0520440670387945
0.094985;1.0551517240899597
0.09504;1.0588745910628994
0.095095;1.0632082468757376
0.09515;1.0681451261392043
0.095205;1.0736745100634362
0.09526;1.0797825553642717
0.095315;1.08645236168015
0.09537000000000001;1.0936640771500952
0.09542500000000001;1.1013950409281617
0.09548000000000001;1.1096199605539714
0.09553500000000001;1.1183111212928758
0.09559000000000001;1.1274386238325702
0.09564500000000001;1.136970646102858
0.09570000000000001;1.1468737244925102
0.095755;1.1571130493879402
0.09581;1.1676527697626848
0.095865;1.178456301505088
0.09592;1.1894866342817094
0.095975;1.2007066319842343
0.09603;1.2120793221814345
0.096085;1.2235681704769583
0.09614;1.2351373362320492
0.096195;1.2467519067289337
0.09625;1.2583781074972125
0.096305;1.2699834871798046
0.09636;1.2815370759557625
0.096415;1.293009517143397
0.09647;1.3043731721650103
0.096525;1.315602199551284
0.09658;1.32667260908953
0.096635;1.3375622925750235
0.09669;1.348251032900651
0.096745;1.358720493426174
0.0968;1.3689541897014603
0.096855;1.378937445689159
0.09691000000000001;1.388657336645488
0.09696500000000001;1.3981026207819258
0.09702000000000001;1.4072636617536987
0.09707500000000001;1.4161323439119027
0.09713000000000001;1.4247019821208122
0.09718500000000001;1.432967227791286
0.09724000000000001;1.4409239726164993
0.097295;1.4485692513297863
0.09735;1.4559011446341226
0.097405;1.4629186832891097
0.09746;1.4696217541824423
0.097515;1.4760110090640537
0.09757;1.4820877764833167
0.097625;1.487853977343576
0.09768;1.4933120443744865
0.097735;1.4984648457227168
0.09779;1.5033156127722347
0.097845;1.5078678722301773
0.0979;1.512125382448672
0.097955;1.5160920738988146
0.09801;1.5197719936684357
0.098065;1.5231692538186732
0.09812;1.5262879834065346
0.098175;1.5291322839586092
0.09823;1.531706188165608
0.098285;1.534013621556743
0.09834;1.5360583669065642
0.09839500000000001;1.537844031124182
0.09845000000000001;1.5393740143749663
0.09850500000000001;1.5406514811874472
0.09856000000000001;1.5416793333026775
0.09861500000000001;1.5424601840292729
0.09867000000000001;1.542996333874618
0.09872500000000001;1.5432897472308027
0.09878;1.5433420299023823
0.098835;1.5431544072725045
0.09889;1.5427277029132422
0.098945;1.5420623174560204
0.099;1.541158207548024
0.099055;1.5400148647310254
0.09911;1.5386312940898208
0.099165;1.5370059925289246
0.09922;1.5351369265481771
0.099275;1.5330215094008923
0.09933;1.5306565775325263
0.099385;1.5280383662132317
0.09944;1.5251624842958296
0.099495;1.5220238880505026
0.09955;1.5186168540508087
0.099605;1.5149349511124313
0.09966;1.5109710113170587
0.099715;1.5067171001907582
0.09977;1.5021644861482326
0.099825;1.4973036093650092
0.09988000000000001;1.4921240502981266
0.09993500000000001;1.4866144981446272
0.09999000000000001;1.4807627196076545
0.10004500000000001;1.4745555284337675
0.10010000000000001;1.4679787562938245
0.10015500000000001;1.461017225706826
0.10021000000000001;1.4536547258509145
0.100265;1.4458739922740889
0.10032;1.4376566917081908
0.100375;1.4289834134070414
0.10043;1.419833668675356
0.100485;1.4101859005297908
0.10054;1.4000175057383624
0.100595;1.3893048718205314
0.10065;1.3780234319529054
0.100705;1.3661477411160794
0.10076;1.353651577224817
0.100815;1.3405080714030015
0.10087;1.3266898719787164
0.100925;1.312169347167712
0.10098;1.2969188317584215
0.101035;1.280910923378922
0.10109;1.2641188340709664
0.101145;1.2465168028731906
0.1012;1.2280805748584893
0.101255;1.208787951514528
0.10131;1.1886194164138026
0.101365;1.167558838711324
0.10142000000000001;1.1455942550330473
0.10147500000000001;1.1227187276953512
0.10153000000000001;1.0989312738427044
0.10158500000000001;1.0742378559515597
0.10164000000000001;1.0486524192109141
0.10169500000000001;1.0221979555849992
0.10175000000000001;0.9949075680143261
0.101805;0.9668255014215567
0.10186;0.9380081002864604
0.101915;0.9085246459977008
0.10197;0.8784580215506208
0.102025;0.8479051471455797
0.10208;0.8169771286243296
0.102135;0.7857990622585046
0.10219;0.7545094449142394
0.102245;0.7232591486156092
0.1023;0.6922099332889732
0.102355;0.6615324908525406
0.10241;0.6314040371652611
0.102465;0.6020054944682812
0.10252;0.5735183340992908
0.102575;0.5461211752614068
0.10263;0.5199862580813561
0.102685;0.49527592570463874
0.10274;0.47213925871173346
0.102795;0.4507090042833359
0.10285;0.4310989317672244
0.10290500000000001;0.4134017260921059
0.10296000000000001;0.39768750232618405
0.10301500000000001;0.38400299093950085
0.10307000000000001;0.3723714069104949
0.10312500000000001;0.36279297983763736
0.10318000000000001;0.3552460896158018
0.10323500000000001;0.34968892542923774
0.10329;0.3460615664615586
0.103345;0.34428837160322734
0.1034;0.3442805624698932
0.103455;0.34593888840546627
0.10351;0.3491562724734912
0.103565;0.3538203520717838
0.10362;0.35981584499396596
0.103675;0.36702668987547105
0.10373;0.37533792761555473
0.103785;0.3846373065054459
0.10384;0.3948166077046692
0.103895;0.4057726990155957
0.10395;0.41740833350916734
0.104005;0.429632715570504
0.10406;0.44236186062629207
0.104115;0.4555187765414325
0.10417;0.46903349481550694
0.104225;0.48284297865959364
0.10428;0.49689093313748595
0.104335;0.5111275401258022
0.10439000000000001;0.5255091381304879
0.10444500000000001;0.5399978641949555
0.10450000000000001;0.5545612723904194
0.10455500000000001;0.5691719407953872
0.10461000000000001;0.5838070765125887
0.10466500000000001;0.5984481261723248
0.10472000000000001;0.6130803975441063
0.10477500000000001;0.6276926963210833
0.10483;0.6422769808361908
0.104885;0.6568280363979379
0.10494;0.6713431700695458
0.104995;0.6858219260314403
0.10505;0.7002658211412787
0.105105;0.7146780999081759
0.10516;0.7290635078123198
0.105215;0.7434280817036719
0.10527;0.7577789558886483
0.105325;0.7721241824479763
0.10538;0.7864725643078094
0.105435;0.800833499602917
0.10549;0.8152168359134437
0.105545;0.8296327330234908
0.1056;0.8440915329315494
0.105655;0.8586036359391613
0.10571;0.873179381750537
0.105765;0.8878289346312082
0.10582;0.9025621717962544
0.105875;0.9173885743294063
0.10593000000000001;0.9323171200693402
0.10598500000000001;0.9473561780426145
0.10604000000000001;0.9625134041714488
0.10609500000000001;0.9777956381377139
0.10615000000000001;0.9932088014466809
0.10620500000000001;1.0087577968962693
0.10626000000000001;1.0244464098290083
0.106315;1.040277211713225
0.10637;1.0562514667728242
0.106425;1.0723690425544488
0.10648;1.088628325485206
0.106535;1.1050261426292798
0.10659;1.1215576909942182
0.106645;1.1382164758601714
0.1067;1.154994259708219
0.106755;1.1718810233974544
0.10681;1.1888649412959773
0.106865;1.2059323721252926
0.10692;1.2230678674650817
0.106975;1.2402542009682271
0.10703;1.2574724332775462
0.107085;1.2744057519692884
0.10714;1.291502066655577
0.107195;1.3086160086054095
0.10725;1.3256968845828558
0.107305;1.3427096856222658
0.10736;1.3596225845177885
0.10741500000000001;1.3764046152456457
0.10747000000000001;1.393025048891347
0.10752500000000001;1.4094532655357033
0.10758000000000001;1.42565881814424
0.10763500000000001;1.4416115847001576
0.10769000000000001;1.457281964818838
0.10774500000000001;1.472641098746653
0.1078;1.4876610955938443
0.107855;1.5023152617859188
0.10791;1.5165783228685839
0.107965;1.530426633101489
0.10802;1.5438383682103711
0.108075;1.5567936974708503
0.10813;1.5692749320672228
0.108185;1.5812666474648365
0.10824;1.5927557783712176
0.108295;1.6037316857518291
0.10835;1.61418619631701
0.108405;1.6241136159147762
0.10846;1.6335107193753746
0.108515;1.6423767205919626
0.10857;1.6507132280593129
0.108625;1.658524192841239
0.10868;1.6658158581726017
0.108735;1.6725967229093077
0.10879;1.678877535251519
0.108845;1.6846713392716688
0.10890000000000001;1.6899936058676934
0.10895500000000001;1.6948624935807155
0.10901000000000001;1.6992993061206512
0.10906500000000001;1.7033292471720765
0.10912000000000001;1.7069826271381843
0.10917500000000001;1.7102967648136933
0.10923000000000001;1.7133189741329922
0.10928500000000001;1.7161112766696724
0.10934;1.7187579173578498
0.109395;1.7213775426034126
0.10945;1.7241433394124155
0.109505;1.7273171683679396
0.10956;1.7313090925953436
0.109615;1.7367846228379888
0.10967;1.7448649800943585
0.109725;1.7575155036715986
0.10978;1.7783267053692668
0.109835;1.814122600900076
0.10989;1.8782021161465952
0.109945;1.9956959348589642
0.11;2.2035814299174548
0.110055;2.4988478721795344
0.11011;2.7065451117717587
0.110165;2.6524154616193605
0.11022;2.469758959345494
0.110275;2.3040364858100095
0.11033;2.18479323407208
0.110385;2.1024223130638613
0.11044000000000001;2.0447769719203484
0.11049500000000001;2.0033474731481986
0.11055000000000001;1.972737807903561
0.11060500000000001;1.9495531762807903
0.11066000000000001;1.9316176187705443
0.11071500000000001;1.9174993990063582
0.11077000000000001;1.9062304802593577
0.110825;1.8971391880863178
0.11088;1.8897482623459259
0.110935;1.8837111930873132
0.11099;1.878771456488909
0.111045;1.8747357801399813
0.1111;1.8714562117618672
0.111155;1.8688178407999414
0.11121;1.8667302293264116
0.111265;1.865121326501372
0.11132;1.8639330772339726
0.111375;1.8631182066806757
0.11143;1.8626378339193086
0.111485;1.8624596790043528
0.11154;1.8625567004736148
0.111595;1.8629060490651634
0.11165;1.8634882564443476
0.111705;1.8642866004893939
0.11176;1.8652866045597123
0.111815;1.8664756393908435
0.11187;1.8678426042842473
0.11192500000000001;1.869377670062735
0.11198000000000001;1.8710720705026673
0.11203500000000001;1.872917932083049
0.11209000000000001;1.874908134222314
0.11214500000000001;1.8770361939241047
0.11220000000000001;1.8792961700801223
0.11225500000000001;1.8816825836901871
0.11231000000000001;1.8841903510383626
0.112365;1.8868147274669012
0.11242;1.8895512598597015
0.112475;1.8923957463153873
0.11253;1.8953442017810926
0.112585;1.8983928286485792
0.11264;1.9015379914985318
0.112695;1.904776195325963
0.11275;1.908104066699141
0.112805;1.911518337399977
0.11286;1.9150158301723397
0.112915;1.9185934462684087
0.11297;1.9222481545354841
0.113025;1.925976981828562
0.11308;1.929777004569542
0.113135;1.9336453413031682
0.11319;1.9375791461244418
0.113245;1.9415756028720332
0.1133;1.9456319199999852
0.113355;1.9497453260532414
0.11341000000000001;1.9539130656853212
0.11346500000000001;1.9581323961658257
0.11352000000000001;1.9624005843342442
0.11357500000000001;1.9667149039634755
0.11363000000000001;1.9710726335024331
0.11368500000000001;1.9754710541721876
0.11374000000000001;1.9799074483944303
0.11379500000000001;1.9843790985342822
0.11385;1.9888832859428616
0.113905;1.9934172902871474
0.11396;1.9979783891570082
0.114015;2.0025638579407365
0.11407;2.0071709699620146
0.114125;2.0117969968721447
0.11418;2.0164392092924435
0.114235;2.021094877702158
0.11429;2.025761273567979
0.114345;2.030435670711271
0.1144;2.035115346909677
0.114455;2.0397975857296204
0.11451;2.0444796785862125
0.114565;2.0491589270272765
0.11462;2.0538326452376405
0.114675;2.058498162760223
0.11473;2.063152827429701
0.114785;2.0677940085147237
0.11484;2.0724191000644434
0.11489500000000001;2.077025524454743
0.11495000000000001;2.081610736129645
0.11500500000000001;2.0861722255334407
0.11506000000000001;2.090707523228689
0.11511500000000001;2.0952142041961914
0.11517000000000001;2.099689892312345
0.11522500000000001;2.1041322650008754
0.11528000000000001;2.1085390580555883
0.11533500000000001;2.1129080706325367
0.11539;2.117237170410594
0.115445;2.1215242989212566
0.1155;2.125767477050253
0.115555;2.1299648107158147
0.11561;2.13411449673119
0.115665;2.138214828862579
0.11572;2.142264204097232
0.115775;2.146261129141652
0.11583;2.150204227175233
0.115885;2.1540922448915265
0.11594;2.157924059867123
0.115995;2.1616986883078035
0.11605;2.1654152932325657
0.116105;2.169073193169537
0.11616;2.172671871453471
0.116215;2.1762109862335777
0.11627;2.1796903813225286
0.116325;2.1831100980451548
0.11638;2.1864703882773293
0.11643500000000001;2.1897717289055048
0.11649000000000001;2.1930148379850047
0.11654500000000001;2.19620069293408
0.11660000000000001;2.1993305511725554
0.11665500000000001;2.2024059737029735
0.11671000000000001;2.2054288522423766
0.11676500000000001;2.2084014406509573
0.11682000000000001;2.2113263915768187
0.116875;2.2142067994554524
0.11693;2.2170462512813005
0.116985;2.219848886926393
0.11704;2.2226194712429654
0.117095;2.2253634807879856
0.11715;2.2280872087960977
0.117205;2.230797893071286
0.11726;2.2335038728613554
0.117315;2.236214782659418
0.11737;2.23894179343785
0.117425;2.2416979153491434
0.11748;2.2444983808487695
0.117535;2.2473611341424435
0.11759;2.2503074628072803
0.117645;2.253362821890154
0.1177;2.2565579221326226
0.117755;2.2599301860564807
0.11781;2.2635257248090963
0.117865;2.267402065620414
0.11792000000000001;2.271631983019729
0.11797500000000001;2.2763089897053197
0.11803000000000001;2.2815553861459534
0.11808500000000001;2.287534368091688
0.11814000000000001;2.294468779756725
0.11819500000000001;2.3026711593708216
0.11825000000000001;2.3125938090179248
0.11830500000000001;2.324916187099335
0.11836;2.340706076863506
0.118415;2.361737143220364
0.11847;2.3911667086592194
0.118525;2.435126693623854
0.11858;2.506851317262236
0.118635;2.637385103948509
0.11869;2.860507198292682
0.118745;2.4131933727027643
0.1188;1.8993353616925683
0.118855;1.9459166049349252
0.11891;2.006391887555577
0.118965;2.0480576533033603
0.11902;2.076749286124536
0.119075;2.0973159222920357
0.11913;2.1126307034019915
0.119185;2.124396900212978
0.11924;2.133665739352217
0.119295;2.141114699814654
0.11935;2.147197869414971
0.11940500000000001;2.1522302045619504
0.11946000000000001;2.156436727164037
0.11951500000000001;2.1599823879203455
0.11957000000000001;2.162990841963745
0.11962500000000001;2.165556628553878
0.11968000000000001;2.167753294366378
0.11973500000000001;2.1696389466210984
0.11979000000000001;2.171260133613388
0.11984500000000001;2.172654610324577
0.1199;2.1738533446212123
0.119955;2.1748819960027093
0.12001;2.175762021468602
0.120065;2.176511513502032
0.12012;2.1771458427506634
0.120175;2.1776781563894367
0.12023;2.1781197685100895
0.120285;2.1784804688003745
0.12034;2.178768768729982
0.120395;2.1789920994688066
0.12045;2.1791569721824597
0.120505;2.1792691087508014
0.12056;2.1793335490481054
0.120615;2.17935473950946
0.12067;2.179336606649855
0.120725;2.179282618402979
0.12078;2.1791958355382453
0.120835;2.179078954947121
0.12089;2.1789343462286
0.12094500000000001;2.1787640827219525
0.12100000000000001;2.178569967914345
0.12105500000000001;2.1783535579766387
0.12111000000000001;2.1781161810424896
0.12116500000000001;2.1778589537354467
0.12122000000000001;2.177582795360316
0.12127500000000001;2.1772884401034562
0.12133000000000001;2.176976447528942
0.121385;2.176647211610338
0.12144;2.176300968499294
0.121495;2.175937803200678
0.12155;2.175557655297801
0.121605;2.1751603238498354
0.12166;2.1747454715658305
0.121715;2.1743126283446896
0.12177;2.1738611942582895
0.121825;2.1733904420447074
0.12188;2.1728995191696945
0.121935;2.172387449507607
0.12199;2.171853134686804
0.122045;2.1712953551396432
0.1221;2.170712770892919
0.122155;2.1701039221312235
0.12221;2.1694672295626924
0.122265;2.168800994614307
0.12232;2.1681033994821166
0.122375;2.167372507059881
0.12243000000000001;2.1666062607687944
0.12248500000000001;2.1658024843095993
0.12254000000000001;2.1649588813581984
0.12259500000000001;2.1640730352248427
0.12265000000000001;2.1631424084971203
0.12270500000000001;2.1621643426866783
0.12276000000000001;2.161136057899556
0.12281500000000001;2.1600546525502775
0.12287000000000001;2.1589171031401695
0.122925;2.157720264120415
0.12298;2.1564608678612935
0.123035;2.1551355247489385
0.12309;2.153740723432252
0.123145;2.152272831242539
0.1232;2.15072809480954
0.123255;2.149102640897984
0.12331;2.147392477489646
0.123365;2.1455934951363753
0.12342;2.143701468610368
0.123475;2.1417120588786522
0.12353;2.1396208154291654
0.123585;2.1374231789765057
0.12364;2.1351144845758903
0.123695;2.1326899651741256
0.12375;2.13014475562689
0.123805;2.1274738972114364
0.12386;2.124672342664215
0.12391500000000001;2.121734961772429
0.12397000000000001;2.1186565475484014
0.12402500000000001;2.1154318230149776
0.12408000000000001;2.1120554486292935
0.12413500000000001;2.1085220303716645
0.12419000000000001;2.1048261285242327
0.12424500000000001;2.1009622671634176
0.12430000000000001;2.096924944387282
0.12435500000000001;2.0927086432975823
0.12441;2.0883078437529132
0.124465;2.083717034906984
0.12452;2.0789307285422542
0.124575;2.0739434732057074
0.12463;2.0687498691490354
0.124685;2.063344584071386
0.12474;2.0577223696572347
0.124795;2.0518780788969697
0.12485;2.0458066841717986
0.124905;2.039503296078092
0.12496;2.0329631829600756
0.12501500000000002;2.0261817911124806
0.12507000000000001;2.0191547656074356
0.12512500000000001;2.0118779716927
0.12518;2.004347516699778
0.125235;1.9965597723932238
0.12529;1.9885113976837212
0.125345;1.9801993616195963
0.1254;1.9716209665633153
0.125455;1.9627738714510872
0.12551;1.9536561150265974
0.125565;1.9442661389315263
0.12562;1.9346028105289423
0.125675;1.9246654453289633
0.12573;1.914453828879978
0.125785;1.9039682379838005
0.12584;1.8932094610882613
0.125895;1.8821788177080385
0.12595;1.8708781767216907
0.126005;1.8593099733919094
0.12606;1.8474772249563376
0.126115;1.83538354463726
0.12617;1.823033153922172
0.126225;1.8104308929711013
0.12628;1.7975822290121373
0.126335;1.7844932625952303
0.12639;1.771170731581959
0.126445;1.7576220127604394
0.1265;1.7438551209859432
0.126555;1.7298787057614355
0.12661;1.7157020451869205
0.126665;1.7013350372222416
0.12672;1.6867881882248443
0.126775;1.672072598742372
0.12683;1.657199946557972
0.126885;1.6421824670058411
0.12694;1.6270329305938294
0.126995;1.611764617989399
0.12705;1.5963912924457002
0.127105;1.5809271697625635
0.12716;1.565386885896971
0.127215;1.5497854623550562
0.12727;1.5341382695150558
0.127325;1.5184609880464157
0.12738;1.502769568604292
0.127435;1.4870801899927941
0.12749;1.47140921600054
0.127545;1.4557731511224232
0.1276;1.440188595388687
0.127655;1.4246721985281487
0.12771000000000002;1.4092406136967275
0.12776500000000002;1.3939104510030738
0.12782000000000002;1.3786982310633722
0.12787500000000002;1.363620338815584
0.12793000000000002;1.3486929778175345
0.12798500000000002;1.333932125249543
0.12804000000000001;1.3193534878325972
0.12809500000000001;1.3049724588645493
0.12815000000000001;1.2908040765665494
0.128205;1.2768629839193053
0.12826;1.2631633901559667
0.128315;1.249719034064417
0.12837;1.2365431492370893
0.128425;1.2236484313913523
0.12848;1.2110470078673596
0.128535;1.1987504093949997
0.12859;1.1867695442050317
0.128645;1.1751146745443533
0.1287;1.1637953956393066
0.128755;1.1528206171354833
0.12881;1.142198547028757
0.128865;1.1319366780865476
0.12892;1.1220417767462798
0.128975;1.1125198744641625
0.12903;1.103376261475529
0.129085;1.094615482917242
0.12914;1.0862413372514046
0.129195;1.0782568769204128
0.12925;1.07066441115475
0.129305;1.063465510846455
0.12936;1.0566610153944693
0.129415;1.050251041421385
0.12947;1.0442349932555894
0.129525;1.0386115750679974
0.12958;1.0333788045479821
0.129635;1.0285340279999646
0.12969;1.0240739367388116
0.129745;1.0199945846599725
0.1298;1.0162914068586173
0.129855;1.0129592391702935
0.12991;1.0099923385054144
0.129965;1.0073844038492659
0.13002;1.0051285977995843
0.130075;1.003217568514633
0.13013;1.0016434719459015
0.130185;1.0003979942316736
0.13024;0.9994723741303174
0.130295;0.9988574253755456
0.13035;0.9985435588405632
0.130405;0.9985208044034357
0.13046;0.9987788324132729
0.130515;0.99930697466572
0.13057;1.0000942448076697
0.130625;1.0011293581054594
0.13068000000000002;1.0024007505291406
0.13073500000000002;1.0038965971289964
0.13079000000000002;1.0056048297105435
0.13084500000000002;1.0075131538533126
0.13090000000000002;1.0096090653692653
0.13095500000000002;1.0118798663626496
0.13101000000000002;1.0143126811391194
0.13106500000000001;1.0168944723254292
0.13112000000000001;1.0196120577099526
0.131175;1.0224521285121406
0.13123;1.0254012700514774
0.131285;1.0284459861372948
0.13134;1.0315727289703571
0.131395;1.034767936980258
0.13145;1.038018083878629
0.131505;1.0413097433718699
0.13156;1.0446296755686444
0.131615;1.047964943304503
0.13167;1.0513030696301544
0.131725;1.0546322519189717
0.13178;1.0579416539448354
0.131835;1.0612218055986526
0.13189;1.0644651517315145
0.131945;1.0676668085405683
0.132;1.0708256103527969
0.132055;1.0739455652412593
0.13211;1.0770378901471866
0.132165;1.0801238735462475
0.13222;1.0832389292501623
0.132275;1.0864383789390841
0.13233;1.0898057649696091
0.132385;1.09346489773473
0.13244;1.097597458313466
0.132495;1.102468919514338
0.13255;1.1084669756205967
0.132605;1.1161587810411524
0.13266;1.1263762515967972
0.132715;1.140342311970808
0.13277;1.1598538759915955
0.132825;1.187534360971154
0.13288;1.227144453873335
0.132935;1.2838563452363039
0.13299;1.3641761712282545
0.133045;1.4747548951698388
0.1331;1.6188324682675022
0.133155;1.7897271586777734
0.13321;1.9649903346931896
0.133265;2.110677293206517
0.13332;2.1993824956070873
0.133375;2.226128615126086
0.13343;2.2056365970909604
0.133485;2.158382906304358
0.13354;2.1006870536822846
0.133595;2.04239564482949
0.13365;1.988340766641379
0.13370500000000002;1.9403510202435161
0.13376000000000002;1.8987089496472536
0.13381500000000002;1.8630008712592174
0.13387000000000002;1.832558509303877
0.13392500000000002;1.806669702265328
0.13398000000000002;1.784669362831136
0.13403500000000002;1.7659718753196183
0.13409000000000001;1.750076475428397
0.13414500000000001;1.7365612223773979
0.1342;1.725073010242216
0.134255;1.7153170018229544
0.13431;1.7070468927762024
0.134365;1.7000564804487712
0.13442;1.6941725912341226
0.134475;1.6892492475291228
0.13453;1.685162899286483
0.134585;1.6818085413548043
0.13464;1.679096555162222
0.134695;1.6769501372137485
0.13475;1.675303200822777
0.134805;1.6740986588891333
0.13486;1.6732870136170024
0.134915;1.6728251938945933
0.13497;1.6726755930135355
0.135025;1.6728052689511028
0.13508;1.6731852770205524
0.135135;1.6737901107021012
0.13519;1.6745972312264228
0.135245;1.6755866702553186
0.1353;1.6767406930015456
0.135355;1.6780435115159729
0.13541;1.6794810397763027
0.135465;1.6810406837381215
0.13552;1.6827111607364011
0.135575;1.68448234361546
0.13563;1.6863451257668653
0.135685;1.6882913039055782
0.13574;1.6903134759456666
0.135795;1.6924049517710253
0.13585;1.6945596750532308
0.135905;1.6967721545625185
0.13596;1.6990374036605833
0.136015;1.701350886865587
0.13607;1.7037084725473364
0.136125;1.706106390950461
0.13618;1.7085411968608937
0.136235;1.711009736329154
0.13629;1.7135091169470238
0.136345;1.7160366812442374
0.1364;1.7185899828312765
0.136455;1.7211667649646463
0.13651;1.7237649412541318
0.136565;1.7263825782681679
0.13662;1.7290178798249882
0.13667500000000002;1.7316691727839992
0.13673000000000002;1.7343348941752539
0.13678500000000002;1.737013579524832
0.13684000000000002;1.7397038522512929
0.13689500000000002;1.742404414023243
0.13695000000000002;1.7451140359813382
0.13700500000000002;1.7478315507389979
0.13706000000000002;1.7505558450865575
0.13711500000000001;1.753285853331564
0.13717000000000001;1.7560205512159992
0.137225;1.7587589503576322
0.13728;1.7615000931685902
0.137335;1.7642430482093057
0.13739;1.7669869059406005
0.137445;1.7697307748406756
0.1375;1.7724737778572042
0.137555;1.7752150491680663
0.13761;1.7779537312268194
0.137665;1.7806889720715409
0.13772;1.783419922878104
0.137775;1.786145735740483
0.13783;1.7888655616628157
0.137885;1.791578548749295
0.13794;1.7942838405794148
0.137995;1.7969805747573318
0.13805;1.7996678816251865
0.138105;1.802344883131241
0.13816;1.80501069184458
0.138215;1.80766441010886
0.13827;1.810305129328299
0.138325;1.8129319293797634
0.13838;1.815543878145307
0.138435;1.8181400311600366
0.13849;1.8207194313704942
0.138545;1.8232811089993586
0.1386;1.8258240815122737
0.138655;1.8283473536831758
0.13871;1.830849917754518
0.138765;1.8333307536890997
0.13882;1.8357888295103733
0.138875;1.838223101728146
0.13893;1.8406325158467933
0.138985;1.843016006953118
0.13904;1.8453725003810133
0.139095;1.8477009124502364
0.13915;1.8500001512764408
0.139205;1.852269117649636
0.13926;1.854506705978403
0.139315;1.8567118052968623
0.13937;1.858883300331366
0.139425;1.861020072624193
0.13948;1.863121001710735
0.139535;1.865184966347324
0.13959;1.8672108457859822
0.139645;1.869197521093206
0.13970000000000002;1.8711438765084263
0.13975500000000002;1.8730488008392636
0.13981000000000002;1.8749111888891092
0.13986500000000002;1.876729942913362
0.13992000000000002;1.8785039741001395
0.13997500000000002;1.8802322040711923
0.14003000000000002;1.8819135663985767
0.14008500000000002;1.8835470081326535
0.14014000000000001;1.88513149133664
0.14019500000000001;1.8866659946230457
0.14025;1.8881495146868046
0.140305;1.889581067830502
0.14036;1.890959691475995
0.140415;1.892284445657693
0.14047;1.893554414491636
0.140525;1.8947687076153772
0.14058;1.8959264615926512
0.140635;1.8970268412778022
0.14069;1.8980690411335226
0.140745;1.8990522864967765
0.1408;1.8999758347868425
0.140855;1.900838976649488
0.14091;1.9016410370315437
0.140965;1.902381376179737
0.14102;1.9030593905577753
0.141075;1.9036745136756241
0.14113;1.9042262168246273
0.141185;1.9047140097125037
0.14124;1.905137440991419
0.141295;1.9054960986731313
0.14135;1.9057896104239598
0.141405;1.9060176437334733
0.14146;1.9061799059491102
0.141515;1.906276144169847
0.14157;1.9063061449912175
0.141625;1.9062697340936832
0.14168;1.9061667756663923
0.141735;1.905997171658653
0.14179;1.9057608608527146
0.141845;1.9054578177565267
0.1419;1.9050880513299102
0.141955;1.9046516036053227
0.14201;1.9041485484397638
0.142065;1.9035789914537133
0.14212;1.9029430783833252
0.142175;1.8957265484489638
0.14223;1.8949581677585088
0.142285;1.8941845045932169
0.14234;1.8934132957287402
0.142395;1.8926413884329873
0.14245;1.8918658429321376
0.142505;1.8910842423845724
0.14256;1.8902945731770564
0.142615;1.8894951052213274
0.14267;1.8886843032809786
0.14272500000000002;1.8878607628025035
0.14278000000000002;1.887023162299276
0.14283500000000002;1.8861702265883808
0.14289000000000002;1.8853006970769746
0.14294500000000002;1.8844133065471544
0.14300000000000002;1.8835067566736627
0.14305500000000002;1.8825796969932393
0.14311000000000001;1.8816307043394487
0.14316500000000001;1.8806582619279502
0.14322000000000001;1.8796607373657812
0.143275;1.8786363588837203
0.14333;1.8775831890693395
0.143385;1.876499095310923
0.14344;1.8753817160512962
0.143495;1.8742284217905278
0.14355;1.8730362695571674
0.143605;1.8718019492766773
0.14366;1.8705217200810413
0.143715;1.869191334097004
0.14377;1.8678059445804545
0.143825;1.8663599943751261
0.14388;1.8648470794829684
0.143935;1.8632597809273475
0.14399;1.8615894559020147
0.144045;1.8598259761882259
0.1441;1.857957397632377
0.144155;1.8559695385759236
0.14421;1.8538454367093313
0.144265;1.8515646416372442
0.14432;1.8491022825385992
0.144375;1.8464278235598999
0.14443;1.8435033789017552
0.144485;1.8402813964560254
0.14454;1.8367014188465336
0.144595;1.8326854684178395
0.14465;1.8281313323383754
0.144705;1.822902560294479
0.14476;1.8168131659194495
0.144815;1.8096035146263032
0.14487;1.8009009948509391
0.144925;1.7901532898465349
0.14498;1.7765098729625117
0.145035;1.7586000736557528
0.14509;1.7340909863991787
0.145145;1.6987425231932969
0.1452;1.6442308485998474
0.145255;1.552860391262696
0.14531;1.3862434648643724
0.145365;1.099785608136899
0.14542;1.0122156814233232
0.145475;1.4974031955905434
0.14553;1.7822766578796327
0.145585;1.874881758794831
0.14564;1.9043753000188415
0.14569500000000002;1.9131409443772058
0.14575000000000002;1.9144111551921106
0.14580500000000002;1.9128022199586925
0.14586000000000002;1.9100961850629143
0.14591500000000002;1.9070312288885818
0.14597000000000002;1.9039245426513758
0.14602500000000002;1.9009117140276617
0.14608000000000002;1.8980463393851839
0.14613500000000001;1.8953441136782565
0.14619000000000001;1.8928032681699316
0.146245;1.8904143504207955
0.1463;1.8881649837488053
0.146355;1.8860421800697051
0.14641;1.884033431686618
0.146465;1.8821271856559028
0.14652;1.880313005957122
0.146575;1.8785815807463369
0.14663;1.8769246566174496
0.146685;1.8753349425899308
0.14674;1.873806005823077
0.146795;1.8723321700053432
0.14685;1.87090842146133
0.146905;1.86953032488876
0.14696;1.8681939490163977
0.147015;1.8668958016764556
0.14707;1.8656327734333367
0.147125;1.8644020887972304
0.14718;1.8632012640608548
0.147235;1.8620280708657773
0.14729;1.8608805046976566
0.147345;1.8597567576072906
0.1474;1.8586551945495846
0.147455;1.857574332816741
0.14751;1.8565128241198758
0.147565;1.8554694389380277
0.14762;1.8544430528108091
0.147675;1.8534326342993568
0.14773;1.8524372343811057
0.147785;1.8514559770788328
0.14784;1.8504880511535333
0.147895;1.8495327027156936
0.14795;1.848589228630174
0.148005;1.847656970607702
0.14806;1.846735309890803
0.148115;1.8458236624546953
0.14817;1.844921474653933
0.148225;1.8440282192558604
0.14828;1.8431433918072073
0.148335;1.8422665072896132
0.14839;1.8413970970231135
0.148445;1.840534705782353
0.1485;1.8396788890940952
0.148555;1.8388292106878166
0.14861;1.8379852400746544
0.148665;1.8371465502309592
0.14872000000000002;1.8363127153670533
0.14877500000000002;1.835483308761006
0.14883000000000002;1.8346579006406685
0.14888500000000002;1.8338360560970037
0.14894000000000002;1.83301733301375
0.14899500000000002;1.8322012799985057
0.14905000000000002;1.831387434301091
0.14910500000000002;1.8305753197058563
0.14916000000000001;1.8297644443841394
0.14921500000000001;1.828954298694289
0.14927;1.828144352915465
0.149325;1.827334054902572
0.14938;1.8265228276487309
0.149435;1.8257100667417836
0.14949;1.8248951377009557
0.149545;1.8240773731793685
0.1496;1.8232560700176443
0.149655;1.8224304861334004
0.14971;1.8215998372307356
0.149765;1.820763293313315
0.14982;1.8199199749840587
0.149875;1.8190689495137442
0.14993;1.8182092266603413
0.149985;1.8173397542203087
0.15004;1.8164594132928722
0.150095;1.8155670132375934
0.15015;1.8146612863060418
0.150205;1.8137408819284395
0.15026;1.812804360636581
0.150315;1.8118501876059336
0.15037;1.8108767258016565
0.150425;1.8098822287161072
0.15048;1.8088648326895906
0.150535;1.8078225488117945
0.15059;1.8067532544091363
0.150645;1.805654684133553
0.1507;1.8045244206818918
0.150755;1.8033598851933834
0.15081;1.8021583273956288
0.150865;1.8009168156007849
0.15092;1.7996322266928293
0.150975;1.7983012362981712
0.15103;1.7969203093988728
0.151085;1.7954856917326993
0.15114;1.7939934024363795
0.151195;1.792439228531784
0.15125;1.7908187220415555
0.151305;1.7891272007639245
0.15136;1.7873597540524138
0.151415;1.785511255360499
0.15147;1.783576383854391
0.151525;1.7815496581130572
0.15158;1.7794254858829746
0.151635;1.7771982351166236
0.15169000000000002;1.7748623332127853
0.15174500000000002;1.7724124036506141
0.15180000000000002;1.769843452292254
0.15185500000000002;1.7671511198374275
0.15191000000000002;1.764332022704089
0.15196500000000002;1.7613842126427979
0.15202000000000002;1.7583077966352718
0.15207500000000002;1.7551057745128769
0.15213000000000002;1.751785174397699
0.15218500000000001;1.7483585987579588
0.15224000000000001;1.74484634153561
0.152295;1.7412793071218935
0.15235;1.737703066939066
0.152405;1.7341835480609442
0.15246;1.7308150910994404
0.152515;1.7277319905655903
0.15257;1.7251252195547666
0.152625;1.7232669703749697
0.15268;1.7225471182722862
0.152735;1.7235280496301337
0.15279;1.727027919218565
0.152845;1.7342477299143102
0.1529;1.7469643747124615
0.152955;1.7678163020610493
0.15301;1.8006947987877706
0.153065;1.8511664005414448
0.15312;1.9265257886401126
0.153175;2.0341441401597313
0.15323;2.175011935183323
0.153285;2.329636427477585
0.15334;2.4469614959553043
0.153395;2.469740658779238
0.15345;2.38960565398846
0.153505;2.2504287102047877
0.15356;2.099503259919485
0.153615;1.9613259846532909
0.15367;1.8423693432576578
0.153725;1.741229988761693
0.15378;1.654405089360003
0.153835;1.5785007607961934
0.15389;1.510822079016108
0.153945;1.4493959861722823
0.154;1.392842923733815
0.154055;1.3402352261154236
0.15411;1.2909786537525643
0.154165;1.2447207160826959
0.15422;1.201280909746298
0.154275;1.1605971834831694
0.15433;1.1226841614603382
0.154385;1.0876000929795961
0.15444;1.0554206440905456
0.154495;1.0262184248409838
0.15455;1.0000475997210578
0.154605;0.9769331345670106
0.15466;0.9568642699292489
0.15471500000000002;0.9397917513349455
0.15477000000000002;0.9256282521315645
0.15482500000000002;0.9142513406861732
0.15488000000000002;0.9055082994959011
0.15493500000000002;0.8992221113543103
0.15499000000000002;0.8951979852937324
0.15504500000000002;0.8932298912227268
0.15510000000000002;0.8931066910016946
0.15515500000000002;0.8946175788027668
0.15521000000000001;0.8975566613150626
0.15526500000000001;0.9017266092423872
0.15532;0.9069413906499426
0.155375;0.9130281529725687
0.15543;0.919828355637981
0.155485;0.927198272694504
0.15554;0.935008988659129
0.155595;0.9431460050777549
0.15565;0.951508563587906
0.155705;0.9600087764667632
0.15576;0.9685706398684795
0.155815;0.9771289896548232
0.15587;0.9856284457935232
0.155925;0.9940223791990185
0.15598;1.002271924771193
0.156035;1.0103450562031326
0.15609;1.0182157317069644
0.156145;1.025863114922635
0.1562;1.0332708716784194
0.156255;1.0404265407260946
0.15631;1.0473209748596628
0.156365;1.053947847753361
0.15642;1.060303221266957
0.156475;1.0663851677310403
0.15653;1.0721934417420809
0.156585;1.0777291961848092
0.15664;1.08299473749771
0.156695;1.0879933155599255
0.15675;1.0927289439731018
0.156805;1.097206246913405
0.15686;1.10143032912443
0.156915;1.1054066659976012
0.15697;1.1091410110378854
0.157025;1.1126393183362189
0.15708;1.1159076779627413
0.157135;1.118952262459894
0.15719;1.1217792828487783
0.157245;1.1243949527724897
0.1573;1.1268054595832317
0.157355;1.1290169413424627
0.15741;1.1310354688444946
0.157465;1.1328670318975838
0.15752;1.1345175292033962
0.157575;1.1359927612690452
0.15763;1.1372984258662375
0.157685;1.1384401156214068
0.15774000000000002;1.1394233173808546
0.15779500000000002;1.1402534130462407
0.15785000000000002;1.1409356816203244
0.15790500000000002;1.141475302240632
0.15796000000000002;1.1418773580115016
0.15801500000000002;1.1421468404728643
0.15807000000000002;1.1422886545677884
0.15812500000000002;1.1423076239913565
0.15818000000000002;1.1422084968207153
0.15823500000000001;1.1419959513408042
0.15829000000000001;1.1416746019929542
0.158345;1.1412490053837783
0.1584;1.1407236663014755
0.158455;1.140103043693248
0.15851;1.1393915565646844
0.158565;1.1385935897667714
0.15862;1.1377134996410025
0.158675;1.1367556194963189
0.15873;1.1357242648950023
0.158785;1.1346237387270572
0.15884;1.1334583360544541
0.158895;1.1322323487086023
0.15895;1.1309500696255126
0.159005;1.1296157969043141
0.15906;1.1282338375756262
0.159115;1.1268085110670074
0.15917;1.1253441523533194
0.159225;1.1238451147802175
0.15928;1.1223157725495685
0.159335;1.1207605228558195
0.15939;1.1191837876627968
0.159445;1.1175900151108147
0.1595;1.1159836805442906
0.159555;1.1143692871506259
0.15961;1.1127513662015702
0.159665;1.1111344768888354
0.15972;1.109523205746556
0.159775;1.1079221656538163
0.15983;1.106335994411429
0.159885;1.1047693528881868
0.15994;1.103226922732881
0.159995;1.1017134036496645
0.16005;1.1002335102357572
0.160105;1.098791968381923
0.16016;1.0973935112379873
0.160215;1.0960428747471451
0.16027;1.094744792755011
0.160325;1.093503991701239
0.16038;1.092325184903668
0.160435;1.0912130664471515
0.16049;1.0901723046916236
0.160545;1.0892075354162742
0.1606;1.0883233546191122
0.160655;1.087524310993626
0.16071000000000002;1.086814898106913
0.16076500000000002;1.0861995463057692
0.16082000000000002;1.0856826143799545
0.16087500000000002;1.085268381014057
0.16093000000000002;1.0849610360616382
0.16098500000000002;1.084764671677576
0.16104000000000002;1.0846832733464418
0.16109500000000002;1.0847207108466
0.16115000000000002;1.0848807291914089
0.16120500000000001;1.0851669395902654
0.16126000000000001;1.0855828104732255
0.16131500000000001;1.086131658624384
0.16137;1.0868166404686392
0.161425;1.0876407435583766
0.16148;1.0886067783046653
0.161535;1.0897173699986793
0.16159;1.0909749511673728
0.161645;1.0923817543066177
0.1617;1.0939398050332698
0.161755;1.095650915696175
0.16181;1.097516679483131
0.161865;1.0995384650590159
0.16192;1.1017174117666895
0.161975;1.1040544254195226
0.16203;1.1065501747103637
0.162085;1.1092050882583793
0.16214;1.1120193523108775
0.162195;1.1149929091130155
0.16225;1.1181254559539446
0.162305;1.121416444893336
0.16236;1.1248650831676745
0.162415;1.1284703342710265
0.16247;1.1322309197002587
0.162525;1.136145321350215
0.16258;1.1402117845398876
0.162635;1.1444283216458884
0.16269;1.1487927163158236
0.162745;1.1533025282297793
0.1628;1.157955098374624
0.162855;1.16274755479206
0.16291;1.1676768187585151
0.162965;1.1727396113518047
0.16302;1.1779324603570804
0.163075;1.1832517074623814
0.16313;1.188693515692264
0.163185;1.194253877026473
0.16324;1.1999286201495736
0.163295;1.2057134182766411
0.16335;1.2116037969996138
0.163405;1.2175951420991398
0.16346;1.2236827072662935
0.163515;1.2298616216799543
0.16357;1.2361268973854709
0.163625;1.2424734364218646
0.16368;1.2488960376458416
0.16373500000000002;1.2553894032020554
0.16379000000000002;1.2619481445909435
0.16384500000000002;1.2685667882867366
0.16390000000000002;1.2752397808601954
0.16395500000000002;1.2819614935622659
0.16401000000000002;1.2887262263266566
0.16406500000000002;1.2955282111510273
0.16412000000000002;1.3023616148182349
0.16417500000000002;1.3092205409207818
0.16423000000000001;1.316099031153042
0.16428500000000001;1.3229910658373152
0.16434;1.3298905636510907
0.164395;1.3367913805239726
0.16445;1.3436873076738987
0.164505;1.3505720687528515
0.16456;1.357439316073003
0.164615;1.364282625885081
0.16467;1.3710954926805548
0.164725;1.377871322489917
0.16478;1.3846034251492378
0.164835;1.3912850055074086
0.16489;1.3979091535465322
0.164945;1.4044688333877746
