1e-20;1.6206451210334448e-21
5.500000000000001e-05;1.6935188373724926e-21
0.00011000000000000002;1.7697700376061643e-21
0.000165;1.8495597145734312e-21
0.00022;1.933056727825516e-21
0.000275;2.020438195712281e-21
0.00033;2.1118899072435753e-21
0.00038500000000000003;2.20760675472028e-21
0.00044;2.3077931881794462e-21
0.000495;2.412663692745596e-21
0.00055;2.5224432900424097e-21
0.0006050000000000001;2.6373680648604346e-21
0.00066;2.7576857183504864e-21
0.000715;2.883656149055581e-21
0.0007700000000000001;3.0155520631736e-21
0.000825;3.1536596154960876e-21
0.00088;3.2982790825431125e-21
0.0009350000000000001;3.4497255694787226e-21
0.00099;3.6083297524769644e-21
0.0010450000000000001;3.774438658266836e-21
0.0011;3.948416482684744e-21
0.001155;4.130645450118117e-21
0.0012100000000000001;4.321526715842763e-21
0.001265;4.5214813133063065e-21
0.00132;4.730951148536003e-21
0.0013750000000000001;4.950400043908872e-21
0.00143;5.180314833643169e-21
0.001485;5.421206513459858e-21
0.0015400000000000001;5.673611446953799e-21
0.001595;5.938092631327226e-21
0.00165;6.215241025244555e-21
0.0017050000000000001;6.505676941660855e-21
0.00176;6.810051508597219e-21
0.001815;7.129048200931891e-21
0.0018700000000000001;7.463384446394421e-21
0.001925;7.813813309060959e-21
0.00198;8.181125253738165e-21
0.002035;8.566149994743219e-21
0.0020900000000000003;8.969758432706218e-21
0.002145;9.392864683079672e-21
0.0022;9.83642820018116e-21
0.002255;1.0301456000649729e-20
0.00231;1.0789004990310484e-20
0.002365;1.130018439847143e-20
0.0024200000000000003;1.1836158323810054e-20
0.002475;1.2398148395964068e-20
0.00253;1.2987436557055947e-20
0.002585;1.3605367967357018e-20
0.00264;1.425335403929088e-20
0.002695;1.4932875603943296e-20
0.0027500000000000003;1.5645486214212575e-20
0.002805;1.6392815588582603e-20
0.00286;1.717657319944547e-20
0.002915;1.799855200961301e-20
0.00297;1.886063236054264e-20
0.003025;1.976478601542792e-20
0.0030800000000000003;2.071308035996416e-20
0.003135;2.170768276321209e-20
0.00319;2.2750865100358195e-20
0.003245;2.3845008438684073e-20
0.0033;2.49926078872001e-20
0.003355;2.6196277609624478e-20
0.0034100000000000003;2.7458755999319014e-20
0.003465;2.878291101371214e-20
0.00352;3.017174566428847e-20
0.003575;3.1628403656796894e-20
0.00363;3.3156175174389504e-20
0.0036850000000000003;3.475850279453366e-20
0.0037400000000000003;3.6438987528075236e-20
0.003795;3.820139496622071e-20
0.00385;4.004966151816642e-20
0.003905;4.1987900718626744e-20
0.00396;4.402040958068967e-20
0.004015;4.615167496487574e-20
0.00407;4.8386379930288683e-20
0.004125;5.0729410028211524e-20
0.0041800000000000006;5.3185859491796285e-20
0.004235;5.576103726866993e-20
0.00429;5.846047283464737e-20
0.004345;6.128992171798539e-20
0.0044;6.425537065303908e-20
0.004455;6.736304227055531e-20
0.00451;7.06193992187483e-20
0.0045650000000000005;7.403114759477715e-20
0.00462;7.760523954931977e-20
0.004675;8.134887490890013e-20
0.00473;8.526950163916063e-20
0.004785;8.937481494950097e-20
0.0048400000000000006;9.367275481284992e-20
0.004895;9.817150164502318e-20
0.00495;1.0287946985507114e-19
0.005005;1.0780529894108306e-19
0.00506;1.1295784176446336e-19
0.005115;1.1834614958878745e-19
0.00517;1.2397945341770516e-19
0.0052250000000000005;1.2986714110769682e-19
0.00528;1.3601872966574322e-19
0.005335;1.424438320691121e-19
0.00539;1.4915211786150086e-19
0.005445;1.561532666881279e-19
0.0055000000000000005;1.6345691382888703e-19
0.005555;1.7107258667254222e-19
0.00561;1.7900963094521544e-19
0.005665;1.87277125361462e-19
0.00572;1.958837832016989e-19
0.005775000000000001;2.0483783913825181e-19
0.00583;2.1414691942567507e-19
0.0058850000000000005;2.2381789334168367e-19
0.00594;2.338567035064075e-19
0.005995;2.4426817241783884e-19
0.00605;2.5505578221577766e-19
0.006105;2.662214243222337e-19
0.0061600000000000005;2.777651151952719e-19
0.006215;2.8968467397312342e-19
0.00627;3.019753572687004e-19
0.006325;3.1462944579182586e-19
0.00638;3.2763577682456914e-19
0.006435000000000001;3.409792158392915e-19
0.00649;3.546400597232253e-19
0.0065450000000000005;3.685933631424026e-19
0.0066;3.8280817853346943e-19
0.006655;3.972466990308329e-19
0.00671;4.1186329231232254e-19
0.006765;4.2660341184845925e-19
0.0068200000000000005;4.414023703574138e-19
0.006875;4.561839583662456e-19
0.00693;4.708588886345315e-19
0.006985;4.8532304477740905e-19
0.00704;4.994555096940185e-19
0.007095000000000001;5.131163463194276e-19
0.00715;5.261440997331297e-19
0.0072050000000000005;5.383529857121294e-19
0.00726;5.495297263578588e-19
0.007315;5.594299883775123e-19
0.007370000000000001;5.6777437388429e-19
0.007425;5.74243907103705e-19
0.0074800000000000005;5.784749530321289e-19
0.007535;5.80053495765401e-19
0.00759;5.785086947600364e-19
0.007645;5.733056265528339e-19
0.0077;5.6383710725864845e-19
0.007755000000000001;5.494144772690459e-19
0.00781;5.292572137458831e-19
0.007865;5.024812184126827e-19
0.00792;4.680856074039463e-19
0.007975;4.2493780592266235e-19
0.00803;3.717567220616939e-19
0.008085;3.070937384428111e-19
0.00814;2.293112060837164e-19
0.008195000000000001;1.3655798271365827e-19
0.00825;2.6740164203759675e-20
0.008305;7.242596548945493e-14
0.008360000000000001;1.6962724298344392e-13
0.008415;2.7185936676597333e-13
0.00847;3.7935324426022236e-13
0.008525;4.923504867210142e-13
0.00858;6.111041476341472e-13
0.008635;7.358793825089198e-13
0.00869;8.669541136179058e-13
0.008745000000000001;1.0046197207529929e-12
0.0088;1.1491817666939392e-12
0.008855;1.3009607625402263e-12
0.00891;1.4602929769124272e-12
0.008965;1.627531292639401e-12
0.00902;1.803046114514779e-12
0.009075;1.987226331805293e-12
0.009130000000000001;2.180480339371053e-12
0.009185;2.3832371214989498e-12
0.00924;2.5959474028510248e-12
0.009295000000000001;2.819084871199091e-12
0.00935;3.0531474770251154e-12
0.009405;3.2986588154011233e-12
0.00946;3.556169596003179e-12
0.009515000000000001;3.826259207584909e-12
0.00957;4.109537383699713e-12
0.009625;4.406645977054093e-12
0.009680000000000001;4.7182608504045715e-12
0.009735;5.045093892630661e-12
0.00979;5.387895169259005e-12
0.009845;5.747455217524761e-12
0.0099;6.124607496864517e-12
0.009955;6.5202310066966165e-12
0.01001;6.935253084302941e-12
0.010065000000000001;7.370652396770386e-12
0.01012;7.827462142099634e-12
0.010175;8.306773475987214e-12
0.01023;8.80973918214983e-12
0.010285;9.337577605726849e-12
0.01034;9.891576870963508e-12
0.010395;1.0473099406384121e-11
0.010450000000000001;1.108358680270823e-11
0.010505;1.1724565031127296e-11
0.01056;1.2397650052089949e-11
0.010615000000000001;1.310455384764165e-11
0.01067;1.3847090913396129e-11
0.010725;1.462718524976018e-11
0.01078;1.5446877895782054e-11
0.010835000000000001;1.630833505328173e-11
0.01089;1.7213856853591253e-11
0.010945;1.8165886824432344e-11
0.011000000000000001;1.916702212023918e-11
0.011055;2.0220024585714627e-11
0.01111;2.1327832729484922e-11
0.011165;2.249357469279041e-11
0.01122;2.3720582306917873e-11
0.011275;2.5012406343227892e-11
0.01133;2.6372833070473302e-11
0.011385000000000001;2.780590224684839e-11
0.01144;2.9315926687859334e-11
0.011495;3.0907513567002104e-11
0.011550000000000001;3.258558762372178e-11
0.011605;3.435541647285796e-11
0.01166;3.622263823220856e-11
0.011715;3.8193291709947496e-11
0.011770000000000001;4.0273849421985445e-11
0.011825;4.24712537416816e-11
0.01188;4.479295652058247e-11
0.011935000000000001;4.724696256032602e-11
0.01199;4.9841877362864034e-11
0.012045;5.2586959639542444e-11
0.0121;5.549217912068591e-11
0.012155000000000001;5.856828027699797e-11
0.01221;6.182685264372666e-11
0.012265;6.528040852999315e-11
0.012320000000000001;6.894246900047556e-11
0.012375;7.282765913731101e-11
0.01243;7.695181372923523e-11
0.012485000000000001;8.133209469528859e-11
0.01254;8.598712173652046e-11
0.012595;9.093711792409614e-11
0.01265;9.620407218301737e-11
0.012705000000000001;1.0181192092159372e-10
0.01276;1.0778675139745567e-10
0.012815;1.1415702980842537e-10
0.012870000000000001;1.2095385756371553e-10
0.012925;1.2821125973925509e-10
0.01298;1.359665103680193e-10
0.013035;1.4426049998006614e-10
0.013090000000000001;1.5313815171362094e-10
0.013145;1.6264889339388162e-10
0.0132;1.728471942606322e-10
0.013255000000000001;1.8379317655860594e-10
0.01331;1.95553314045234e-10
0.013365;2.0820123168438526e-10
0.01342;2.2181862346723964e-10
0.013475;2.364963085407445e-10
0.01353;2.5233544976303496e-10
0.013585;2.6944896361283344e-10
0.013640000000000001;2.8796315627336716e-10
0.013695;3.0801962796239524e-10
0.01375;3.2977749654376395e-10
0.013805000000000001;3.534160025829674e-10
0.01386;3.791375718889639e-10
0.013915;4.0717142898078637e-10
0.01397;4.377778768375907e-10
0.014025000000000001;4.712533860512338e-10
0.01408;5.079366718650918e-10
0.014135;5.482159828924256e-10
0.014190000000000001;5.925378837290962e-10
0.014245;6.414178894818296e-10
0.0143;6.954534092956897e-10
0.014355;7.553395863357277e-10
0.014410000000000001;8.21888794596065e-10
0.014465;8.960547841084902e-10
0.01452;9.78962777918363e-10
0.014575000000000001;1.0719472485441081e-09
0.01463;1.1765996848022465e-09
0.014685;1.2948294696208732e-09
0.014740000000000001;1.4289421263626302e-09
0.014795;1.581740806378148e-09
0.01485;1.7566592146710474e-09
0.014905;1.9579375609298472e-09
0.014960000000000001;2.1908581425767627e-09
0.015015;2.4620647175875555e-09
0.01507;2.7800013840566962e-09
0.015125000000000001;3.155524717459819e-09
0.01518;3.602771643467719e-09
0.015235;4.140412343629052e-09
0.01529;4.793495754511868e-09
0.015345000000000001;5.5962297819218814e-09
0.0154;6.5962771159936205e-09
0.015455;7.861586521586928e-09
0.015510000000000001;9.491619873672311e-09
0.015565;1.1636520413803842e-08
0.01562;1.4531333851781257e-08
0.015675;1.8560433779230585e-08
0.01573;2.438685453933495e-08
0.015785;3.323338571127221e-08
0.01584;4.7558470844640786e-08
0.015895;7.291367155667504e-08
0.01595;1.240945757960366e-07
0.016005000000000002;2.5219106026225486e-07
0.01606;7.422021309951578e-07
0.016115;8.3143276689701e-06
0.01617;4.919465315463071e-06
0.016225;6.583146329842148e-07
0.01628;2.5040368275079617e-07
0.016335000000000002;1.3234464663362784e-07
0.016390000000000002;8.238107688732296e-08
0.016445;5.6571415103943424e-08
0.0165;4.1479653526519e-08
0.016555;3.187383088016807e-08
0.01661;2.5370062976932674e-08
0.016665;2.0754431391671446e-08
0.016720000000000002;1.7355178470834632e-08
0.016775;1.4775717628418166e-08
0.01683;1.2769454369548874e-08
0.016885;1.1176397446278429e-08
0.01694;9.888990259884325e-09
0.016995;8.832714120365897e-09
0.01705;7.954585792408472e-09
0.017105000000000002;7.216076950999914e-09
0.01716;6.5886124962288935e-09
0.017215;6.050626460358271e-09
0.01727;5.5855880048121155e-09
0.017325;5.180648225138366e-09
0.01738;4.825693962899192e-09
0.017435;4.512674301679781e-09
0.017490000000000002;4.235113360815017e-09
0.017545;3.987752643387111e-09
0.0176;3.76628494438458e-09
0.017655;3.567153929925229e-09
0.01771;3.387401461826261e-09
0.017765;3.224550071331983e-09
0.01782;3.0765116097030493e-09
0.017875000000000002;2.9415156036731785e-09
0.01793;2.8180525924930868e-09
0.017985;2.7048289617802932e-09
0.01804;2.60073067691722e-09
0.018095;2.5047939617652595e-09
0.01815;2.4161814391229723e-09
0.018205;2.3341625972263994e-09
0.018260000000000002;2.2580977059999066e-09
0.018315;2.1874245019029986e-09
0.01837;2.1216471081681413e-09
0.018425;2.0603267702668377e-09
0.01848;2.0030740734245566e-09
0.018535;1.9495423764110417e-09
0.018590000000000002;1.8994222483882195e-09
0.018645000000000002;1.8524367368416782e-09
0.0187;1.8083373271728893e-09
0.018755;1.7669004803629098e-09
0.01881;1.727924655735081e-09
0.018865;1.6912277423752032e-09
0.01892;1.6566448360923318e-09
0.018975000000000002;1.6240263095902763e-09
0.019030000000000002;1.5932361322946878e-09
0.019085;1.564150403446727e-09
0.01914;1.5366560679484023e-09
0.019195;1.5106497892887813e-09
0.01925;1.4860369578736653e-09
0.019305;1.4627308164048777e-09
0.019360000000000002;1.440651686711095e-09
0.019415;1.4197262847434079e-09
0.01947;1.3998871123785133e-09
0.019525;1.3810719162994714e-09
0.01958;1.363223205591476e-09
0.019635;1.3462878208511688e-09
0.01969;1.3302165485880593e-09
0.019745000000000002;1.314963775533897e-09
0.0198;1.3004871781869173e-09
0.019855;1.2867474435271059e-09
0.01991;1.2737080173605806e-09
0.019965;1.261334877199179e-09
0.02002;1.2495963269670787e-09
0.020075;1.238462811159809e-09
0.020130000000000002;1.2279067463680285e-09
0.020185;1.2179023683295418e-09
0.02024;1.2084255928881714e-09
0.020295;1.1994538894280642e-09
0.02035;1.1909661655155811e-09
0.020405;1.1829426616255792e-09
0.02046;1.1753648549536065e-09
0.020515000000000002;1.1682153714266911e-09
0.02057;1.1614779051218765e-09
0.020625;1.1551371443869512e-09
0.02068;1.1491787040329393e-09
0.020735;1.1435890630342163e-09
0.02079;1.138355507230879e-09
0.020845000000000002;1.1334660765798308e-09
0.020900000000000002;1.1289095165467587e-09
0.020955;1.1246752332729237e-09
0.02101;1.120753252185995e-09
0.021065;1.1171341797574006e-09
0.02112;1.1138091681372032e-09
0.021175;1.1107698824233108e-09
0.021230000000000002;1.108008470344854e-09
0.021285000000000002;1.1055175341606154e-09
0.02134;1.1032901045913756e-09
0.021395;1.1013196166220976e-09
0.02145;1.0995998870245223e-09
0.021505;1.0981250934644928e-09
0.02156;1.0968897550701414e-09
0.021615000000000002;1.0958887143481438e-09
0.021670000000000002;1.0951171203451908e-09
0.021725;1.0945704129605924e-09
0.02178;1.094244308323962e-09
0.021835;1.094134785159498e-09
0.02189;1.0942380720646416e-09
0.021945;1.0945506356372921e-09
0.022000000000000002;1.0950691693906525e-09
0.022055;1.0957905834006947e-09
0.02211;1.0967119946344062e-09
0.022165;1.097830717912608e-09
0.02222;1.099144257463499e-09
0.022275;1.100650299027535e-09
0.02233;1.102346702476843e-09
0.022385000000000002;1.1042314949155146e-09
0.02244;1.106302864229196e-09
0.022495;1.1085591530558044e-09
0.02255;1.1109988531503073e-09
0.022605;1.1136206001193881e-09
0.02266;1.1164231685027194e-09
0.022715;1.1194054671806712e-09
0.022770000000000002;1.122566535088323e-09
0.022825;1.1259055372181555e-09
0.02288;1.1294217608946153e-09
0.022935;1.133114612305171e-09
0.02299;1.1369836132736811e-09
0.023045;1.1410283982625938e-09
0.023100000000000002;1.1452487115918626e-09
0.023155000000000002;1.1496444048632071e-09
0.02321;1.1542154345789088e-09
0.023265;1.1589618599459054e-09
0.02332;1.163883840855364e-09
0.023375;1.1689816360298884e-09
0.02343;1.1742556013304732e-09
0.023485000000000002;1.179706188215765e-09
0.023540000000000002;1.1853339423470204e-09
0.023595;1.1911395023327965e-09
0.02365;1.197123598607386e-09
0.023705;1.203287052437788e-09
0.02376;1.2096307750544222e-09
0.023815;1.2161557669008227e-09
0.023870000000000002;1.2228631169986518e-09
0.023925000000000002;1.2297540024235987e-09
0.02398;1.2368296878893749e-09
0.024035;1.2440915254358374e-09
0.02409;1.2515409542190358e-09
0.024145;1.259179500400204e-09
0.0242;1.2670087771310937e-09
0.024255000000000002;1.27503048463414e-09
0.024310000000000002;1.2832464103746839e-09
0.024365;1.2916584293243344e-09
0.02442;1.300268504313492e-09
0.024475;1.309078686471697e-09
0.02453;1.3180911157549562e-09
0.024585;1.3273080215590743e-09
0.024640000000000002;1.3367317234178555e-09
0.024695;1.3463646317861485e-09
0.02475;1.3562092489065872e-09
0.024805;1.3662681697605411e-09
0.02486;1.3765440831026944e-09
0.024915;1.3870397725788677e-09
0.024970000000000003;1.3977581179284528e-09
0.025025000000000002;1.4087020962704889e-09
0.02508;1.4198747834746379e-09
0.025135;1.4312793556172368e-09
0.02519;1.4429190905233988e-09
0.025245;1.4547973693960077e-09
0.0253;1.4669176785323733e-09
0.025355000000000003;1.4792836111299594e-09
0.025410000000000002;1.4918988691822769e-09
0.025465;1.5047672654662874e-09
0.02552;1.5178927256235662e-09
0.025575;1.5312792903351664e-09
0.02563;1.5449311175943267e-09
0.025685;1.558852485076985e-09
0.025740000000000002;1.5730477926134126e-09
0.025795000000000002;1.5875215647625513e-09
0.02585;1.6022784534915568e-09
0.025905;1.6173232409636494e-09
0.02596;1.632660842436048e-09
0.026015;1.6482963092712465e-09
0.02607;1.6642348320650903e-09
0.026125000000000002;1.6804817438938202e-09
0.026180000000000002;1.6970425236844883e-09
0.026235;1.7139227997113999e-09
0.02629;1.7311283532224976e-09
0.026345;1.7486651222001798e-09
0.0264;1.7665392052596744e-09
0.026455;1.7847568656895867e-09
0.026510000000000002;1.8033245356394437e-09
0.026565000000000002;1.8222488204584544e-09
0.02662;1.8415365031907286e-09
0.026675;1.861194549231418e-09
0.02673;1.8812301111502563e-09
0.026785;1.9016505336868846e-09
0.02684;1.922463358925005e-09
0.026895000000000002;1.94367633165034e-09
0.02695;1.965297404899626e-09
0.027005;1.9873347457073717e-09
0.02706;2.0097967410566544e-09
0.027115;2.032692004041874e-09
0.02717;2.056029380251324e-09
0.027225000000000003;2.079817954376701e-09
0.027280000000000002;2.1040670570588434e-09
0.027335;2.128786271978017e-09
0.02739;2.153985443197555e-09
0.027445;2.179674682771318e-09
0.0275;2.2058643786236204e-09
0.027555;2.232565202713731e-09
0.027610000000000003;2.2597881194938796e-09
0.027665000000000002;2.2875443946740056e-09
0.02772;2.315845604303942e-09
0.027775;2.344703644186054e-09
0.02783;2.3741307396309057e-09
0.027885;2.4041394555701778e-09
0.02794;2.434742707040578e-09
0.027995000000000003;2.4659537700541305e-09
0.028050000000000002;2.4977862928694144e-09
0.028105;2.530254307681744e-09
0.02816;2.5633722427477472e-09
0.028215;2.597154934963404e-09
0.02827;2.6316176429132146e-09
0.028325;2.666776060411253e-09
0.028380000000000002;2.7026463305538305e-09
0.028435000000000002;2.739245060305786e-09
0.02849;2.7765893356419073e-09
0.028545;2.8146967372693285e-09
0.0286;2.853585356952806e-09
0.028655;2.8932738144718886e-09
0.02871;2.933781275234144e-09
0.028765000000000002;2.975127468575572e-09
0.028820000000000002;3.0173327067768294e-09
0.028875;3.0604179048278783e-09
0.02893;3.104404600971624e-09
0.028985;3.1493149780648246e-09
0.02904;3.1951718857896306e-09
0.029095;3.24199886375525e-09
0.029150000000000002;3.2898201655315317e-09
0.029205000000000002;3.3386607836524816e-09
0.02926;3.388546475638115e-09
0.029315;3.43950379108119e-09
0.02937;3.4915600998441297e-09
0.029425;3.5447436214225727e-09
0.029480000000000003;3.599083455527042e-09
0.029535000000000002;3.654609613940609e-09
0.02959;3.7113530537130423e-09
0.029645;3.769345711755309e-09
0.0297;3.8286205408997945e-09
0.029755;3.889211547499452e-09
0.02981;3.951153830636525e-09
0.029865000000000003;4.014483623022393e-09
0.029920000000000002;4.079238333669668e-09
0.029975;4.145456592424064e-09
0.03003;4.2131782964468804e-09
0.030085;4.282444658747639e-09
0.03014;4.353298258866556e-09
0.030195;4.4257830958179665e-09
0.030250000000000003;4.499944643406692e-09
0.030305000000000002;4.575829908039588e-09
0.03036;4.653487489159885e-09
0.030415;4.732967642440457e-09
0.03047;4.814322345877366e-09
0.030525;4.8976053689363705e-09
0.03058;4.982872344913513e-09
0.030635000000000003;5.070180846676901e-09
0.030690000000000002;5.159590465974664e-09
0.030745;5.2511628964926806e-09
0.0308;5.344962020871754e-09
0.030855;5.441054001893902e-09
0.03091;5.5395073780677325e-09
0.030965;5.640393163851761e-09
0.031020000000000002;5.743784954777656e-09
0.031075000000000002;5.8497590377382886e-09
0.03113;5.958394506739019e-09
0.031185;6.0697733844107594e-09
0.03124;6.183980749621019e-09
0.031295;6.301104871524888e-09
0.03135;6.4212373504311485e-09
0.031405;6.544473265873861e-09
0.03146;6.670911332316498e-09
0.031515;6.800654062928907e-09
0.03157;6.933807941924736e-09
0.031625;7.070483605957922e-09
0.03168;7.2107960351337425e-09
0.031735;7.354864754206951e-09
0.03179;7.502814044592143e-09
0.031845;7.654773167847927e-09
0.0319;7.810876601343427e-09
0.031955000000000004;7.971264286867562e-09
0.032010000000000004;8.136081892990972e-09
0.032065;8.305481092049555e-09
0.03212;8.479619852682898e-09
0.032175;8.658662748922107e-09
0.03223;8.842781286902141e-09
0.032285;9.032154250340792e-09
0.03234;9.226968066020637e-09
0.032395;9.427417190598925e-09
0.03245;9.633704520167471e-09
0.032505;9.846041824086562e-09
0.03256;1.0064650204752405e-08
0.032615;1.0289760585053741e-08
0.032670000000000005;1.0521614225445602e-08
0.032725000000000004;1.0760463272677332e-08
0.032780000000000004;1.100657134241066e-08
0.032835;1.1260214138114382e-08
0.03289;1.1521680108825798e-08
0.032945;1.1791271148565721e-08
0.033;1.2069303340436752e-08
0.033055;1.2356107748674627e-08
0.03311;1.2652031262176564e-08
0.033165;1.2957437493364609e-08
0.03322;1.3272707736519667e-08
0.033275;1.3598241990106468e-08
0.03333;1.393446004799255e-08
0.033385;1.4281802664865762e-08
0.033440000000000004;1.4640732801651222e-08
0.033495000000000004;1.5011736957220202e-08
0.03355;1.539532659323922e-08
0.033605;1.5792039659646716e-08
0.03366;1.6202442228895927e-08
0.033715;1.6627130247873934e-08
0.03377;1.7066731417209748e-08
0.033825;1.7521907208620334e-08
0.03388;1.7993355031910042e-08
0.033935;1.8481810564400445e-08
0.03399;1.8988050256740197e-08
0.034045;1.9512894030472804e-08
0.0341;2.0057208184175792e-08
0.034155;2.0621908526746994e-08
0.034210000000000004;2.1207963758201672e-08
0.034265000000000004;2.181639912049171e-08
0.03432;2.2448300343104605e-08
0.034375;2.310481791084059e-08
0.03443;2.3787171684013213e-08
0.034485;2.4496655904551057e-08
0.03454;2.5234644625081777e-08
0.034595;2.6002597602150086e-08
0.03465;2.6802066699203885e-08
0.034705;2.76347028501649e-08
0.03476;2.8502263640044585e-08
0.034815;2.9406621565633208e-08
0.03487;3.034977304651737e-08
0.034925000000000005;3.133384826497654e-08
0.034980000000000004;3.236112192260854e-08
0.035035000000000004;3.343402501219751e-08
0.03509;3.45551577152425e-08
0.035145;3.572730354938064e-08
0.0352;3.695344490536363e-08
0.035255;3.823678013113644e-08
0.03531;3.958074234082561e-08
0.035365;4.0989020149703495e-08
0.03542;4.24655805628689e-08
0.035475;4.40146942760923e-08
0.03553;4.564096368256837e-08
0.035585;4.7349353920038875e-08
0.03564;4.914522733989489e-08
0.035695000000000005;5.103438183451204e-08
0.035750000000000004;5.302309352233457e-08
0.035805000000000003;5.5118164364213325e-08
0.03586;5.7326975370318645e-08
0.035915;5.965754615787161e-08
0.03597;6.211860173769562e-08
0.036025;6.471964754634682e-08
0.03608;6.747105390395711e-08
0.036135;7.038415127080892e-08
0.03619;7.347133790445669e-08
0.036245;7.674620179093509e-08
0.0363;8.022365904719074e-08
0.036355;8.392011137926814e-08
0.03641;8.785362564493723e-08
0.036465000000000004;9.204413912809363e-08
0.036520000000000004;9.651369480713897e-08
0.036575;1.01286711716852e-07
0.03663;1.0639029649818368e-07
0.036685;1.1185460344471787e-07
0.03674;1.1771325184381441e-07
0.036795;1.2400381124403787e-07
0.03685;1.307683675483275e-07
0.036905;1.3805418564982852e-07
0.03696;1.4591448784440115e-07
0.037015;1.5440937166708737e-07
0.03707;1.6360689636578407e-07
0.037125;1.735843742837563e-07
0.037180000000000005;1.8442991242698903e-07
0.037235000000000004;1.9624426104563767e-07
0.037290000000000004;2.0914304098180245e-07
0.037345;2.2325944093591157e-07
0.0374;2.387475012067856e-07
0.037455;2.557861339709335e-07
0.03751;2.745840747227188e-07
0.037565;2.95386019235106e-07
0.03762;3.1848028121111035e-07
0.037675;3.4420841613829487e-07
0.03773;3.729774090578614e-07
0.037785;4.052752361368956e-07
0.03784;4.4169090914892866e-07
0.037895;4.829405391289952e-07
0.037950000000000005;5.299015734056076e-07
0.038005000000000004;5.836582669307806e-07
0.038060000000000004;6.455627999395126e-07
0.038115;7.173185011839355e-07
0.03817;8.010947948833683e-07
0.038225;8.996884616403127e-07
0.03828;1.0167538024330774e-06
0.038335;1.1571374765297267e-06
0.03839;1.3273760950656338e-06
0.038445;1.5364535568503555e-06
0.0385;1.7969852630389727e-06
0.038555;2.1271277218137996e-06
0.03861;2.5537689707427762e-06
0.038665;3.118083406417063e-06
0.038720000000000004;3.8856856456970855e-06
0.038775000000000004;4.966306259228108e-06
0.03883;6.554737714310758e-06
0.038885;9.024014791880972e-06
0.03894;1.316350306245775e-05
0.038995;2.089064572534281e-05
0.03905;3.7922678955644765e-05
0.039105;8.830351146937049e-05
0.03916;0.000386264237977943
0.039215;0.05202464812733234
0.03927;0.00028785595358786926
0.039325;7.804484174399078e-05
0.03938;3.584432517678552e-05
0.039435000000000005;2.0579089623131057e-05
0.039490000000000004;1.3375820780478456e-05
0.039545000000000004;9.409895802495141e-06
0.0396;6.993543455538477e-06
0.039655;5.4116904671227965e-06
0.03971;4.3190833978157746e-06
0.039765;3.5323437552141516e-06
0.03982;2.946705135686976e-06
0.039875;2.4987615407984157e-06
0.03993;2.1483012881220543e-06
0.039985;1.8688149839478864e-06
0.04004;1.6422467015519305e-06
0.040095;1.4559506731103544e-06
0.04015;1.3008542653324201e-06
0.040205000000000005;1.1703100061298109e-06
0.040260000000000004;1.0593562483945855e-06
0.040315000000000004;9.642282333700526e-07
0.04037;8.820270757815802e-07
0.040425;8.104909267891169e-07
0.04048;7.478337761314891e-07
0.040535;6.926299597507759e-07
0.04059;6.437301313036644e-07
0.040645;6.001992626540902e-07
0.0407;5.61270307406352e-07
0.040755;5.263091598654951e-07
0.04081;4.94787894394335e-07
0.040865;4.6626393374945144e-07
0.04092;4.403642137195571e-07
0.040975000000000004;4.167722164501221e-07
0.041030000000000004;3.952180625576521e-07
0.041085;3.7547045761245006e-07
0.04114;3.57330235556677e-07
0.041195;3.406251308142453e-07
0.04125;3.252055184740466e-07
0.041305;3.109409227145349e-07
0.04136;2.977171389195674e-07
0.041415;2.854338490829229e-07
0.04147;2.7400263605873244e-07
0.041525;2.6334532209754554e-07
0.04158;2.533925724446777e-07
0.041635;2.4408271668282916e-07
0.041690000000000005;2.353607498065111e-07
0.041745000000000004;2.2717748232760908e-07
0.041800000000000004;2.1948881449402498e-07
0.041855;2.122551142988405e-07
0.04191;2.0544068263001845e-07
0.041965;1.9901329185919254e-07
0.04202;1.929437865479497e-07
0.042075;1.8720573687838421e-07
0.04213;1.8177513698500428e-07
0.042185;1.7663014164834996e-07
0.04224;1.7175083586458071e-07
0.042295;1.6711903267322251e-07
0.04235;1.6271809534328738e-07
0.042405;1.5853278061411078e-07
0.042460000000000005;1.5454910018325275e-07
0.042515000000000004;1.507541980489985e-07
0.042570000000000004;1.471362416624352e-07
0.042625;1.4368432513671272e-07
0.04268;1.4038838300754594e-07
0.042735;1.3723911324776525e-07
0.04279;1.3422790841565756e-07
0.042845;1.3134679396745957e-07
0.0429;1.2858837289238723e-07
0.042955;1.2594577593881742e-07
0.04301;1.234126167937645e-07
0.043065;1.2098295165904047e-07
0.04312;1.1865124273665125e-07
0.043175;1.1641232519626926e-07
0.043230000000000005;1.1426137724943486e-07
0.043285000000000004;1.1219389300011612e-07
0.043340000000000004;1.1020565778037946e-07
0.043395;1.0829272571381981e-07
0.04345;1.0645139927916899e-07
0.043505;1.0467821067230554e-07
0.04356;1.0296990478749252e-07
0.043615;1.0132342365869734e-07
0.04367;9.97358922190756e-08
0.043725;9.82046052522436e-08
0.04378;9.672701542230702e-08
0.043835;9.530072228163608e-08
0.04389;9.392346216593202e-08
0.043945000000000005;9.259309889539127e-08
0.044000000000000004;9.130761520909751e-08
0.044055000000000004;9.006510486711198e-08
0.04411;8.886376536122554e-08
0.044165;8.770189118125961e-08
0.04422;8.657786758879938e-08
0.044275;8.549016485506007e-08
0.04433;8.44373329236164e-08
0.044385;8.34179964624692e-08
0.04444;8.243085027319747e-08
0.044495;8.147465502796347e-08
0.04455;8.054823330780849e-08
0.044605;7.965046591807778e-08
0.04466;7.878028845891936e-08
0.044715000000000005;7.79366881308732e-08
0.044770000000000004;7.711870075720178e-08
0.044825000000000004;7.632540800628831e-08
0.04488;7.555593479884893e-08
0.044935;7.480944688594761e-08
0.04499;7.408514858507554e-08
0.045045;7.338228066257314e-08
0.0451;7.270011835161047e-08
0.045155;7.203796949592144e-08
0.04521;7.139517281018177e-08
0.045265;7.077109624873198e-08
0.04532;7.016513547495176e-08
0.045375;6.95767124242675e-08
0.04543;6.900527395422466e-08
0.045485000000000005;6.845029057570217e-08
0.045540000000000004;6.791125525966069e-08
0.045595000000000004;6.7387682314355e-08
0.04565;6.687910632827597e-08
0.045705;6.638508117442097e-08
0.04576;6.590517907189708e-08
0.045815;6.543898970106124e-08
0.04587;6.498611936874786e-08
0.045925;6.454619022036374e-08
0.04598;6.411883949585498e-08
0.046035;6.370371882676093e-08
0.04609;6.330049357180315e-08
0.046145;6.290884218858146e-08
0.046200000000000005;6.252845563916451e-08
0.046255000000000004;6.215903682750162e-08
0.046310000000000004;6.180030006670253e-08
0.046365;6.145197057440455e-08
0.04642;6.111378399454152e-08
0.046475;6.078548594392843e-08
0.04653;6.046683158224792e-08
0.046585;6.01575852039829e-08
0.04664;5.985751985114253e-08
0.046695;5.9566416945471555e-08
0.04675;5.9284065939092625e-08
0.046805;5.901026398251966e-08
0.04686;5.874481560906425e-08
0.046915;5.848753243471629e-08
0.046970000000000005;5.8238232872645976e-08
0.047025000000000004;5.799674186151217e-08
0.047080000000000004;5.7762890606836324e-08
0.047135;5.753651633472066e-08
0.04719;5.7317462057247276e-08
0.047245;5.710557634893772e-08
0.0473;5.690071313368175e-08
0.047355;5.670273148158179e-08
0.04741;5.651149541519932e-08
0.047465;5.6326873724705284e-08
0.04752;5.6148739791480544e-08
0.047575;5.597697141973616e-08
0.04763;5.581145067572971e-08
0.047685000000000005;5.5652063734218255e-08
0.047740000000000005;5.549870073175546e-08
0.047795000000000004;5.5351255626514976e-08
0.047850000000000004;5.52096260643065e-08
0.047905;5.507371325047661e-08
0.04796;5.4943421827413463e-08
0.048015;5.4818659757381435e-08
0.04807;5.469933821042616e-08
0.048125;5.458537145710967e-08
0.04818;5.447667676584475e-08
0.048235;5.437317430461248e-08
0.04829;5.427478704685456e-08
0.048345;5.418144068135124e-08
0.0484;5.409306352589439e-08
0.048455000000000005;5.4009586444584154e-08
0.048510000000000005;5.3930942768585934e-08
0.048565000000000004;5.385706822018506e-08
0.048620000000000003;5.378790083999954e-08
0.048675;5.372338091719863e-08
0.04873;5.366345092260493e-08
0.048785;5.360805544454523e-08
0.04884;5.355714112733396e-08
0.048895;5.351065661227102e-08
0.04895;5.346855248105243e-08
0.049005;5.3430781201481745e-08
0.04906;5.339729707539181e-08
0.049115;5.3368056188680695e-08
0.04917;5.334301636337152e-08
0.049225000000000005;5.332213711161565e-08
0.049280000000000004;5.330537959155846e-08
0.049335000000000004;5.3292706564987816e-08
0.04939;5.32840823566999e-08
0.049445;5.3279472815505086e-08
0.0495;5.327884527681533e-08
0.049555;5.32821685267485e-08
0.04961;5.32894127676839e-08
0.049665;5.330054958522764e-08
0.04972;5.33155519165124e-08
0.049775;5.333439401980666e-08
0.04983;5.335705144535028e-08
0.049885;5.338350100741096e-08
0.049940000000000005;5.3413720757476876e-08
0.049995000000000005;5.3447689958572066e-08
0.050050000000000004;5.3485389060640664e-08
0.050105000000000004;5.35267996769624e-08
0.05016;5.357190456156963e-08
0.050215;5.36206875876169e-08
0.05027;5.367313372668817e-08
0.050325;5.3729229028992404e-08
0.05038;5.378896060442871e-08
0.050435;5.385231660448601e-08
0.05049;5.39192862049519e-08
0.050545;5.398985958940323e-08
0.0506;5.406402793345715e-08
0.050655;5.414178338974522e-08
0.050710000000000005;5.422311907361376e-08
0.050765000000000005;5.430802904949346e-08
0.050820000000000004;5.439650831795273e-08
0.050875000000000004;5.448855280338923e-08
0.05093;5.458415934234936e-08
0.050985;5.4683325672463945e-08
0.05104;5.4786050421970825e-08
0.051095;5.48923330998178e-08
0.05115;5.5002174086327276e-08
0.051205;5.511557462439858e-08
0.05126;5.523253681125743e-08
0.051315;5.535306359070598e-08
0.05137;5.547715874589137e-08
0.051425;5.560482689256403e-08
0.051480000000000005;5.573607347281155e-08
0.051535000000000004;5.58709047492743e-08
0.051590000000000004;5.600932779980947e-08
0.051645;5.615135051261281e-08
0.0517;5.629698158178102e-08
0.051755;5.644623050329986e-08
0.05181;5.65991075714616e-08
0.051865;5.675562387569804e-08
0.05192;5.69157912978148e-08
0.051975;5.707962250962435e-08
0.05203;5.724713097102522e-08
0.052085;5.7418330928335396e-08
0.05214;5.75932374131799e-08
0.052195000000000005;5.777186624163319e-08
0.052250000000000005;5.7954234013776944e-08
0.052305000000000004;5.814035811361647e-08
0.052360000000000004;5.833025670936649e-08
0.052415;5.852394875408704e-08
0.05247;5.872145398667577e-08
0.052525;5.892279293321853e-08
0.05258;5.912798690867388e-08
0.052635;5.9337058018918616e-08
0.05269;5.955002916312499e-08
0.052745;5.976692403648054e-08
0.0528;5.99877671332506e-08
0.052855;6.02125837501737e-08
0.05291;6.044139999019424e-08
0.052965000000000005;6.067424276652727e-08
0.053020000000000005;6.091113980706059e-08
0.053075000000000004;6.115211965908655e-08
0.053130000000000004;6.139721169436916e-08
0.053185;6.164644611454005e-08
0.05324;6.189985395683329e-08
0.053295;6.215746710014517e-08
0.05335;6.241931827143635e-08
0.053405;6.268544105246063e-08
0.05346;6.295586988683481e-08
0.053515;6.323064008744759e-08
0.05357;6.350978784419802e-08
0.053625;6.379335023208527e-08
0.05368;6.408136521963442e-08
0.053735000000000005;6.437387167766949e-08
0.053790000000000004;6.467090938843276e-08
0.053845000000000004;6.497251905505824e-08
0.0539;6.527874231138963e-08
0.053955;6.55896217321657e-08
0.05401;6.590520084356008e-08
0.054065;6.622552413408323e-08
0.05412;6.65506370658488e-08
0.054175;6.688058608623154e-08
0.05423;6.721541863986598e-08
0.054285;6.755518318106568e-08
0.05434;6.789992918659397e-08
0.054395;6.824970716884784e-08
0.054450000000000005;6.860456868942965e-08
0.054505000000000005;6.896456637311821e-08
0.054560000000000004;6.932975392224925e-08
0.054615000000000004;6.970018613151572e-08
0.05467;7.007591890317974e-08
0.054725;7.045700926271542e-08
0.05478;7.084351537487985e-08
0.054835;7.123549656023757e-08
0.05489;7.163301331211936e-08
0.054945;7.20361273140439e-08
0.055;7.244490145760204e-08
0.055055;7.285939986081519e-08
0.05511;7.327968788697084e-08
0.055165;7.370583216395201e-08
0.055220000000000005;7.413790060406127e-08
0.055275000000000005;7.457596242435936e-08
0.055330000000000004;7.502008816751542e-08
0.055385000000000004;7.54703497231909e-08
0.05544;7.5926820349959e-08
0.055495;7.638957469777542e-08
0.05555;7.68586888310159e-08
0.055605;7.733424025207402e-08
0.05566;7.781630792555485e-08
0.055715;7.830497230305872e-08
0.05577;7.88003153485839e-08
0.055825;7.930242056453656e-08
0.05588;7.981137301839029e-08
0.055935;8.032725936999507e-08
0.055990000000000005;8.085016789954275e-08
0.056045000000000005;8.13801885362153e-08
0.056100000000000004;8.191741288753321e-08
0.056155000000000004;8.24619342694047e-08
0.05621;8.301384773691275e-08
0.056265;8.357325011583117e-08
0.05632;8.414024003491166e-08
0.056375;8.471491795894958e-08
0.05643;8.529738622263575e-08
0.056485;8.588774906523204e-08
0.05654;8.648611266608076e-08
0.056595;8.709258518095792e-08
0.05665;8.770727677932135e-08
0.056705000000000005;8.833029968243589e-08
0.056760000000000005;8.89617682024166e-08
0.056815000000000004;8.960179878222984e-08
0.056870000000000004;9.025051003663386e-08
0.056925;9.090802279412904e-08
0.05698;9.1574460139901e-08
0.057035;9.224994745980008e-08
0.05709;9.293461248540744e-08
0.057145;9.362858534015562e-08
0.0572;9.433199858658943e-08
0.057255;9.504498727476815e-08
0.05731;9.576768899182763e-08
0.057365;9.65002439127743e-08
0.05742;9.724279485247762e-08
0.057475000000000005;9.79954873189646e-08
0.057530000000000005;9.87584695679883e-08
0.057585000000000004;9.953189265895197e-08
0.057640000000000004;1.0031591051217634e-07
0.057695;1.0111067996759492e-07
0.05775;1.0191636084487935e-07
0.057805;1.0273311600505212e-07
0.05786;1.0356111141360137e-07
0.057915;1.0440051620517966e-07
0.05797;1.0525150274987864e-07
0.058025;1.0611424672118173e-07
0.05808;1.0698892716556456e-07
0.058135;1.0787572657386352e-07
0.05819;1.0877483095441188e-07
0.058245000000000005;1.096864299080057e-07
0.058300000000000005;1.1061071670476364e-07
0.058355000000000004;1.1154788836289227e-07
0.058410000000000004;1.1249814572947592e-07
0.058465;1.1346169356326774e-07
0.05852;1.1443874061960397e-07
0.058575;1.1542949973747422e-07
0.05863;1.1643418792878739e-07
0.058685;1.1745302646994219e-07
0.05874;1.1848624099572507e-07
0.058795;1.1953406159562523e-07
0.05885;1.2059672291262988e-07
0.058905;1.2167446424451644e-07
0.058960000000000005;1.227675296479062e-07
0.059015000000000005;1.2387616804484067e-07
0.059070000000000004;1.2500063333223082e-07
0.059125000000000004;1.2614118449417252e-07
0.05918;1.2729808571713803e-07
0.059235;1.284716065082375e-07
0.05929;1.2966202181658204e-07
0.059345;1.308696121578444e-07
0.0594;1.3209466374210162e-07
0.059455;1.3333746860511385e-07
0.05951;1.345983247430485e-07
0.059565;1.3587753625085376e-07
0.05962;1.3717541346428237e-07
0.059675;1.3849227310578754e-07
0.059730000000000005;1.3982843843430714e-07
0.059785000000000005;1.4118423939913113e-07
0.059840000000000004;1.4256001279792136e-07
0.059895000000000004;1.4395610243903787e-07
0.05995;1.4537285930829273e-07
0.060005;1.4681064174029343e-07
0.06006;1.4826981559443873e-07
0.060115;1.497507544358302e-07
0.06017;1.512538397211446e-07
0.060225;1.5277946098967403e-07
0.06028;1.5432801605969166e-07
0.060335;1.5589991123027698e-07
0.06039;1.5749556148882056e-07
0.060445;1.5911539072437531e-07
0.060500000000000005;1.6075983194695514e-07
0.060555000000000005;1.62429327513142e-07
0.060610000000000004;1.6412432935799987e-07
0.060665000000000004;1.6584529923374413e-07
0.06072;1.6759270895496716e-07
0.060775;1.693670406512309e-07
0.06083;1.7116878702671959e-07
0.060885;1.729984516274296e-07
0.06094;1.7485654911616683e-07
0.060995;1.7674360555546357e-07
0.06105;1.7866015869885735e-07
0.061105;1.8060675829060352e-07
0.06116;1.8258396637429277e-07
0.061215000000000006;1.84592357610516e-07
0.061270000000000005;1.8663251960398185e-07
0.061325000000000005;1.887050532403137e-07
0.061380000000000004;1.908105730330016e-07
0.061435000000000003;1.9294970748059515e-07
0.06149;1.9512309943477847e-07
0.061545;1.9733140647945442e-07
0.0616;1.9957530132139584e-07
0.061655;2.0185547219268662e-07
0.06171;2.0417262326551936e-07
0.061765;2.0652747507965877e-07
0.06182;2.0892076498309075e-07
0.061875;2.1135324758621567e-07
0.06193;2.138256952301761e-07
0.061985000000000005;2.1633889846971864e-07
0.062040000000000005;2.1889366657118693e-07
0.062095000000000004;2.2149082802603342e-07
0.062150000000000004;2.241312310806024e-07
0.062205;2.2681574428258052e-07
0.06226;2.2954525704484273e-07
0.062315;2.3232068022719262e-07
0.06237;2.351429467367685e-07
0.062425;2.380130121476948e-07
0.06248;2.409318553407376e-07
0.06253500000000001;2.4390047916363003e-07
0.06259;2.4691991111288724e-07
0.062645;2.4999120403786206e-07
0.0627;2.5311543686790404e-07
0.062755;2.562937153634118e-07
0.06281;2.5952717289170007e-07
0.062865;2.628169712286267e-07
0.06292;2.661643013869757e-07
0.062975;2.695703844724698e-07
0.06303;2.7303647256860017e-07
0.063085;2.765638496513509e-07
0.06314;2.8015383253486134e-07
0.063195;2.8380777184932064e-07
0.06325;2.875270530522781e-07
0.063305;2.913130974746657e-07
0.06336;2.951673634029607e-07
0.063415;2.990913471987111e-07
0.06347;3.0308658445712446e-07
0.063525;3.0715465120610194e-07
0.06358;3.1129716514732484e-07
0.063635;3.1551578694118285e-07
0.06369;3.1981222153712515e-07
0.063745;3.2418821955138016e-07
0.0638;3.286455786939729e-07
0.06385500000000001;3.331861452468671e-07
0.06391000000000001;3.3781181559550265e-07
0.06396500000000001;3.4252453781583934e-07
0.06402000000000001;3.4732631331910504e-07
0.06407500000000001;3.522191985568391e-07
0.06413;3.5720530678845514e-07
0.064185;3.6228680991415953e-07
0.06424;3.6746594037587467e-07
0.064295;3.727449931290843e-07
0.06435;3.781263276884728e-07
0.064405;3.836123702507816e-07
0.06446;3.892056158980083e-07
0.064515;3.949086308847093e-07
0.06457;4.0072405501311217e-07
0.064625;4.0665460410064e-07
0.06468;4.127030725449813e-07
0.064735;4.1887233599457994e-07
0.06479;4.251653541384054e-07
0.064845;4.315851736517214e-07
0.0649;4.381349314299013e-07
0.064955;4.448178588065967e-07
0.06501;4.516372932188718e-07
0.065065;4.5859699586560986e-07
0.06512;4.6569952371557106e-07
0.065175;4.7294924713073713e-07
0.06523;4.803499127644078e-07
0.065285;4.879052720579167e-07
0.06534000000000001;4.956192953754252e-07
0.06539500000000001;5.034960817354008e-07
0.06545000000000001;5.115398583499985e-07
0.06550500000000001;5.197549844845473e-07
0.06556000000000001;5.281459560879274e-07
0.065615;5.367174107532092e-07
0.06567;5.454741329276521e-07
0.065725;5.54421059358029e-07
0.06578;5.63563284774914e-07
0.065835;5.729060678240544e-07
0.06589;5.824548372558843e-07
0.065945;5.922151983852388e-07
0.066;6.021929398345692e-07
0.066055;6.123940405742994e-07
0.06611;6.228246772756235e-07
0.066165;6.334912319908188e-07
0.06622;6.444003001783108e-07
0.066275;6.555586990896426e-07
0.06633;6.669734765369868e-07
0.066385;6.786519200608933e-07
0.06644;6.906015665190933e-07
0.066495;7.028302121181035e-07
0.06655;7.153459229113982e-07
0.066605;7.281570457882336e-07
0.06666;7.412722199795235e-07
0.066715;7.547003891088037e-07
0.06677;7.68450813816798e-07
0.066825;7.825330849915403e-07
0.06688000000000001;7.969571376367218e-07
0.06693500000000001;8.117332654131884e-07
0.06699000000000001;8.268721358912829e-07
0.06704500000000001;8.423848065529151e-07
0.0671;8.582827415859906e-07
0.067155;8.745778295154709e-07
0.06721;8.912824017188765e-07
0.067265;9.084092518761815e-07
0.06732;9.259716564086345e-07
0.067375;9.439833959631913e-07
0.06743;9.624587780039712e-07
0.067485;9.814126605749192e-07
0.06754;1.0008604773042347e-06
0.067595;1.0208182637231915e-06
0.06765;1.0413026849791194e-06
0.067705;1.062331065026016e-06
0.06776;1.0839214173831517e-06
0.067815;1.106092477557542e-06
0.06787;1.1288637372329952e-06
0.067925;1.1522554803351767e-06
0.06798;1.176288821090972e-06
0.068035;1.2009857442067751e-06
0.06809;1.2263691473018474e-06
0.068145;1.252462885739526e-06
0.0682;1.2792918200120107e-06
0.068255;1.3068818658447823e-06
0.06831;1.3352600471982866e-06
0.06836500000000001;1.3644545523582612e-06
0.06842000000000001;1.3944947933209573e-06
0.06847500000000001;1.42541146869305e-06
0.06853000000000001;1.4572366303450673e-06
0.06858500000000001;1.4900037540735432e-06
0.06864;1.523747814547052e-06
0.068695;1.5585053648333002e-06
0.06875;1.594314620827663e-06
0.068805;1.6312155509272347e-06
0.06886;1.6692499713236315e-06
0.068915;1.7084616473169264e-06
0.06897;1.7488964010855424e-06
0.069025;1.7906022263822644e-06
0.06908;1.8336294106654887e-06
0.069135;1.8780306652168326e-06
0.06919;1.9238612638429156e-06
0.069245;1.9711791908075985e-06
0.0693;2.0200452986988877e-06
0.069355;2.0705234769933316e-06
0.06941;2.1226808321465574e-06
0.069465;2.1765878801126373e-06
0.06952;2.232318752273454e-06
0.069575;2.2899514158465918e-06
0.06963;2.3495679099380893e-06
0.069685;2.411254598509305e-06
0.06974;2.475102441646387e-06
0.069795;2.541207286647252e-06
0.06985000000000001;2.6096701805847416e-06
0.06990500000000001;2.6805977061565518e-06
0.06996000000000001;2.754102342811165e-06
0.07001500000000001;2.830302855324133e-06
0.07007000000000001;2.90932471221364e-06
0.070125;2.991300536616015e-06
0.07018;3.0763705925030215e-06
0.070235;3.1646833094046025e-06
0.07029;3.2563958491253994e-06
0.070345;3.351674718290258e-06
0.0704;3.4506964309462576e-06
0.070455;3.553648225883462e-06
0.07051;3.6607288438112256e-06
0.070565;3.772149370059459e-06
0.07062;3.8881341490525815e-06
0.070675;4.008921777427091e-06
0.07073;4.134766183376216e-06
0.070785;4.265937800484209e-06
0.07084;4.402724845088455e-06
0.070895;4.545434706884858e-06
0.07095;4.694395463045025e-06
0.071005;4.849957526287574e-06
0.07106;5.012495436654175e-06
0.071115;5.18240980407578e-06
0.07117;5.360129401552122e-06
0.071225;5.546113389900235e-06
0.07128;5.740853603714859e-06
0.071335;5.944876670738208e-06
0.07139000000000001;6.158745140619565e-06
0.07144500000000001;6.383053489673267e-06
0.07150000000000001;6.618357740523599e-06
0.07155500000000001;7.6069619168211736e-06
0.07161000000000001;8.06005474534935e-06
0.071665;8.495961118627247e-06
0.07172;8.934535504890913e-06
0.071775;9.383763876089523e-06
0.07183;9.848328297086103e-06
0.071885;1.0331636412545784e-05
0.07194;1.0836540949682044e-05
0.071995;1.1365659478034121e-05
0.07205;1.19215415527276e-05
0.072105;1.2506768914055362e-05
0.07216;1.312402371392644e-05
0.072215;1.3776140901831843e-05
0.07227;1.4466153015055625e-05
0.072325;1.5197332013436997e-05
0.07238;1.5973231051284602e-05
0.072435;1.6797728207582317e-05
0.07249;1.7675073772268072e-05
0.072545;1.8609942511768255e-05
0.0726;1.9607492315724995e-05
0.072655;2.06734307123678e-05
0.07271;2.181409091226515e-05
0.072765;2.3036519293739582e-05
0.07282;2.4348576582363314e-05
0.07287500000000001;2.5759055414017788e-05
0.07293000000000001;2.7277817525460428e-05
0.07298500000000001;2.8915954515750426e-05
0.07304000000000001;3.068597700404761e-05
0.07309500000000001;3.26020381241105e-05
0.07315;3.468019871009321e-05
0.073205;3.693874333103102e-05
0.07326;3.939855864158664e-05
0.073315;4.208358849533888e-05
0.07337;4.502138413125333e-05
0.073425;4.824377279264882e-05
0.07348;5.178767478123486e-05
0.073535;5.5696107757984044e-05
0.07359;6.001942887957783e-05
0.073645;6.481688124074632e-05
0.0737;7.01585327069591e-05
0.073755;7.612772492907774e-05
0.07381;8.282419158800646e-05
0.073865;9.036806286097872e-05
0.07392;9.890505545621434e-05
0.073975;0.00010861326613294352
0.07403;0.00011971215971061493
0.074085;0.00013247459904773171
0.07414;0.00014724315072088697
0.074195;0.0001644524921569679
0.07425;0.00018466067100407325
0.074305;0.00020859344366977748
0.07436000000000001;0.00023720833082350543
0.07441500000000001;0.0002717890675631594
0.07447000000000001;0.00031408809186190184
0.07452500000000001;0.00036654711683843075
0.07458000000000001;0.00043264872463949006
0.074635;0.0005174959488112306
0.07469;0.0006288055895980001
0.074745;0.0007786901127399211
0.0748;0.0009870327100561958
0.074855;0.001288315272474438
0.07491;0.001746607406306386
0.074965;0.00249208549361972
0.07502;0.003823201936702616
0.075075;0.006553703855612514
0.07513;0.013598672197762247
0.075185;0.042331351933905324
0.07524;0.48306386536697926
0.075295;0.12318267727662846
0.07535;0.024376845179722644
0.075405;0.009994598824859278
0.07546;0.005420134886685636
0.075515;0.003405404935440793
0.07557;0.002342869416479502
0.075625;0.0017142327944121797
0.07568;0.001311368486737459
0.075735;0.00103754832266942
0.07579;0.0008428436065001619
0.07584500000000001;0.0006993568943120484
0.07590000000000001;0.0005905022405686068
0.07595500000000001;0.0005059131139834763
0.07601000000000001;0.000438837893756749
0.07606500000000001;0.00038472492134050587
0.07612000000000001;0.00034041425640639404
0.076175;0.00030365598352904754
0.07623;0.0002728124999634998
0.076285;0.0002466686161250668
0.07634;0.00022430703209801642
0.076395;0.00020502466582491505
0.07645;0.0001882751963318378
0.076505;0.00017362883325582244
0.07656;0.0001607436496374275
0.076615;0.00014934482727334739
0.07667;0.0001392094117802191
0.076725;0.0001301549657023264
0.07678;0.00012203101986965857
0.076835;0.00011471256056277261
0.07689;0.00010809501616916369
0.076945;0.0001020903609822227
0.077;9.66240601478126e-05
0.077055;9.163265422152613e-05
0.07711;8.706183457838634e-05
0.077165;8.286489876617039e-05
0.07722;7.900150233151801e-05
0.077275;7.543664374269896e-05
0.07733;7.213983388897988e-05
0.07738500000000001;6.908441272020474e-05
0.07744000000000001;6.624698392815145e-05
0.07749500000000001;6.360694489480929e-05
0.07755000000000001;6.114609396415915e-05
0.07760500000000001;5.8848300812418184e-05
0.07766;5.669922857243449e-05
0.077715;5.468609861465048e-05
0.07777;5.2797490648298706e-05
0.077825;5.102317219985152e-05
0.07788;4.935395262607864e-05
0.077935;4.7781557702138786e-05
0.07799;4.629852152963709e-05
0.078045;4.48980930787067e-05
0.0781;4.357415513838884e-05
0.078155;4.232115382373003e-05
0.07821;4.11340370936863e-05
0.078265;4.0008200984227884e-05
0.07832;3.8939442467233155e-05
0.078375;3.7923918016045664e-05
0.07843;3.6958107099720986e-05
0.078485;3.603877994542851e-05
0.07854;3.516296900653629e-05
0.078595;3.432794365596167e-05
0.07865;3.353118769334689e-05
0.078705;3.277037931264025e-05
0.07876;3.204337322569614e-05
0.078815;3.134818467893212e-05
0.07887000000000001;3.068297513515939e-05
0.07892500000000001;3.0046039422384946e-05
0.07898000000000001;2.9435794176227712e-05
0.07903500000000001;2.8850767423359174e-05
0.07909000000000001;2.8289589169802707e-05
0.07914500000000001;2.775098286985773e-05
0.0792;2.7233757657276082e-05
0.079255;2.6736801216114975e-05
0.07931;2.625907314535853e-05
0.079365;2.5799598604275335e-05
0.07942;2.535746184777946e-05
0.079475;2.493179876403617e-05
0.07953;2.4521785962362343e-05
0.079585;2.4126618050557963e-05
0.07964;2.3745435207987894e-05
0.079695;2.337692150351719e-05
0.07975;2.300946383508159e-05
0.079805;2.2690355040208192e-05
0.07986;2.235728269168758e-05
0.079915;2.203790397748862e-05
0.07997;2.1729823215129228e-05
0.080025;2.143227679520758e-05
0.08008;2.1144735201157057e-05
0.080135;2.086674678844491e-05
0.08019;2.0597901386069107e-05
0.080245;2.0337817918979208e-05
0.0803;2.008613887408422e-05
0.08035500000000001;1.9842527212911373e-05
0.08041000000000001;1.9606664323157443e-05
0.08046500000000001;1.9378248480490568e-05
0.08052000000000001;1.91569935959651e-05
0.08057500000000001;1.8942628143231998e-05
0.08063000000000001;1.873489421091226e-05
0.080685;1.8533546649449302e-05
0.08074;1.833835229373546e-05
0.080795;1.8149089249225884e-05
0.08085;1.7965546232889075e-05
0.080905;1.778752196252136e-05
0.08096;1.7614824589343673e-05
0.081015;1.7447271169722925e-05
0.08107;1.7284687172505177e-05
0.081125;1.7126906018957187e-05
0.08118;1.6973768652655334e-05
0.081235;1.6825123136976353e-05
0.08129;1.6680824278080805e-05
0.081345;1.6540733271490783e-05
0.0814;1.6404717370535886e-05
0.081455;1.6272649575092814e-05
0.08151;1.614440833918681e-05
0.081565;1.6019877296134586e-05
0.08162;1.589894500002087e-05
0.081675;1.5781504682396826e-05
0.08173;1.566745402317107e-05
0.081785;1.5556694934751486e-05
0.08184;1.544913335856489e-05
0.08189500000000001;1.5344679073133585e-05
0.08195000000000001;1.5243245512980229e-05
0.08200500000000001;1.5144749597647721e-05
0.08206000000000001;1.5049111570203383e-05
0.08211500000000001;1.4956254844626806e-05
0.08217;1.4866105861521097e-05
0.082225;1.4778593951644181e-05
0.08228;1.4693651206764553e-05
0.082335;1.4611212357411352e-05
0.08239;1.4531214657089911e-05
0.082445;1.4453597772583695e-05
0.0825;1.4378303679976546e-05
0.082555;1.4305276566059289e-05
0.08261;1.4234462734810218e-05
0.082665;1.4165810518646183e-05
0.08272;1.4099270194177592e-05
0.082775;1.4034793902211966e-05
0.08283;1.3972335571751377e-05
0.082885;1.3911850847779359e-05
0.08294;1.3853297022610215e-05
0.082995;1.3796632970610772e-05
0.08305;1.3741819086109965e-05
0.083105;1.3688817224314177e-05
0.08316;1.3637590645079582e-05
0.083215;1.3588103959376422e-05
0.08327;1.3540323078309532e-05
0.083325;1.3494215164550673e-05
0.08338000000000001;1.3449748586073518e-05
0.08343500000000001;1.3406892872045419e-05
0.08349000000000001;1.3365618670788858e-05
0.08354500000000001;1.3325897709705046e-05
0.08360000000000001;1.3287702757027869e-05
0.08365500000000001;1.3251007585374202e-05
0.08371;1.321578693692037e-05
0.083765;1.3182016490250106e-05
0.08382;1.3149672828570872e-05
0.083875;1.3118733409556253e-05
0.08393;1.308917653639923e-05
0.083985;1.3060981330252964e-05
0.08404;1.3034127703875394e-05
0.084095;1.3008596336480513e-05
0.08415;1.2984368649689415e-05
0.084205;1.2961426784583794e-05
0.08426;1.2939753579764128e-05
0.084315;1.2919332550394482e-05
0.08437;1.290014786817792e-05
0.084425;1.2882184342230125e-05
0.08448;1.2865427400795595e-05
0.084535;1.284986307378988e-05
0.08459;1.2835477976111312e-05
0.084645;1.2822259291707373e-05
0.0847;1.2810194758349247e-05
0.084755;1.2799272653096497e-05
0.08481;1.278948177840927e-05
0.08486500000000001;1.27808114489013e-05
0.08492000000000001;1.2773251478680358e-05
0.08497500000000001;1.276679216928597e-05
0.08503000000000001;1.2761424298166318e-05
0.08508500000000001;1.2757139107701723e-05
0.08514000000000001;1.2753928294735915e-05
0.085195;1.2751784000601012e-05
0.08525;1.2750698801622927e-05
0.085305;1.2750665700081099e-05
0.08536;1.275167811561079e-05
0.085415;1.2753729877031595e-05
0.08547;1.275681521458714e-05
0.085525;1.2760928752581899e-05
0.08558;1.2766065502400932e-05
0.085635;1.2772220855899443e-05
0.08569;1.2779390579155877e-05
0.085745;1.2787570806568615e-05
0.0858;1.2796758035290636e-05
0.085855;1.28069491199921e-05
0.08591;1.281814126794163e-05
0.085965;1.2830332034392942e-05
0.08602;1.2843519318274641e-05
0.086075;1.2857701358171875e-05
0.08613;1.2872876728591134e-05
0.086185;1.2889044336506873e-05
0.08624;1.290620341817247e-05
0.086295;1.2924353536208091e-05
0.08635;1.2943494576929505e-05
0.08640500000000001;1.2963626747956064e-05
0.08646000000000001;1.2984750576041467e-05
0.08651500000000001;1.300686690517228e-05
0.08657000000000001;1.3029976894893895e-05
0.08662500000000001;1.3054082018870247e-05
0.08668000000000001;1.3079184063689046e-05
0.086735;1.3105285127905143e-05
0.08679;1.313238762122395e-05
0.086845;1.3160494264101989e-05
0.0869;1.318960808735582e-05
0.086955;1.3219732432111062e-05
0.08701;1.3250870949945858e-05
0.087065;1.3283027603248873e-05
0.08712;1.3316206665788592e-05
0.087175;1.335041272350634e-05
0.08723;1.3385650675516002e-05
0.087285;1.342192573532542e-05
0.08734;1.3459243432264626e-05
0.087395;1.3497609613134906e-05
0.08745;1.3537030444064076e-05
0.087505;1.3577512412587912e-05
0.08756;1.3619062329941138e-05
0.087615;1.366168733356532e-05
0.08767;1.370539488984279e-05
0.087725;1.3750192797043669e-05
0.08778;1.379608918850163e-05
0.087835;1.3843092536013296e-05
0.08789000000000001;1.3891211653462375e-05
0.08794500000000001;1.394045570068246e-05
0.08800000000000001;1.3990834187543431e-05
0.08805500000000001;1.4042356978288235e-05
0.08811000000000001;1.4095034296090364e-05
0.08816500000000001;1.4148876727882087e-05
0.08822;1.4203895229410533e-05
0.088275;1.4260101130559855e-05
0.08833;1.431750614092514e-05
0.088385;1.4376122355653523e-05
0.08844;1.4435962261554692e-05
0.088495;1.4497038743485225e-05
0.08855;1.455936509101367e-05
0.088605;1.462295500537498e-05
0.08866;1.4687822606720995e-05
0.088715;1.475398244166553e-05
0.08877;1.4821449491151979e-05
0.088825;1.4890239178623213e-05
0.08888;1.4960367378528968e-05
0.088935;1.5031850425164e-05
0.08899;1.5104705121848698e-05
0.089045;1.5178948750465971e-05
0.0891;1.5254599081361494e-05
0.089155;1.5331674383617268e-05
0.08921;1.541019343571401e-05
0.089265;1.549017553658704e-05
0.08932;1.557164051709583e-05
0.08937500000000001;1.5654608751914047e-05
0.08943000000000001;1.5739101171855564e-05
0.08948500000000001;1.582513927665271e-05
0.08954000000000001;1.59127451481958e-05
0.08959500000000001;1.6001941464256e-05
0.08965000000000001;1.6092751512703295e-05
0.08970500000000001;1.6185199206235642e-05
0.08976;1.6279309097640933e-05
0.089815;1.6375106395606563e-05
0.08987;1.647261698109738e-05
0.089925;1.6571867424319938e-05
0.08998;1.667288500229773e-05
0.090035;1.6775697717074947e-05
0.09009;1.68803343145763e-05
0.090145;1.698682430414043e-05
0.0902;1.709519797875969e-05
0.090255;1.7205486436044733e-05
0.09031;1.731772159994843e-05
0.090365;1.743193624326984e-05
0.09042;1.75481640109762e-05
0.090475;1.7666439444367857e-05
0.09053;1.7786798006121123e-05
0.090585;1.7909276106245893e-05
0.09064;1.803391112898737e-05
0.090695;1.8160741460715975e-05
0.09075;1.8289806518841218e-05
0.090805;1.8421146781789823e-05
0.09086;1.8554803820094093e-05
0.09091500000000001;1.8690820328633143e-05
0.09097000000000001;1.882924016007459e-05
0.09102500000000001;1.8970108359566484e-05
0.09108000000000001;1.911347120073001e-05
0.09113500000000001;1.9259376223011698e-05
0.09119000000000001;1.940787227044316e-05
0.091245;1.955900953187876e-05
0.0913;1.9712839582764382e-05
0.091355;1.9869415428509768e-05
0.09141;2.0028791549529036e-05
0.091465;2.0191023948022744e-05
0.09152;2.035617019657916e-05
0.091575;2.052428948867299e-05
0.09163;2.0695442691143845e-05
0.091685;2.086969239874549e-05
0.09174;2.1047102990855807e-05
0.091795;2.122774069044626e-05
0.09185;2.1411673625412634e-05
0.091905;2.1598971892372935e-05
0.09196;2.1789707623047913e-05
0.092015;2.1983955053342647e-05
0.09207;2.2181790595252652e-05
0.092125;2.238329291172883e-05
0.09218;2.2588542994637495e-05
0.092235;2.2797624245966705e-05
0.09229;2.3010622562424876e-05
0.092345;2.3227626423605065e-05
0.09240000000000001;2.344872698387627e-05
0.09245500000000001;2.367401816818695e-05
0.09251000000000001;2.390359677197743e-05
0.09256500000000001;2.413756256539015e-05
0.09262000000000001;2.4376018402001018e-05
0.09267500000000001;2.4619070332291802e-05
0.09273;2.486682772210432e-05
0.092785;2.5119403376324304e-05
0.09284;2.5376913668059896e-05
0.092895;2.5639478673599313e-05
0.09295;2.590722231344182e-05
0.093005;2.6180272499719272e-05
0.09306;2.6458761290334066e-05
0.093115;2.6742825050175165e-05
0.09317;2.703260461978104e-05
0.093225;2.7328245491847865e-05
0.09328;2.762989799599777e-05
0.093335;2.7937717492260765e-05
0.09339;2.8251864573736504e-05
0.093445;2.857250527894306e-05
0.0935;2.889981131438368e-05
0.093555;2.9233960287893592e-05
0.09361;2.957513595338316e-05
0.093665;2.9923528467601105e-05
0.09372;3.0279334659610133e-05
0.093775;3.064275831370073e-05
0.09383;3.101401046650755e-05
0.09388500000000001;3.1393309719165234e-05
0.09394000000000001;3.1780882565359015e-05
0.09399500000000001;3.217696373623588e-05
0.09405000000000001;3.2581796563146964e-05
0.09410500000000001;3.2995633359296e-05
0.09416000000000001;3.3418735821445635e-05
0.09421500000000001;3.385137545286468e-05
0.09427;3.429383400885218e-05
0.094325;3.474640396619883e-05
0.09438;3.520938901808621e-05
0.094435;3.568310459601381e-05
0.09449;3.61678784204543e-05
0.094545;3.666405108206288e-05
0.0946;3.7171976655413966e-05
0.094655;3.769202334733331e-05
0.09471;3.822457418212937e-05
0.094765;3.877002772609237e-05
0.09482;3.932879885391318e-05
0.094875;3.990131955979029e-05
0.09493;4.0488039816247415e-05
0.094985;4.108942848390736e-05
0.09504;4.17059742757139e-05
0.095095;4.233818677936368e-05
0.09515;4.29865975420222e-05
0.095205;4.365176122168776e-05
0.09526;4.433425680997137e-05
0.095315;4.503468893136949e-05
0.09537000000000001;4.575368922461354e-05
0.09542500000000001;4.649191781203928e-05
0.09548000000000001;4.725006486350634e-05
0.09553500000000001;4.8028852261877046e-05
0.09559000000000001;4.8829035377684136e-05
0.09564500000000001;4.965140496128751e-05
0.09570000000000001;5.0496789161494825e-05
0.095755;5.136605568041926e-05
0.09581;5.226011407525264e-05
0.095865;5.3179918218490595e-05
0.09592;5.412646892926494e-05
0.095975;5.5100816789548416e-05
0.09603;5.610406516024562e-05
0.096085;5.7137373413631544e-05
0.09614;5.820196040004426e-05
0.096195;5.929910816853455e-05
0.09625;6.0430165962984663e-05
0.096305;6.15965545173151e-05
0.09636;6.279977067570227e-05
0.096415;6.40413923662791e-05
0.09647;6.532308395965375e-05
0.096525;6.664660204673348e-05
0.09658;6.801380167383223e-05
0.096635;6.942664307703465e-05
0.09669;7.088719896210444e-05
0.096745;7.239766238116767e-05
0.0968;7.39603552628608e-05
0.096855;7.55777376587604e-05
0.09691000000000001;7.725241777586708e-05
0.09696500000000001;7.898716287257336e-05
0.09702000000000001;8.078491110429549e-05
0.09707500000000001;8.264878441480077e-05
0.09713000000000001;8.458210258020736e-05
0.09718500000000001;8.658839852534439e-05
0.09724000000000001;8.867143504604637e-05
0.097295;9.083522308734313e-05
0.09735;9.308404174526862e-05
0.097405;9.542246018127774e-05
0.09746;9.785536166133463e-05
0.097515;0.0001003879699589447
0.09757;0.00010302587839212839
0.097625;0.00010577508179952288
0.09768;0.0001086420118011593
0.097735;0.00011163357573616529
0.09779;0.00011475719972276952
0.097845;0.00011802087634817839
0.0979;0.00012143321756696697
0.097955;0.0001250035134695945
0.09801;0.00012874179767886608
0.098065;0.00013265892024392483
0.09812;0.00013676662903229278
0.098175;0.00014107766077319612
0.09823;0.00014560584308469506
0.098285;0.00015036620902819005
0.09834;0.00015537512598225487
0.09839500000000001;0.0001606504409218438
0.09845000000000001;0.00016621164453745565
0.09850500000000001;0.00017208005704330687
0.09856000000000001;0.0001782790390183887
0.09861500000000001;0.00018483423121559418
0.09867000000000001;0.0001917738279854359
0.09872500000000001;0.00019912888981678291
0.09878;0.00020693370153248463
0.098835;0.0002152261839344088
0.09889;0.00022404836822401646
0.098945;0.00023344694439617804
0.099;0.00024347389710641822
0.099055;0.0002541872453477834
0.09911;0.0002656519057938512
0.099165;0.00027794070404122756
0.09922;0.0002911355634695985
0.099275;0.00030532890832977354
0.09933;0.00032062532639214514
0.099385;0.0003371435475793902
0.09944;0.00035501880920108534
0.099495;0.00037440569668350875
0.09955;0.00039548157237763844
0.099605;0.00041845073594820375
0.09966;0.00044354950050333773
0.099715;0.00047105242249725763
0.09977;0.0005012799954194281
0.099825;0.0005346082142932137
0.09988000000000001;0.0005714805499707874
0.09993500000000001;0.0006124230534990118
0.09999000000000001;0.0006580635625119084
0.10004500000000001;0.0007091563349590979
0.10010000000000001;0.0007666139375861607
0.10015500000000001;0.0008315489393528664
0.10021000000000001;0.0009053290149677846
0.100265;0.0009896506269628106
0.10032;0.001086638809157845
0.100375;0.001198984183760426
0.10043;0.001330133985667965
0.100485;0.0014845628734854734
0.10054;0.0016681640233799566
0.100595;0.0018888256789899283
0.10065;0.0021573009151925446
0.100705;0.0024885542618626358
0.10076;0.0029039090657940175
0.100815;0.003434589507756843
0.10087;0.004127796394309113
0.100925;0.005057618735315336
0.10098;0.006345728915416868
0.101035;0.008203311311037065
0.10109;0.01102322451922469
0.101145;0.015604645590538537
0.1012;0.023780203045875498
0.101255;0.04052503805088151
0.10131;0.08325191141161255
0.101365;0.24296994709007036
0.10142000000000001;0.9551402723824067
0.10147500000000001;0.34889519715437667
0.10153000000000001;0.10377600288073147
0.10158500000000001;0.04668184925634053
0.10164000000000001;0.026116813592228373
0.10169500000000001;0.016581265711140148
0.10175000000000001;0.011421830233971227
0.101805;0.008326999705808549
0.10186;0.006328939113572797
0.101915;0.004965983136553826
0.10197;0.003995684711271509
0.102025;0.0032809575868345017
0.10208;0.0027396142509503265
0.102135;0.00231997955358581
0.10219;0.0019882561715040244
0.102245;0.0017215929284265948
0.1023;0.0015040950339625066
0.102355;0.0013244320629486135
0.10241;0.0011743525987195054
0.102465;0.0010477332641474673
0.10252;0.000939953321981253
0.102575;0.0008474734926051171
0.10263;0.0007675462283266329
0.102685;0.0006980125876686244
0.10274;0.0006371573586398172
0.102795;0.0005836041054673327
0.10285;0.0005362380503491742
0.10290500000000001;0.0004941486672160253
0.10296000000000001;0.00045658643604018
0.10301500000000001;0.0004229299043690507
0.10307000000000001;0.00039266034294882653
0.10312500000000001;0.00036534205972346066
0.10318000000000001;0.000340606974140716
0.10323500000000001;0.0003181424304564977
0.10329;0.0002976814960039702
0.103345;0.00027899518218017257
0.1034;0.00026188616500147377
0.103455;0.0002461836839814911
0.10351;0.0002317393734424461
0.103565;0.00021842383659506808
0.10362;0.000206123815021877
0.103675;0.00019473983827437025
0.10373;0.00018418426280161925
0.103785;0.00017437962828317416
0.10384;0.00016525727406427348
0.103895;0.00015675616999821646
0.10395;0.00014882194534492714
0.104005;0.00014140593257507182
0.10406;0.00013446466525074993
0.104115;0.00012795904666690084
0.10417;0.00012185391244670115
0.104225;0.00011611755682138761
0.10428;0.00011072133257232928
0.104335;0.00010563930491452266
0.10439000000000001;0.00010084795020673291
0.10444500000000001;9.632589293229676e-05
0.10450000000000001;9.205367549435084e-05
0.10455500000000001;8.801355623339928e-05
0.10461000000000001;8.418933178569607e-05
0.10466500000000001;8.056618049141653e-05
0.10472000000000001;7.713052405316981e-05
0.10477500000000001;7.386990505722588e-05
0.10483;7.07728783152241e-05
0.104885;6.782891427499138e-05
0.10494;6.502831299463463e-05
0.104995;6.236212738201601e-05
0.10505;5.982209457816528e-05
0.105105;5.7400574513636486e-05
0.10516;5.5090494794795606e-05
0.105215;5.288530118690565e-05
0.10527;5.077891305494978e-05
0.105325;4.8765683203858015e-05
0.10538;4.684036162969422e-05
0.105435;4.499806275320676e-05
0.10549;4.3234235759490624e-05
0.105545;4.1544637712375386e-05
0.1056;3.992530915147616e-05
0.105655;3.837255191392024e-05
0.10571;3.6882908952463566e-05
0.105765;3.5453145947757387e-05
0.10582;3.408023453528225e-05
0.105875;3.276133698725544e-05
0.10593000000000001;3.1493792207559215e-05
0.10598500000000001;3.0275102912936332e-05
0.10604000000000001;2.9102923887380516e-05
0.10609500000000001;2.797505120863514e-05
0.10615000000000001;2.688941235617176e-05
0.10620500000000001;2.5844057119590462e-05
0.10626000000000001;2.4837149234497077e-05
0.106315;2.3866958680397777e-05
0.10637;2.293185458169365e-05
0.106425;2.2030298658642384e-05
0.10648;2.1160839180402452e-05
0.106535;2.032210537691888e-05
0.10659;1.9512802270486432e-05
0.106645;1.8731705891666924e-05
0.1067;1.7977658847405148e-05
0.106755;1.724956621232282e-05
0.10681;1.654639171671144e-05
0.106865;1.5867154207260103e-05
0.10692;1.5210924358654676e-05
0.106975;1.4576821616164126e-05
0.10703;1.3964011351075123e-05
0.107085;1.3371702212451518e-05
0.10714;1.2799143660081897e-05
0.107195;1.2245623664856938e-05
0.10725;1.171046656389102e-05
0.107305;1.119303105888553e-05
0.10736;1.0692708347089648e-05
0.10741500000000001;1.0208920375177555e-05
0.10747000000000001;9.741118207119158e-06
0.10752500000000001;9.288780497839068e-06
0.10758000000000001;8.851412065172307e-06
0.10763500000000001;8.428542553165299e-06
0.10769000000000001;8.019725180360198e-06
0.10774500000000001;7.624535567206846e-06
0.1078;7.242570637176571e-06
0.107855;6.873447586596624e-06
0.10791;6.516802918610176e-06
0.107965;6.172291536992386e-06
0.10802;5.839585895917695e-06
0.108075;5.5183752020244666e-06
0.10813;5.2083646654384505e-06
0.108185;4.909274796629549e-06
0.10824;4.620840746230609e-06
0.108295;4.342811685159777e-06
0.10835;4.074950222554347e-06
0.108405;3.817031859247156e-06
0.10846;3.5688444746369122e-06
0.108515;3.3301878450041574e-06
0.10857;3.100873191420274e-06
0.108625;2.8807227555589175e-06
0.10868;2.6695694018327885e-06
0.108735;2.467256244386227e-06
0.10879;2.2736362975751845e-06
0.108845;2.088572148678514e-06
0.10890000000000001;1.911935651656725e-06
0.10895500000000001;1.7436076408658181e-06
0.10901000000000001;1.5834776637120675e-06
0.10906500000000001;1.4314437312985193e-06
0.10912000000000001;1.2874120861959634e-06
0.10917500000000001;1.1512969865111153e-06
0.10923000000000001;1.0230205055097298e-06
0.10928500000000001;9.02512346080699e-07
0.10934;7.8970966940293e-07
0.109395;6.845569372037957e-07
0.10945;5.870057670575325e-07
0.109505;4.970148002082953e-07
0.10956;4.145495814373073e-07
0.109615;3.395824505458885e-07
0.10967;2.720924450451452e-07
0.109725;2.1206521368304148e-07
0.10978;1.5949294047534944e-07
0.109835;1.1437427893029036e-07
0.10989;7.671429618841506e-08
0.109945;4.6524426824280164e-08
0.11;2.382243608578991e-08
0.110055;8.632392367288228e-09
0.11011;9.846487399430119e-10
0.110165;9.15833382330084e-10
0.11022;8.46884877916356e-09
0.110275;2.369287957442692e-08
0.11033;4.664340898748885e-08
0.110385;7.738224371943473e-08
0.11044000000000001;1.159775472964522e-07
0.11049500000000001;1.6250388181696847e-07
0.11055000000000001;2.170422580854079e-07
0.11060500000000001;2.796801941357985e-07
0.11066000000000001;3.5051178216570123e-07
0.11071500000000001;4.2963776391785566e-07
0.11077000000000001;5.17165614564693e-07
0.110825;6.132096351701706e-07
0.11088;7.178910538172756e-07
0.110935;8.313381355116354e-07
0.11099;9.536863009841264e-07
0.111045;1.0850782545358658e-06
0.1111;1.225664121090974e-06
0.111155;1.3756015926290127e-06
0.11121;1.535056084199525e-06
0.111265;1.7042008997362805e-06
0.11132;1.883217407901769e-06
0.111375;2.0722952282211926e-06
0.11143;2.271632427779966e-06
0.111485;2.481435728780299e-06
0.11154;2.7019207272778237e-06
0.111595;2.933312123431373e-06
0.11165;3.1758439636336586e-06
0.111705;3.4297598949094078e-06
0.11176;3.6953134319858254e-06
0.111815;3.972768237480579e-06
0.11187;4.262398415657104e-06
0.11192500000000001;4.5644888202550075e-06
0.11198000000000001;4.879335376899509e-06
0.11203500000000001;5.207245420643687e-06
0.11209000000000001;5.54853804923543e-06
0.11214500000000001;5.9035444927025625e-06
0.11220000000000001;6.272608499926318e-06
0.11225500000000001;6.656086742873098e-06
0.11231000000000001;7.054349239216036e-06
0.112365;7.467779794104645e-06
0.11242;7.896776461890286e-06
0.112475;8.341752028657787e-06
0.11253;8.803134516457589e-06
0.112585;9.28136771017858e-06
0.11264;9.776911708075652e-06
0.112695;1.0290243496972883e-05
0.11275;1.082185755328543e-05
0.112805;1.1372266471000734e-05
0.11286;1.1942001617870941e-05
0.112915;1.2531613821100742e-05
0.11297;1.3141674083921838e-05
0.113025;1.3772774334485537e-05
0.11308;1.4425528208603521e-05
0.113135;1.5100571867953451e-05
0.11319;1.5798564855456788e-05
0.113245;1.6520190989599435e-05
0.1133;1.7266159299622342e-05
0.113355;1.8037205003567148e-05
0.11341000000000001;1.883409053129261e-05
0.11346500000000001;1.9657606594703394e-05
0.11352000000000001;2.0508573307550465e-05
0.11357500000000001;2.138784135729586e-05
0.11363000000000001;2.2296293231696423e-05
0.11368500000000001;2.3234844502867933e-05
0.11374000000000001;2.4204445171824016e-05
0.11379500000000001;2.5206081076578985e-05
0.11385;2.624077536714842e-05
0.113905;2.7309590050928604e-05
0.11396;2.841362761218248e-05
0.114015;2.9554032709555756e-05
0.11407;3.0731993955775475e-05
0.114125;3.194874578396461e-05
0.11418;3.320557040524034e-05
0.114235;3.450379986257138e-05
0.11429;3.584481818615294e-05
0.114345;3.723006365588556e-05
0.1144;3.866103117693332e-05
0.114455;4.013927477461417e-05
0.11451;4.1666410215361e-05
0.114565;4.324411776088199e-05
0.11462;4.487414506304458e-05
0.114675;4.6558310207620276e-05
0.11473;4.829850491539934e-05
0.114785;5.0096697909799935e-05
0.11484;5.195493846077389e-05
0.11489500000000001;5.3875360115261546e-05
0.11495000000000001;5.586018462528659e-05
0.11500500000000001;5.7911726085482444e-05
0.11506000000000001;6.003239529252689e-05
0.11511500000000001;6.222470433998235e-05
0.11517000000000001;6.449127146273439e-05
0.11522500000000001;6.683482614642538e-05
0.11528000000000001;6.925821451802533e-05
0.11533500000000001;7.176440503526336e-05
0.11539;7.4356494493315e-05
0.115445;7.703771436878167e-05
0.1155;7.98114375224442e-05
0.115555;8.268118528364012e-05
0.11561;8.565063494048727e-05
0.115665;8.872362766318996e-05
0.11572;9.190417688681937e-05
0.115775;9.519647718600783e-05
0.11583;9.860491367407548e-05
0.115885;0.00010213407195509723
0.11594;0.00010578874868008716
0.115995;0.00010957396273245788
0.11605;0.00011349496709600584
0.116105;0.00011755726144865468
0.11616;0.00012176660553268033
0.116215;0.00012612903335592287
0.11627;0.00013065086828213936
0.116325;0.00013533873907405945
0.11638;0.00014019959695684128
0.11643500000000001;0.0001452407337759208
0.11649000000000001;0.0001504698013285749
0.11654500000000001;0.00015589483195547872
0.11660000000000001;0.00016152426048531563
0.11665500000000001;0.00016736694763352296
0.11671000000000001;0.00017343220496435316
0.11676500000000001;0.0001797298215351138
0.11682000000000001;0.00018627009235113517
0.116875;0.0001930638487715373
0.11693;0.000200122491017596
0.116985;0.00020745802294907313
0.11704;0.00021508308928853197
0.117095;0.0002230110154894824
0.11715;0.00023125585046211613
0.117205;0.0002398324123897715
0.11726;0.00024875633789026746
0.117315;0.0002580441348007814
0.11737;0.00026771323888989223
0.117425;0.0002777820748298191
0.11748;0.0002882701217936048
0.117535;0.0002991979840772077
0.11759;0.0003105874671846377
0.117645;0.000322461659859264
0.1177;0.00033484502259015984
0.117755;0.00034776348317741617
0.11781;0.0003612445399986804
0.117865;0.00037531737368535665
0.11792000000000001;0.0003900129679905957
0.11797500000000001;0.0004053642407130276
0.11803000000000001;0.0004214061856325573
0.11808500000000001;0.0004381760265156691
0.11814000000000001;0.00045571338436499573
0.11819500000000001;0.0004740604592137787
0.11825000000000001;0.0004932622279135311
0.11830500000000001;0.0005133666595235441
0.11836;0.0005344249500952021
0.118415;0.0005564917788505515
0.11847;0.0005796255879869638
0.118525;0.0006038888886038232
0.11858;0.0006293485955456314
0.118635;0.0006560763942928579
0.11869;0.0006841491434186469
0.118745;0.0007136493165629064
0.1188;0.0007446654883769705
0.118855;0.0007772928694565368
0.11891;0.0008116338959323925
0.118965;0.0008477988801310113
0.11902;0.0008859067295701923
0.119075;0.0009260857425349898
0.11913;0.0009684744896094344
0.119185;0.0010132227918385093
0.11924;0.0010604928077052153
0.119295;0.0011104602428462014
0.11935;0.0011633156984579818
0.11940500000000001;0.0012192661766979925
0.11946000000000001;0.0012785367641329657
0.11951500000000001;0.0013413725174943635
0.11957000000000001;0.001408040579761216
0.11962500000000001;0.0014788325590065388
0.11968000000000001;0.0015540672076397215
0.11973500000000001;0.0016340934458133603
0.11979000000000001;0.0017192937800287716
0.11984500000000001;0.0018100881765904344
0.1199;0.0019069384598232938
0.119955;0.0020103533172187832
0.12001;0.0021208940083445008
0.120065;0.0022391808919885268
0.12012;0.002365900907247267
0.120175;0.002501816169983431
0.12023;0.0026477738772752004
0.120285;0.0028047177504990947
0.12034;0.0029737012941868438
0.120395;0.0031559032049059818
0.12045;0.0033526453348218578
0.120505;0.0035654137018058785
0.12056;0.003795883146446515
0.120615;0.004045946371910803
0.12067;0.0043177482729245984
0.120725;0.004613726675158032
0.12078;0.004936660879202958
0.120835;0.005289729751648625
0.12089;0.005676581552952506
0.12094500000000001;0.006101418269400288
0.12100000000000001;0.0065690979673872305
0.12105500000000001;0.007085259671072403
0.12111000000000001;0.007656476559894358
0.12116500000000001;0.008290445002822139
0.12122000000000001;0.008996219248688425
0.12127500000000001;0.009784504699288512
0.12133000000000001;0.010668026921895188
0.121385;0.01166199936941433
0.12144;0.012784720838633757
0.121495;0.01405834499708091
0.12155;0.015509880319768441
0.121605;0.017172501724530664
0.12166;0.019087288485148197
0.121715;0.02130555192126881
0.12177;0.023891989229623635
0.121825;0.026929009911629904
0.12188;0.030522750085176905
0.121935;0.03481155293448638
0.12199;0.03997810970511613
0.122045;0.04626712482734388
0.1221;0.05401146145224937
0.122155;0.0636715323330689
0.12221;0.07589572314417284
0.122265;0.09161468880123333
0.12232;0.11219065886367696
0.122375;0.13965564275898787
0.12243000000000001;0.17708818919547573
0.12248500000000001;0.2291807457395423
0.12254000000000001;0.3029585057108729
0.12259500000000001;0.4081116123378533
0.12265000000000001;0.5545215857886865
0.12270500000000001;0.7398870616408336
0.12276000000000001;0.9201511652275277
0.12281500000000001;0.9988987666180825
0.12287000000000001;0.920105500317033
0.122925;0.7482357109046713
0.12298;0.5738043321652219
0.123035;0.43505142609755265
0.12309;0.3336602049429586
0.123145;0.26099430427852305
0.1232;0.20853383394635175
0.123255;0.16999927189922714
0.12331;0.14111690573701816
0.123365;0.11903013103392686
0.12342;0.10181959002228724
0.123475;0.08817685679938347
0.12353;0.07719388775325922
0.123585;0.06822864280454678
0.12364;0.060818818205294965
0.123695;0.054625737153973404
0.12375;0.04939726512849686
0.123805;0.04494287925599214
0.12386;0.041116622242203575
0.12391500000000001;0.03780525499443455
0.12397000000000001;0.03491989328478002
0.12402500000000001;0.03239001662633391
0.12408000000000001;0.03015911703620663
0.12413500000000001;0.028181497875293983
0.12419000000000001;0.02641989028884456
0.12424500000000001;0.024843658368582388
0.12430000000000001;0.02342743335462395
0.12435500000000001;0.022150064055806874
0.12441;0.02099380281893848
0.124465;0.019943668713685875
0.12452;0.018986945301182803
0.124575;0.018112781515809886
0.12463;0.01731187220797183
0.124685;0.016576200714335597
0.12474;0.015898830084312417
0.124795;0.015273732742409969
0.12485;0.014695650714863
0.124905;0.014159980314363345
0.12496;0.013662676513705452
0.12501500000000002;0.013200173259230789
0.12507000000000001;0.012769316758576104
0.12512500000000001;0.012367309383323413
0.12518;0.011991662298745204
0.125235;0.011640155302184456
0.12529;0.011310802642372421
0.125345;0.011001823822281764
0.1254;0.010711618571389006
0.125455;0.010438745319860354
0.12551;0.010181902625072991
0.125565;0.009939913096054733
0.12562;0.00971170943868303
0.125675;0.00949632230739185
0.12573;0.009292869700602351
0.125785;0.00910054767937246
0.12584;0.008918622223591731
0.125895;0.008746422068902812
0.12595;0.008583332391450907
0.126005;0.008428789227525072
0.12606;0.008282274531818708
0.126115;0.008143311792019792
0.12617;0.008011462129207475
0.126225;0.00788632082344937
0.12628;0.007767514212377395
0.126335;0.0076546969176577145
0.12639;0.007547549360316228
0.126445;0.0074457755310484396
0.1265;0.007349100986062766
0.126555;0.007257271042786256
0.12661;0.007170049153021716
0.126665;0.007087215433940376
0.12672;0.007008565339708115
0.126775;0.006933908458646291
0.12683;0.006863067422624117
0.126885;0.0067958769169671985
0.12694;0.006732182780524173
0.126995;0.006671841186738957
0.12705;0.006614717897610551
0.127105;0.006560687583339375
0.12716;0.006509633201258039
0.127215;0.006461445428350888
0.12727;0.006416022142280313
0.127325;0.006373267946386385
0.12738;0.006333093734608109
0.127435;0.006295416292699459
0.12749;0.006260157932489952
0.127545;0.006227246156271989
0.1276;0.006196613348704846
0.127655;0.006168196493869767
0.12771000000000002;0.006141936915372301
0.12776500000000002;0.006117780037573092
0.12782000000000002;0.006095675166234475
0.12787500000000002;0.006075575287031099
0.12793000000000002;0.006057436880525179
0.12798500000000002;0.006041219752341536
0.12804000000000001;0.006026886877404947
0.12809500000000001;0.006014404257203207
0.12815000000000001;0.006003740789149514
0.128205;0.005994868147198214
0.12826;0.005987760672957727
0.128315;0.005982395276610248
0.12837;0.005978751347023214
0.128425;0.005976810670493483
0.12848;0.0059765573576235865
0.128535;0.005977977777881067
0.12859;0.0059810605014388105
0.128645;0.005985796247938944
0.1287;0.005992177841860767
0.128755;0.006000200174216781
0.12881;0.006009860170327455
0.128865;0.0060211567634676924
0.12892;0.006034090874200718
0.128975;0.006048665395250904
0.12903;0.006064885181792034
0.129085;0.006082757047052831
0.12914;0.006102289763173024
0.129195;0.006123494067262182
0.12925;0.006146382672641445
0.129305;0.006170970285273047
0.12936;0.006197273625404206
0.129415;0.006225311454477237
0.12947;0.006255104607382534
0.129525;0.006286676030153727
0.12958;0.006320050823230693
0.129635;0.006355256290441109
0.12969;0.006392321993877655
0.129745;0.0064312798148748965
0.1298;0.006472164021319267
0.129855;0.006515011341556155
0.12991;0.0065598610451870565
0.129965;0.0066067550310870485
0.13002;0.0066557379230060415
0.130075;0.006706857173155182
0.13013;0.006760163174223402
0.130185;0.006815709380309334
0.13024;0.006873552437301632
0.130295;0.0069337523232968256
0.13035;0.006996372499689257
0.130405;0.007061480073638177
0.13046;0.0071291459726700295
0.130515;0.007199445132260299
0.13057;0.007272456697298044
0.130625;0.007348264238434735
0.13068000000000002;0.007426955984407885
0.13073500000000002;0.007508625071517139
0.13079000000000002;0.007593369811576183
0.13084500000000002;0.007681293979754126
0.13090000000000002;0.007772507123955983
0.13095500000000002;0.007867124898298628
0.13101000000000002;0.00796526949086301
0.13106500000000001;0.00806706964096459
0.13112000000000001;0.00817266177884762
0.131175;0.008282189779144111
0.13123;0.008395805748238071
0.131285;0.008513670501594402
0.13134;0.008635954115662583
0.131395;0.008762836529494453
0.13145;0.00889450819483012
0.131505;0.009031170778747452
0.13156;0.009173037923641096
0.131615;0.009320336069831568
0.13167;0.00947330534669503
0.131725;0.00963220053881035
0.13178;0.009797292134351135
0.131835;0.009968867463736073
0.13189;0.010147231937441253
0.131945;0.010332710392892767
0.132;0.010525648561472875
0.132055;0.010726414667968406
0.13211;0.01093540117621111
0.132165;0.011153026696309295
0.13222;0.011379738070701926
0.132275;0.011616012658366811
0.13233;0.01186236083890833
0.132385;0.012119328760943352
0.13244;0.012387501362306534
0.132495;0.012667505693137225
0.13255;0.012960014576926585
0.132605;0.013265750649271685
0.13266;0.013585490819371153
0.132715;0.013920071205433234
0.13277;0.014270392602232536
0.132825;0.014637426547179899
0.13288;0.01502222206072023
0.132935;0.015425913147807871
0.13299;0.0158497271599186
0.133045;0.016294994131887747
0.1331;0.016763157225115687
0.133155;0.0172557844289692
0.13321;0.01777458169589398
0.133265;0.01832140771368024
0.13332;0.018898290551226066
0.133375;0.019507446452988787
0.13343;0.02015130110344288
0.133485;0.020832513737542607
0.13354;0.021554004538468164
0.133595;0.022318985841880294
0.13365;0.02313099775935853
0.13370500000000002;0.023993948946062073
0.13376000000000002;0.02491216337316808
0.13381500000000002;0.025890434129655544
0.13387000000000002;0.02693408547709449
0.13392500000000002;0.028049044623708625
0.13398000000000002;0.029241924980581726
0.13403500000000002;0.030520123026792224
0.13409000000000001;0.03189193135856514
0.13414500000000001;0.03336667105175377
0.1342;0.03495484715482809
0.134255;0.036668331986832184
0.13431;0.0385205819873947
0.134365;0.040526895213510744
0.13442;0.042704718278290456
0.134475;0.04507401368085748
0.13453;0.04765770121800354
0.134585;0.05048219066979493
0.13464;0.05357802744370572
0.134695;0.05698067864707657
0.13475;0.06073149453405979
0.134805;0.06487888996704451
0.13486;0.06947980313129588
0.134915;0.07460150514364772
0.13497;0.08032385555266876
0.135025;0.08674212648633986
0.13508;0.09397055410709373
0.135135;0.10214682202957578
0.13519;0.1114377392643741
0.135245;0.12204644593661255
0.1353;0.13422156148650832
0.135355;0.1482687732908501
0.13541;0.16456542398567675
0.135465;0.1835786351646923
0.13552;0.20588727651205443
0.135575;0.2322073869053403
0.13563;0.26341894061375437
0.135685;0.3005880835351392
0.13574;0.34497121892129157
0.135795;0.3979723777725139
0.13585;0.4609987792228957
0.135905;0.5351187269016914
0.13596;0.6203817984602696
0.136015;0.7146689168299041
0.13607;0.8121472560063259
0.136125;0.9020271182512833
0.13618;0.9692579712725777
0.136235;0.9988551415191008
0.13629;0.9828669740041476
0.136345;0.9249831993804702
0.1364;0.8384497993849954
0.136455;0.7392719518688536
0.13651;0.6403551476874103
0.136565;0.5494366960528215
0.13662;0.4698295150134586
0.13667500000000002;0.40204240035637107
0.13673000000000002;0.34516597144828964
0.13678500000000002;0.2977513755858652
0.13684000000000002;0.2582744529068672
0.13689500000000002;0.22534266799932273
0.13695000000000002;0.197764860050895
0.13700500000000002;0.17455613863769032
0.13706000000000002;0.15491638417356113
0.13711500000000001;0.13820102216074737
0.13717000000000001;0.12389229642300466
0.137225;0.11157413119157374
0.13728;0.10091131355091555
0.137335;0.09163274349391849
0.13739;0.08351816118798813
0.137445;0.07638770895876089
0.1375;0.07009374641749376
0.137555;0.06451443223344702
0.13761;0.059548681655179445
0.137665;0.055112192524705894
0.13772;0.05113430114963015
0.137775;0.04755548381533256
0.13783;0.044325362062028875
0.137885;0.04140110245764905
0.13794;0.03874612657202374
0.137995;0.03632906594840109
0.13805;0.03412291146328495
0.138105;0.03210431764036862
0.13816;0.03025303106318172
0.138215;0.028551418637982582
0.13827;0.026984076565259196
0.138325;0.025537504841651796
0.13838;0.02419983520288342
0.138435;0.02296060283542565
0.13849;0.021810554084995364
0.138545;0.020741483889740807
0.1386;0.01974609785533605
0.138655;0.018817894836058148
0.13871;0.01795106664294999
0.138765;0.017140412107916846
0.13882;0.01638126322249973
0.138875;0.015669421466460443
0.13893;0.015001102763242012
0.138985;0.014372889761983736
0.13904;0.013781690360450648
0.139095;0.013224701559734878
0.13915;0.012699377886799354
0.139205;0.012203403741196548
0.13926;0.011734669121875423
0.139315;0.011291248272896444
0.13937;0.010871380856054061
0.139425;0.010473455316342105
0.13948;0.010095994154947812
0.139535;0.009737640864401665
0.13959;0.009397148318080108
0.139645;0.009073368429800978
0.13970000000000002;0.008765242930669218
0.13975500000000002;0.00847179512688178
0.13981000000000002;0.008192122521553984
0.13986500000000002;0.007925390199344259
0.13992000000000002;0.00767082488539923
0.13997500000000002;0.007427709601535013
0.14003000000000002;0.007195378852369918
0.14008500000000002;0.006973214282401769
0.14014000000000001;0.006760640752366815
0.14019500000000001;0.00655712278942941
0.14025;0.0063621613712289094
0.140305;0.006175291008515206
0.14036;0.00599607709524721
0.140415;0.00582411349859819
0.14047;0.005659020364464741
0.140525;0.005500442116829144
0.14058;0.005348045631717781
0.140635;0.005201518568625866
0.14069;0.0050605678441453
0.140745;0.0049249182341562945
0.1408;0.004794311092409392
0.140855;0.004668503174588501
0.14091;0.004547265558088495
0.140965;0.004430382648740114
0.14102;0.004317651266592606
0.141075;0.004208879803695479
0.14113;0.004103887447468033
0.141185;0.004002503463919493
0.14124;0.0039045665355246857
0.141295;0.003809924149055232
0.14135;0.0037184320291255434
0.141405;0.0036299536136041124
0.14146;0.003544359567405743
0.141515;0.0034615273314991873
0.14157;0.003381340704253669
0.141625;0.0033036894525146332
0.14168;0.0032284689500257004
0.141735;0.0031555798410288147
0.14179;0.0030849277270679322
0.141845;0.003016422875189751
0.1419;0.002949979945893657
0.141955;0.00288551773932344
0.14201;0.0028229589583166773
0.142065;0.00276222998706337
0.14212;0.002703260684189387
0.142175;0.002645984189228812
0.14223;0.00259033674149145
0.142285;0.002536257510436602
0.14234;0.0024836884367274363
0.142395;0.002432574083204085
0.14245;0.0023828614950813388
0.142505;0.0023345000687227144
0.14256;0.0022874414283990253
0.142615;0.002241639310482376
0.14267;0.0021970494545689922
0.14272500000000002;0.002153629501063374
0.14278000000000002;0.002111338894790539
0.14283500000000002;0.0020701387942355775
0.14289000000000002;0.002029991986040036
0.14294500000000002;0.001990862804410505
0.14300000000000002;0.001952717055121847
0.14305500000000002;0.0019155219438184614
0.14311000000000001;0.001879246008339027
0.14316500000000001;0.001843859054810195
0.14322000000000001;0.0018093320972718753
0.143275;0.0017756373006139708
0.14333;0.001742747926618902
0.143385;0.0017106382829193362
0.14344;0.0016792836746936403
0.143495;0.001648660358932195
0.14355;0.0016187455011211088
0.143605;0.001589517134197916
0.14366;0.0015609541196457191
0.143715;0.0015330361105995761
0.14377;0.0015057435168467186
0.143825;0.0014790574716122028
0.14388;0.0014529598000264509
0.143935;0.0014274329891780482
0.14399;0.0014024601596626842
0.144045;0.0013780250385432289
0.1441;0.0013541119336420973
0.144155;0.0013307057090919075
0.14421;0.0013077917620743422
0.144265;0.001285356000682926
0.14432;0.0012633848228476919
0.144375;0.001241865096264313
0.14443;0.0012207841392743418
0.144485;0.0012001297026440517
0.14454;0.0011798899521970178
0.144595;0.0011600534522521033
0.14465;0.0011406091498272796
0.144705;0.0011215463595674476
0.14476;0.0011028547493599963
0.144815;0.0010845243266051424
0.14487;0.0010665454250968454
0.144925;0.0010489086925031042
0.14498;0.0010316050783928652
0.145035;0.001014625822799582
0.14509;0.0009979624452851263
0.145145;0.0009816067344826961
0.1452;0.0009655507380949852
0.145255;0.000949786753324627
0.14531;0.0009343073177163017
0.145365;0.0009191052003904273
0.14542;0.0009041733936499622
0.145475;0.0008895051049420069
0.14553;0.0008750937491581281
0.145585;0.0008609329412561531
0.14564;0.0008470164891900493
0.14569500000000002;0.0008333383871319725
0.14575000000000002;0.0008198928089740133
0.14580500000000002;0.0008066741020960431
0.14586000000000002;0.0007936767813881664
0.14591500000000002;0.0007808955235154807
0.14597000000000002;0.0007683251614147964
0.14602500000000002;0.0007559606790124843
0.14608000000000002;0.000743797206153747
0.14613500000000001;0.000731830013733825
0.14619000000000001;0.0007200545090224815
0.146245;0.0007084662311727353
0.1463;0.0006970608469065673
0.146355;0.0006858341463690417
0.14641;0.0006747820391445219
0.146465;0.0006639005504271547
0.14652;0.0006531858173396987
0.146575;0.0006426340853940657
0.14663;0.0006322417050878315
0.146685;0.0006220051286308299
0.14674;0.0006119209067966074
0.146795;0.0006019856858932716
0.14685;0.000592196204849713
0.146905;0.0005825492924108269
0.14696;0.0005730418644393891
0.147015;0.0005636709213186061
0.14707;0.0005544335454522246
0.147125;0.0005453268988580666
0.14718;0.0005363482208512538
0.147235;0.000527494825813801
0.14729;0.0005187641010469456
0.147345;0.0005101535047034718
0.1474;0.0005016605637962584
0.147455;0.0004932828722810686
0.14751;0.00048501808920992405
0.147565;0.00047686393695305285
0.14762;0.00046881819948642794
0.147675;0.00046087872074281343
0.14773;0.0004530434030238706
0.147785;0.0004453102054710201
0.14784;0.00043767714259314967
0.147895;0.0004301422828490671
0.14795;0.0004227037472826498
0.148005;0.0004153597082092101
0.14806;0.00040810838795081006
0.148115;0.0004009480576193532
0.14817;0.0003938770359456459
0.148225;0.00038689368815264
0.14828;0.00037999642487198326
0.148335;0.00037318370110191087
0.14839;0.0003664540152054858
0.148445;0.0003598059079479006
0.1485;0.0003532379615712862
0.148555;0.0003467487989065194
0.14861;0.0003403370825201638
0.148665;0.00033400151389620776
0.14872000000000002;0.00032774083265095315
0.14877500000000002;0.000321553815780625
0.14883000000000002;0.0003154392769404783
0.14888500000000002;0.0003093960657545976
0.14894000000000002;0.00030342306715573734
0.14899500000000002;0.00029751920075397583
0.14905000000000002;0.0002916834202340564
0.14910500000000002;0.00028591471278017095
0.14916000000000001;0.00028021209852778425
0.14921500000000001;0.00027457463004168205
0.14927;0.00026900139181999945
0.149325;0.0002634914998230751
0.14938;0.00025804410102709204
0.149435;0.00025265837300186405
0.14949;0.00024733352351204776
0.149545;0.00024206879014168633
0.1496;0.00023686343994125413
0.149655;0.0002317167690973933
0.14971;0.00022662810262429083
0.149765;0.0002215967940764352
0.14982;0.0002166222252832505
0.149875;0.0002117038061044469
0.14993;0.0002068409742057923
0.149985;0.00020203319485560104
0.15004;0.0001972799607414113
0.150095;0.000192580791806569
0.15015;0.0001879352351066166
0.150205;0.00018334286468543463
0.15026;0.00017880328147079795
0.150315;0.00017431611318922456
0.15037;0.0001698810143002153
0.150425;0.0001654976659495916
0.15048;0.00016116577594200816
0.150535;0.000156885078732357
0.15059;0.00015265533543648875
0.150645;0.0001484763338606337
0.1507;0.00014434788855014716
0.150755;0.00014026984085706973
0.15081;0.00013624205902727166
0.150865;0.00013226443830512708
0.15092;0.0001283369010611943
0.150975;0.00012445939693459633
0.15103;0.00012063190299804378
0.151085;0.0001168544239415002
0.15114;0.00011312699227579048
0.151195;0.00010944966855606243
0.15125;0.00010582254162553421
0.151305;0.000102245728879674
0.15136;9.871937655092618e-05
0.151415;9.524366001446895e-05
0.15147;9.181878411502707e-05
0.151525;8.844498351531473e-05
0.15158;8.512252306615485e-05
0.151635;8.185169819886529e-05
0.15169000000000002;7.86328353400503e-05
0.15174500000000002;7.546629234941701e-05
0.15180000000000002;7.235245898080185e-05
0.15185500000000002;6.929175736700234e-05
0.15191000000000002;6.628464252874656e-05
0.15196500000000002;6.333160290838836e-05
0.15202000000000002;6.043316092875366e-05
0.15207500000000002;5.758987357768221e-05
0.15213000000000002;5.480233301882896e-05
0.15218500000000001;5.207116722927407e-05
0.15224000000000001;4.9397040664584996e-05
0.152295;4.678065495193795e-05
0.15235;4.4222749611924756e-05
0.152405;4.1724102809812905e-05
0.15246;3.928553213688963e-05
0.152515;3.69078954227028e-05
0.15257;3.4592091578909654e-05
0.152625;3.2339061475602776e-05
0.15268;3.0149788850955578e-05
0.152735;2.8025301254962833e-05
0.15279;2.5966671028355042e-05
0.152845;2.397501631747362e-05
0.1529;2.2051502126184476e-05
0.152955;2.0197341405827325e-05
0.15301;1.8413796184243905e-05
0.153065;1.67021787350087e-05
0.15312;1.506385278801616e-05
0.153175;1.3500234782560741e-05
0.15323;1.2012795164214609e-05
0.153285;1.0603059726690089e-05
0.15334;9.272611000141985e-06
0.153395;8.023089687097243e-06
0.15345;6.856196147733037e-06
0.153505;5.773691935542705e-06
0.15356;4.7774013854307286e-06
0.153615;3.869213255462027e-06
0.15367;3.051082424051069e-06
0.153725;2.3250316443125486e-06
0.15378;1.6931533573533617e-06
0.153835;1.157611566324852e-06
0.15389;7.206437731923079e-07
0.153945;3.8456298021757874e-07
0.154;1.517597582621289e-07
0.154055;2.4704384091750947e-08
0.15411;5.949049016481863e-09
0.154165;9.813014134593857e-08
0.15422;3.039706053406647e-07
0.154275;6.2628237967328e-07
0.15433;1.0679689189110342e-06
0.154385;1.6320278024294506e-06
0.15444;2.321553436882797e-06
0.154495;3.1397398618010664e-06
0.15455;4.0898836756619755e-06
0.154605;5.175387118226581e-06
0.15466;6.399761393961285e-06
0.15471500000000002;7.766630467116871e-06
0.15477000000000002;9.279736062366598e-06
0.15482500000000002;1.0942946738611528e-05
0.15488000000000002;1.2760286127167464e-05
0.15493500000000002;1.4736113207126137e-05
0.15499000000000002;1.6880186628759238e-05
0.15504500000000002;1.918282271792206e-05
0.15510000000000002;2.1654112409309837e-05
0.15515500000000002;2.430538248741869e-05
0.15521000000000001;2.713761943216025e-05
0.15526500000000001;3.015553920347508e-05
0.15532;3.336418902966667e-05
0.155375;3.676880754209291e-05
0.15543;4.037479627612884e-05
0.155485;4.4187738406075734e-05
0.15554;4.8213386403521e-05
0.155595;5.2457673247470003e-05
0.15565;5.692671677281778e-05
0.155705;6.162682520924247e-05
0.15576;6.65645030016839e-05
0.155815;7.174645686169192e-05
0.15587;7.717960203922333e-05
0.155925;8.287106881486334e-05
0.15598;8.882820921645717e-05
0.156035;9.505860396627048e-05
0.15609;0.00010157006966561936
0.156145;0.00010837066622500666
0.1562;0.00011546870454797054
0.156255;0.0001228727544776358
0.15631;0.0001305916530152116
0.156365;0.0001386345128200654
0.15642;0.00014701073100147652
0.156475;0.0001557299982126434
0.15653;0.00016480230805759042
0.156585;0.00017423796682265134
0.15664;0.000184047603543998
0.156695;0.00019424218042344418
0.15675;0.00020483300360548372
0.156805;0.0002158317343283902
0.15686;0.00022725040046333954
0.156915;0.0002391014084555731
0.15697;0.00025139755568242064
0.157025;0.0002641520432437948
0.15708;0.0002773784892005464
0.157135;0.0002910909422776377
0.15719;0.000305303896049424
0.157245;0.00032003230362439206
0.1573;0.0003352915928484958
0.157355;0.0003510976820460838
0.15741;0.0003674669963182447
0.157465;0.0003844164844201613
0.15752;0.0004019636362381099
0.157575;0.0004201265008893147
0.15763;0.0004389237054678048
0.157685;0.00045837447446047313
0.15774000000000002;0.0004784986498590083
0.15779500000000002;0.0004993167119929034
0.15785000000000002;0.0005208498011123818
0.15790500000000002;0.0005431197397480002
0.15796000000000002;0.0005661490558777656
0.15801500000000002;0.0005899610069312561
0.15807000000000002;0.000614579604663366
0.15812500000000002;0.0006400296409305132
0.15818000000000002;0.0006663367144036939
0.15823500000000001;0.0006935272582543944
0.15829000000000001;0.0007216285688500322
0.158345;0.0007506688354982642
0.1584;0.0007806771712802879
0.158455;0.0008116836450141423
0.15851;0.0008437193143924318
0.158565;0.0008768162603397287
0.15862;0.0009110076226354004
0.158675;0.0009463276368525008
0.15873;0.0009828116726619146
0.158785;0.001020496273555693
0.15884;0.001059419198044127
0.158895;0.0010996194623836288
0.15895;0.0011411373848946014
0.159005;0.001184014631931719
0.15906;0.0012282942655700837
0.159115;0.0012740207930748496
0.15917;0.0013212402182219717
0.159225;0.001370000094544737
0.15928;0.0014203495805792487
0.159335;0.001472339497186854
0.15939;0.0015260223870357478
0.159445;0.001581452576324336
0.1595;0.0016386862388362464
0.159555;0.001697781462414764
0.15961;0.0017587983179538952
0.159665;0.0018217989310039002
0.15972;0.0018868475560915381
0.159775;0.001954010653863617
0.15983;0.002023356971162133
0.159885;0.002094957624146126
0.15994;0.0021688861845797665
0.159995;0.0022452187694085458
0.16005;0.0023240341337528356
0.160105;0.002405413767451957
0.16016;0.0024894419952965095
0.160215;0.0025762060810916214
0.16027;0.0026657963357013363
0.160325;0.002758306229227166
0.16038;0.0028538325074809914
0.160435;0.0029524753129190843
0.16049;0.003054338310209026
0.160545;0.003159528816604689
0.1606;0.003268157937321702
0.160655;0.003380340706097772
0.16071000000000002;0.003496196231126938
0.16076500000000002;0.0036158478466164438
0.16082000000000002;0.0037394232701021004
0.16087500000000002;0.0038670547658205454
0.16093000000000002;0.003998879314315084
0.16098500000000002;0.004135038788528678
0.16104000000000002;0.004275680136624335
0.16109500000000002;0.0044209555717804735
0.16115000000000002;0.0045710227692233076
0.16120500000000001;0.004726045070759405
0.16126000000000001;0.004886191697084418
0.16131500000000001;0.0050516379681539185
0.16137;0.005222565531901477
0.161425;0.005399162601608961
0.16148;0.005581624202234882
0.161535;0.005770152426016886
0.16159;0.005964956697677135
0.161645;0.006166254049552359
0.1617;0.006374269407003792
0.161755;0.006589235884443702
0.16181;0.006811395092340237
0.161865;0.007040997455560592
0.16192;0.0072783025434219354
0.161975;0.00752357941183134
0.16203;0.007777106957886141
0.162085;0.008039174287327002
0.16214;0.008310081095236286
0.162195;0.008590138060368971
0.16225;0.008879667253512193
0.162305;0.009179002560278546
0.16236;0.009488490118714797
0.162415;0.009808488772133852
0.16247;0.010139370537550464
0.162525;0.010481521090109221
0.16258;0.010835340263886132
0.162635;0.011201242569418391
0.16269;0.011579657728333055
0.162745;0.01197103122539259
0.1628;0.012375824878297886
0.162855;0.01279451742552713
0.16291;0.01322760513248925
0.162965;0.013675602416229277
0.16302;0.014139042488879653
0.163075;0.014618478020036074
0.16313;0.01511448181814996
0.163185;0.01562764753100849
0.16324;0.016158590365310324
0.163295;0.016707947825244963
0.16335;0.017276380469951592
0.163405;0.01786457268962086
0.16346;0.018473233499899846
0.163515;0.01910309735419744
0.16357;0.01975492497330998
0.163625;0.02042950419170177
0.16368;0.021127650819634667
0.16373500000000002;0.02185020952013511
0.16379000000000002;0.02259805469967726
0.16384500000000002;0.023372091411223317
0.16390000000000002;0.024173256268085943
0.16395500000000002;0.025002518366829506
0.16401000000000002;0.025860880217202183
0.16406500000000002;0.02674937867681106
0.16412000000000002;0.02766908588794861
0.16417500000000002;0.028621110213716952
0.16423000000000001;0.02960659717018783
0.16428500000000001;0.030626730351020467
0.16434;0.03168273234055704
0.164395;0.032775865610963274
0.16445;0.03390743339858949
0.164505;0.035078780554166224
0.16456;0.03629129436098799
0.164615;0.03754640531468189
0.16467;0.03884558785755315
0.164725;0.0401903610598821
0.16478;0.04158228923992007
0.164835;0.04302298251362192
0.16489;0.04451409726445214
0.164945;0.04605733652278664
