1e-20;5.870252353871831e-21
5.500000000000001e-05;6.0976352798982475e-21
0.00011000000000000002;6.334085526638387e-21
0.000165;6.5799752179251205e-21
0.00022;6.835692188320694e-21
0.000275;7.101640665056621e-21
0.00033;7.3782419803857e-21
0.00038500000000000003;7.665935315734174e-21
0.00044;7.96517847911137e-21
0.000495;8.276448717294362e-21
0.00055;8.600243564402067e-21
0.0006050000000000001;8.93708172850663e-21
0.00066;9.287504018059033e-21
0.000715;9.652074309934304e-21
0.0007700000000000001;1.003138056103978e-20
0.000825;1.0426035865482289e-20
0.00088;1.0836679559404772e-20
0.0009350000000000001;1.126397837569231e-20
0.00099;1.1708627650864818e-20
0.0010450000000000001;1.2171352586562661e-20
0.0011;1.2652909568180624e-20
0.001155;1.3154087543263193e-20
0.0012100000000000001;1.3675709462494415e-20
0.001265;1.4218633786143603e-20
0.00132;1.478375605905862e-20
0.0013750000000000001;1.537201055736993e-20
0.00143;1.5984372010269005e-20
0.001485;1.662185740038053e-20
0.0015400000000000001;1.728552784638357e-20
0.001595;1.797649057173551e-20
0.00165;1.8695900963558616e-20
0.0017050000000000001;1.944496472588793e-20
0.00176;2.022494013174046e-20
0.001815;2.1037140378622022e-20
0.0018700000000000001;2.188293605236774e-20
0.001925;2.276375770441035e-20
0.00198;2.3681098547817788e-20
0.002035;2.4636517277695057e-20
0.0020900000000000003;2.5631641021877245e-20
0.002145;2.6668168427995842e-20
0.0022;2.7747872893452544e-20
0.002255;2.887260594500703e-20
0.00231;3.0044300775124255e-20
0.002365;3.1264975942465106e-20
0.0024200000000000003;3.253673924440262e-20
0.002475;3.386179176963917e-20
0.00253;3.524243213958407e-20
0.002585;3.668106094743695e-20
0.00264;3.8180185404427205e-20
0.002695;3.974242420305418e-20
0.0027500000000000003;4.137051260775577e-20
0.002805;4.30673077837998e-20
0.00286;4.483579437589075e-20
0.002915;4.667909034832777e-20
0.00297;4.860045309934289e-20
0.003025;5.0603285862751314e-20
0.0030800000000000003;5.269114441063427e-20
0.003135;5.486774407163225e-20
0.00319;5.713696707986886e-20
0.003245;5.950287027054535e-20
0.0033;6.196969313881482e-20
0.003355;6.454186627947378e-20
0.0034100000000000003;6.722402022574059e-20
0.003465;7.002099470652438e-20
0.00352;7.293784834220669e-20
0.003575;7.597986880029438e-20
0.00363;7.91525834329429e-20
0.0036850000000000003;8.246177041988672e-20
0.0037400000000000003;8.591347044105308e-20
0.003795;8.95139989045919e-20
0.00385;9.32699587571528e-20
0.003905;9.718825390467601e-20
0.00396;1.0127610327326435e-19
0.004015;1.05541055541233e-19
0.00407;1.09991004574724e-19
0.004125;1.1463420560132188e-19
0.0041800000000000006;1.1947929215719351e-19
0.004235;1.2453529384563252e-19
0.00429;1.2981165494608583e-19
0.004345;1.353182539152726e-19
0.0044;1.4106542382370014e-19
0.004455;1.4706397377292596e-19
0.00451;1.5332521134127084e-19
0.0045650000000000005;1.598609661083039e-19
0.00462;1.6668361430999863e-19
0.004675;1.7380610468016652e-19
0.00473;1.8124198553532831e-19
0.004785;1.890054331637934e-19
0.0048400000000000006;1.9711128158237605e-19
0.004895;2.0557505372703115e-19
0.00495;2.1441299414728319e-19
0.005005;2.2364210327732667e-19
0.00506;2.3328017336081795e-19
0.005115;2.433458261090277e-19
0.00517;2.538585521768862e-19
0.0052250000000000005;2.648387525451791e-19
0.00528;2.7630778190085703e-19
0.005335;2.882879941128823e-19
0.00539;3.008027899043646e-19
0.005445;3.138766668276652e-19
0.0055000000000000005;3.275352716538703e-19
0.005555;3.418054552927289e-19
0.00561;3.567153303652167e-19
0.005665;3.7229433155698895e-19
0.00572;3.885732788855845e-19
0.005775000000000001;4.0558444402229563e-19
0.00583;4.233616198143688e-19
0.0058850000000000005;4.419401931611795e-19
0.00594;4.613572214046945e-19
0.005995;4.816515124018963e-19
0.00605;5.028637084537798e-19
0.006105;5.25036374275223e-19
0.0061600000000000005;5.482140891961848e-19
0.006215;5.724435437943466e-19
0.00627;5.97773641169113e-19
0.006325;6.242556030730293e-19
0.00638;6.519430811301678e-19
0.006435000000000001;6.808922733776716e-19
0.00649;7.111620463788287e-19
0.0065450000000000005;7.428140631645278e-19
0.0066;7.759129172741332e-19
0.006655;8.105262731735265e-19
0.00671;8.467250133441481e-19
0.006765;8.845833923442442e-19
0.0068200000000000005;9.241791981594396e-19
0.006875;9.655939211697217e-19
0.00693;1.0089129310734187e-18
0.006985;1.054225662120511e-18
0.00704;1.1016258070234212e-18
0.007095000000000001;1.1512115199222038e-18
0.00715;1.2030856287995188e-18
0.0072050000000000005;1.2573558577490616e-18
0.00726;1.3141350595182515e-18
0.007315;1.3735414587579126e-18
0.007370000000000001;1.4356989064251133e-18
0.007425;1.5007371457963759e-18
0.0074800000000000005;1.56879209056469e-18
0.007535;1.6400061155037185e-18
0.00759;1.7145283601939236e-18
0.007645;1.7925150463146334e-18
0.0077;1.8741298090228368e-18
0.007755000000000001;1.959544042937648e-18
0.00781;2.0489372632672363e-18
0.007865;2.142497482611939e-18
0.00792;2.240421603987407e-18
0.007975;2.342915830611081e-18
0.00803;2.4501960929943847e-18
0.008085;2.562488493874735e-18
0.00814;2.6800297715284734e-18
0.008195000000000001;2.803067781969812e-18
0.00825;2.9318620005553005e-18
0.008305;3.0666840434633656e-18
0.008360000000000001;3.2078182095102534e-18
0.008415;3.3555620427267536e-18
0.00847;3.510226916069863e-18
0.008525;3.6721386366023995e-18
0.00858;3.841638072415312e-18
0.008635;4.0190818014829375e-18
0.00869;4.2048427825815744e-18
0.008745000000000001;4.399311048271633e-18
0.0088;4.6028944198710876e-18
0.008855;4.816019244178169e-18
0.00891;5.039131151580181e-18
0.008965;5.272695834993844e-18
0.00902;5.517199848893706e-18
0.009075;5.773151427463081e-18
0.009130000000000001;6.041081320633502e-18
0.009185;6.321543646490743e-18
0.00924;6.615116758216088e-18
0.009295000000000001;6.92240412330679e-18
0.00935;7.244035212461183e-18
0.009405;7.580666394983106e-18
0.00946;7.932981837040535e-18
0.009515000000000001;8.301694398528296e-18
0.00957;8.68754652355577e-18
0.009625;9.091311118872693e-18
0.009680000000000001;9.513792413622365e-18
0.009735;9.95582679290871e-18
0.00979;1.0418283596538441e-17
0.009845;1.090206587310631e-17
0.0099;1.1408111078224863e-17
0.009955;1.1937391704200742e-17
0.01001;1.2490915826735354e-17
0.010065000000000001;1.3069727552363134e-17
0.01012;1.3674907348151452e-17
0.010175;1.4307572232929576e-17
0.01023;1.4968875806534017e-17
0.010285;1.5660008090718718e-17
0.01034;1.6382195151967588e-17
0.010395;1.71366984728752e-17
0.010450000000000001;1.79248140345652e-17
0.010505;1.874787106807117e-17
0.01056;1.9607230427449242e-17
0.010615000000000001;2.0504282531771576e-17
0.01067;2.144044481666381e-17
0.010725;2.241715862905935e-17
0.01078;2.3435885490831908e-17
0.010835000000000001;2.449810264823198e-17
0.01089;2.5605297814127584e-17
0.010945;2.6758962999107027e-17
0.011000000000000001;2.7960587315201304e-17
0.011055;2.92116486224455e-17
0.01111;3.051360387304784e-17
0.011165;3.1867877991179714e-17
0.01122;3.327585110715673e-17
0.011275;3.473884394391211e-17
0.01133;3.6258101129708406e-17
0.011385000000000001;3.78347721850219e-17
0.01144;3.946988990170278e-17
0.011495;4.1164345800005704e-17
0.011550000000000001;4.291886231216652e-17
0.011605;4.4733961300186015e-17
0.01166;4.6609928469797446e-17
0.011715;4.8546773191288996e-17
0.011770000000000001;5.054418318064632e-17
0.011825;5.260147343051398e-17
0.01188;5.47175287088697e-17
0.011935000000000001;5.689073886322443e-17
0.01199;5.911892607872301e-17
0.012045;6.139926313798116e-17
0.0121;6.372818161833475e-17
0.012155000000000001;6.610126883647647e-17
0.01221;6.85131522092623e-17
0.012265;7.095736954174761e-17
0.012320000000000001;7.342622357614542e-17
0.012375;7.591061893677222e-17
0.01243;7.839987938313965e-17
0.012485000000000001;8.088154303277997e-17
0.01254;8.334113293459459e-17
0.012595;8.576190005710939e-17
0.01265;8.81245354016303e-17
0.012705000000000001;9.040684755034809e-17
0.01276;9.25834015107581e-17
0.012815;9.462511421164218e-17
0.012870000000000001;9.649880143689697e-17
0.012925;9.81666703416361e-17
0.01298;9.958575097195767e-17
0.013035;1.0070725939389305e-16
0.013090000000000001;1.0147588411723197e-16
0.013145;1.0182898645980184e-16
0.0132;1.0169570432487433e-16
0.013255000000000001;1.0099594753649903e-16
0.01331;9.963927137737171e-17
0.013365;9.752361327548147e-17
0.01342;9.453387566223392e-17
0.013475;9.054033584588796e-17
0.01353;8.539686127372795e-17
0.013585;7.893890575241078e-17
0.013640000000000001;7.098125901323914e-17
0.013695;6.131551839001952e-17
0.01375;4.970724725666574e-17
0.013805000000000001;3.5892780151377497e-17
0.01386;1.9575628933992325e-17
0.013915;4.2243161445626385e-19
0.01397;1.6542057039974453e-11
0.014025000000000001;3.410350661326044e-11
0.01408;5.237070116141604e-11
0.014135;7.136800058206714e-11
0.014190000000000001;9.112056205244041e-11
0.014245;1.1165439618188695e-10
0.0143;1.3299640831886497e-10
0.014355;1.551744363663556e-10
0.014410000000000001;1.7821728804912648e-10
0.014465;2.0215477870346846e-10
0.01452;2.270177700788752e-10
0.014575000000000001;2.52838210420766e-10
0.01463;2.7964917601269293e-10
0.014685;3.074849143090642e-10
0.014740000000000001;3.3638088877335553e-10
0.014795;3.6637382552292903e-10
0.01485;3.975017618810847e-10
0.014905;4.298040969348942e-10
0.014960000000000001;4.633216441993706e-10
0.015015;4.98096686489525e-10
0.01507;5.341730331099691e-10
0.015125000000000001;5.71596079471364e-10
0.01518;6.104128692498079e-10
0.015235;6.506721592132063e-10
0.01529;6.924244868386707e-10
0.015345000000000001;7.357222408582261e-10
0.0154;7.806197348729032e-10
0.015455;8.271732841820101e-10
0.015510000000000001;8.754412859841561e-10
0.015565;9.254843031158927e-10
0.01562;9.77365151497015e-10
0.015675;1.0311489914689584e-09
0.01573;1.0869034232135925e-09
0.015785;1.1446985864581786e-09
0.01584;1.2046072646775722e-09
0.015895;1.2667049940200422e-09
0.01595;1.3310701771915452e-09
0.016005000000000002;1.3977842025521043e-09
0.01606;1.4669315686856135e-09
0.016115;1.5386000147247375e-09
0.01617;1.6128806567237475e-09
0.016225;1.6898681303910544e-09
0.01628;1.7696607405129763e-09
0.016335000000000002;1.852360617414727e-09
0.016390000000000002;1.93807388082675e-09
0.016445;2.02691081154658e-09
0.0165;2.1189860313102626e-09
0.016555;2.2144186913065753e-09
0.01661;2.3133326697964768e-09
0.016665;2.4158567793317627e-09
0.016720000000000002;2.5221249840833186e-09
0.016775;2.6322766278385547e-09
0.01683;2.7464566732415226e-09
0.016885;2.864815952899511e-09
0.01694;2.987511433011251e-09
0.016995;3.114706490212114e-09
0.01705;3.2465712023721706e-09
0.017105000000000002;3.38328265413914e-09
0.01716;3.525025258053863e-09
0.017215;3.671991092128484e-09
0.01727;3.824380254825276e-09
0.017325;3.9824012384439645e-09
0.01738;4.146271321981316e-09
0.017435;4.3162169845976605e-09
0.017490000000000002;4.492474340898593e-09
0.017545;4.67528959932486e-09
0.0176;4.864919545013425e-09
0.017655;5.061632048606088e-09
0.01771;5.2657066025471875e-09
0.017765;5.477434886557678e-09
0.01782;5.697121364043121e-09
0.017875000000000002;5.925083911346364e-09
0.01793;6.161654481866502e-09
0.017985;6.407179807209546e-09
0.01804;6.662022137697078e-09
0.018095;6.926560024699053e-09
0.01815;7.201189147455716e-09
0.018205;7.486323187218884e-09
0.018260000000000002;7.78239475176345e-09
0.018315;8.089856353529121e-09
0.01837;8.409181444886305e-09
0.018425;8.74086551427701e-09
0.01848;9.085427247268557e-09
0.018535;9.443409756830376e-09
0.018590000000000002;9.815381887491338e-09
0.018645000000000002;1.0201939598366608e-08
0.0187;1.0603707430427736e-08
0.018755;1.10213400638038e-08
0.01881;1.1455523971332007e-08
0.018865;1.1906979175064565e-08
0.01892;1.2376461112971215e-08
0.018975000000000002;1.2864762623626786e-08
0.019030000000000002;1.3372716057306099e-08
0.019085;1.3901195522566757e-08
0.01914;1.4451119278153508e-08
0.019195;1.5023452280825095e-08
0.01925;1.5619208900611532e-08
0.019305;1.6239455815910512e-08
0.019360000000000002;1.688531510191629e-08
0.019415;1.7557967526974243e-08
0.01947;1.825865607269973e-08
0.019525;1.898868969504246e-08
0.01958;1.974944734499701e-08
0.019635;2.0542382269223654e-08
0.01969;2.1369026612690065e-08
0.019745000000000002;2.2230996347340244e-08
0.0198;2.3129996552988184e-08
0.019855;2.4067827078986744e-08
0.01991;2.5046388617791397e-08
0.019965;2.606768922444308e-08
0.02002;2.713385131912679e-08
0.020075;2.8247119213438313e-08
0.020130000000000002;2.9409867204879298e-08
0.020185;3.062460828825275e-08
0.02024;3.1894003537491194e-08
0.020295;3.322087221649447e-08
0.02035;3.460820268346107e-08
0.020405;3.605916415950553e-08
0.02046;3.7577119439577265e-08
0.020515000000000002;3.9165638631536124e-08
0.02057;4.082851401810687e-08
0.020625;4.256977614624009e-08
0.02068;4.4393711259435396e-08
0.020735;4.6304880200742327e-08
0.02079;4.83081389280038e-08
0.020845000000000002;5.040866079811372e-08
0.020900000000000002;5.2611960794411874e-08
0.020955;5.492392189061504e-08
0.02101;5.7350823766401745e-08
0.021065;5.989937411430345e-08
0.02112;6.25767428050516e-08
0.021175;6.539059920974176e-08
0.021230000000000002;6.834915301240146e-08
0.021285000000000002;7.14611988861793e-08
0.02134;7.473616545191749e-08
0.021395;7.818416898881645e-08
0.02145;8.181607242542293e-08
0.021505;8.564355020571924e-08
0.02156;8.967915970057093e-08
0.021615000000000002;9.393641992207713e-08
0.021670000000000002;9.842989839688331e-08
0.021725;1.0317530716912557e-07
0.02178;1.0818960903381125e-07
0.021835;1.1349113525257786e-07
0.02189;1.1909971617738656e-07
0.021945;1.25036826408478e-07
0.022000000000000002;1.3132574634559894e-07
0.022055;1.3799174226197638e-07
0.02211;1.4506226734391562e-07
0.022165;1.5256718650627628e-07
0.02222;1.605390282210317e-07
0.022275;1.6901326709878937e-07
0.02233;1.780286415513453e-07
0.022385000000000002;1.876275115572266e-07
0.02244;1.9785626237058922e-07
0.022495;2.0876576098323993e-07
0.02255;2.204118732996434e-07
0.022605;2.328560513546194e-07
0.02266;2.461660015382434e-07
0.022715;2.604164467530128e-07
0.022770000000000002;2.756899977810964e-07
0.022825;2.920781519805578e-07
0.02288;3.0968244086291975e-07
0.022935;3.28615752279465e-07
0.02299;3.4900385802810194e-07
0.023045;3.7098718391929816e-07
0.023100000000000002;3.9472286698887136e-07
0.023155000000000002;4.2038715398771063e-07
0.02321;4.4817820698091136e-07
0.023265;4.783193964652964e-07
0.02332;5.110631806533176e-07
0.023375;5.466956925140929e-07
0.02343;5.855421851723005e-07
0.023485000000000002;6.279735231504319e-07
0.023540000000000002;6.744139541170676e-07
0.023595;7.253504565126778e-07
0.02365;7.81344037044636e-07
0.023705;8.430434545724266e-07
0.02376;9.112019815455396e-07
0.023815;9.866979923407168e-07
0.023870000000000002;1.0705604055237353e-06
0.023925000000000002;1.1640003268047619e-06
0.02398;1.268450673508632e-06
0.024035;1.3856161562245538e-06
0.02409;1.517536816939202e-06
0.024145;1.6666694757772302e-06
0.0242;1.8359930710641192e-06
0.024255000000000002;2.0291462185092387e-06
0.024310000000000002;2.2506087178283913e-06
0.024365;2.5059437527399556e-06
0.02442;2.8021250467769522e-06
0.024475;3.147984691180732e-06
0.02453;3.5548351424612904e-06
0.024585;4.037347059324768e-06
0.024640000000000002;4.614810293876978e-06
0.024695;5.3129811587088525e-06
0.02475;6.166848495065168e-06
0.024805;7.224878846781131e-06
0.02486;8.555716079907119e-06
0.024915;1.0259097246823075e-05
0.024970000000000003;1.2484305174065337e-05
0.025025000000000002;1.5462732108845527e-05
0.02508;1.9568348008945283e-05
0.025135;2.5437089289752215e-05
0.02519;3.4221052116325486e-05
0.025245;4.818381207378114e-05
0.0253;7.227983785482215e-05
0.025355000000000003;0.00011912889942968182
0.025410000000000002;0.00022922843852682108
0.025465;0.0005976592741954454
0.02552;0.0038130972619229374
0.025575;0.014785334303148554
0.02563;0.0009713720534064814
0.025685;0.0003236272066362752
0.025740000000000002;0.0001614631437074208
0.025795000000000002;9.722137966425266e-05
0.02585;6.52939930298325e-05
0.025905;4.7099019557326296e-05
0.02596;3.57308625792763e-05
0.026015;2.8141949482954984e-05
0.02607;2.2816319136730785e-05
0.026125000000000002;1.8930053300403462e-05
0.026180000000000002;1.6003674280951836e-05
0.026235;1.3742536902727989e-05
0.02629;1.1957350746512434e-05
0.026345;1.0521928062853163e-05
0.0264;9.349475881562004e-06
0.026455;8.378676265316168e-06
0.026510000000000002;7.565191362862017e-06
0.026565000000000002;6.876303168557357e-06
0.02662;6.287431336318923e-06
0.026675;5.77981231272969e-06
0.02673;5.3389169072414496e-06
0.026785;4.9533492028051e-06
0.02684;4.614066270575892e-06
0.026895000000000002;4.313816016003232e-06
0.02695;4.046726055947147e-06
0.027005;3.8079989060424366e-06
0.02706;3.593683135696522e-06
0.027115;3.4004995641330977e-06
0.02717;3.2257078464953573e-06
0.027225000000000003;3.0670030496070583e-06
0.027280000000000002;2.922434739172034e-06
0.027335;2.7903431370752333e-06
0.02739;2.6693083454983397e-06
0.027445;2.5581096620260736e-06
0.0275;2.4556927522647745e-06
0.027555;2.361142988422664e-06
0.027610000000000003;2.2736636618362393e-06
0.027665000000000002;2.1925580746761777e-06
0.02772;2.1172147391506694e-06
0.027775;2.0470950813121635e-06
0.02783;1.981723175266551e-06
0.027885;1.920677132425944e-06
0.02794;1.8635818468897662e-06
0.027995000000000003;1.8101028575430425e-06
0.028050000000000002;1.7599411340741076e-06
0.028105;1.7128286308403044e-06
0.02816;1.668524481617296e-06
0.028215;1.6268117314548242e-06
0.02827;1.5874945204322908e-06
0.028325;1.5503956490497723e-06
0.028380000000000002;1.5153544670751581e-06
0.028435000000000002;1.482225037481564e-06
0.02849;1.4508745351145483e-06
0.028545;1.4211818462861953e-06
0.0286;1.3930363408862488e-06
0.028655;1.3663367930513777e-06
0.02871;1.3409904301241066e-06
0.028765000000000002;1.3169120926977272e-06
0.028820000000000002;1.2940234911042323e-06
0.028875;1.2722525458440389e-06
0.02893;1.2515328012554798e-06
0.028985;1.2318029032359614e-06
0.02904;1.2130061331090527e-06
0.029095;1.195089990813768e-06
0.029150000000000002;1.1780058215165474e-06
0.029205000000000002;1.1617084805280226e-06
0.02926;1.1461560320807026e-06
0.029315;1.1313094780939998e-06
0.02937;1.1171325135489012e-06
0.029425;1.103591305515733e-06
0.029480000000000003;1.0906542932459433e-06
0.029535000000000002;1.0782920070526806e-06
0.02959;1.066476903980647e-06
0.029645;1.0551832185007044e-06
0.0297;1.0443868266730767e-06
0.029755;1.034065122401176e-06
0.02981;1.0241969045568008e-06
0.029865000000000003;1.0147622738929627e-06
0.029920000000000002;1.0057425387821779e-06
0.029975;9.971201289231587e-07
0.03003;9.8887851625189e-07
0.030085;9.810021423745298e-07
0.03014;9.734763519120014e-07
0.030195;9.66287331209941e-07
0.030250000000000003;9.594220519236485e-07
0.030305000000000002;9.528682190384235e-07
0.03036;9.466142229291582e-07
0.030415;9.406490951031233e-07
0.03047;9.349624673049444e-07
0.030525;9.295445336937885e-07
0.03058;9.243860158308762e-07
0.030635000000000003;9.194781302405436e-07
0.030690000000000002;9.148125583299991e-07
0.030745;9.103814184736646e-07
0.0308;9.061772400848502e-07
0.030855;9.021929395150957e-07
0.03091;8.984217976343891e-07
0.030965;8.948574389600711e-07
0.031020000000000002;8.914938122128257e-07
0.031075000000000002;8.883251721893958e-07
0.03113;8.853460628511973e-07
0.031185;8.825513015364135e-07
0.03124;8.79935964211317e-07
0.031295;8.774953716834178e-07
0.03135;8.752250767056386e-07
0.031405;8.731208519066804e-07
0.03146;8.711786784877378e-07
0.031515;8.693947356307643e-07
0.03157;8.677653905680502e-07
0.031625;8.662871892665622e-07
0.03168;8.649568476843883e-07
0.031735;8.637712435598649e-07
0.03179;8.627274086971746e-07
0.031845;8.618225217146274e-07
0.0319;8.610539012250326e-07
0.031955000000000004;8.604189994190869e-07
0.032010000000000004;8.599153960256624e-07
0.032065;8.595407926241978e-07
0.03212;8.592930072866924e-07
0.032175;8.591699695280942e-07
0.03223;8.59169715545546e-07
0.032285;8.592903837285758e-07
0.03234;8.59530210423036e-07
0.032395;8.598875259336182e-07
0.03245;8.603607507498385e-07
0.032505;8.609483919825176e-07
0.03256;8.616490399977928e-07
0.032615;8.624613652370631e-07
0.032670000000000005;8.633841152119104e-07
0.032725000000000004;8.644161116638979e-07
0.032780000000000004;8.655562478795749e-07
0.032835;8.668034861518958e-07
0.03289;8.681568553799147e-07
0.032945;8.696154487986549e-07
0.033;8.711784218323673e-07
0.033055;8.728449900640198e-07
0.03311;8.746144273150319e-07
0.033165;8.764860638288358e-07
0.03322;8.784592845536512e-07
0.033275;8.805335275178182e-07
0.03333;8.827082822944918e-07
0.033385;8.849830885498979e-07
0.033440000000000004;8.873575346712934e-07
0.033495000000000004;8.898312564708253e-07
0.03355;8.924039359610871e-07
0.033605;8.950753001993372e-07
0.03366;8.978451201965024e-07
0.033715;9.007132098884176e-07
0.03377;9.036794251658833e-07
0.033825;9.06743662961244e-07
0.03388;9.09905860388325e-07
0.033935;9.131659939341083e-07
0.03399;9.165240786989088e-07
0.034045;9.199801676837739e-07
0.0341;9.235343511224741e-07
0.034155;9.271867558565107e-07
0.034210000000000004;9.309375447512075e-07
0.034265000000000004;9.347869161513501e-07
0.03432;9.387351033745816e-07
0.034375;9.427823742411445e-07
0.03443;9.46929030638835e-07
0.034485;9.51175408121437e-07
0.03454;9.555218755395488e-07
0.034595;9.59968834702855e-07
0.03465;9.645167200724397e-07
0.034705;9.691659984823383e-07
0.03476;9.739171688892068e-07
0.034815;9.787707621492935e-07
0.03487;9.837273408218838e-07
0.034925000000000005;9.88787498998387e-07
0.034980000000000004;9.939518621562274e-07
0.035035000000000004;9.992210870370294e-07
0.03509;1.0045958615482957e-06
0.035145;1.0100769046881265e-06
0.0352;1.0156649664921059e-06
0.035255;1.0213608280022208e-06
0.03531;1.0271653012569878e-06
0.035365;1.033079229302641e-06
0.03542;1.0391034862245934e-06
0.035475;1.0452389771990443e-06
0.03553;1.0514866385644221e-06
0.035585;1.0578474379120267e-06
0.03564;1.0643223741959217e-06
0.035695000000000005;1.0709124778614956e-06
0.035750000000000004;1.0776188109926484e-06
0.035805000000000003;1.0844424674774491e-06
0.03586;1.091384573191643e-06
0.035915;1.0984462862003567e-06
0.03597;1.105628796977554e-06
0.036025;1.11293332864315e-06
0.03608;1.1203611372176924e-06
0.036135;1.1279135118945435e-06
0.03619;1.135591775329389e-06
0.036245;1.1433972839472913e-06
0.0363;1.1513314282667997e-06
0.036355;1.1593956332416128e-06
0.03641;1.1675913586193992e-06
0.036465000000000004;1.1759200993180319e-06
0.036520000000000004;1.1843833858191165e-06
0.036575;1.192982784579076e-06
0.03663;1.2017198984575463e-06
0.036685;1.2105963671635366e-06
0.03674;1.2196138677191822e-06
0.036795;1.228774114941338e-06
0.03685;1.2380788619410556e-06
0.036905;1.2475299006412615e-06
0.03696;1.257129062312657e-06
0.037015;1.2668782181279308e-06
0.03707;1.2767792797349088e-06
0.037125;1.2868341998481967e-06
0.037180000000000005;1.2970449728601748e-06
0.037235000000000004;1.3074136354712095e-06
0.037290000000000004;1.3179422673393818e-06
0.037345;1.328632991750224e-06
0.0374;1.339487976306517e-06
0.037455;1.3505094336384664e-06
0.03751;1.3616996221347055e-06
0.037565;1.3730608466944307e-06
0.03762;1.38459545950096e-06
0.037675;1.3963058608170983e-06
0.03773;1.4081944998026001e-06
0.037785;1.4202638753545209e-06
0.03784;1.432516536970297e-06
0.037895;1.4449550856343658e-06
0.037950000000000005;1.4575821747286558e-06
0.038005000000000004;1.4704005109676342e-06
0.038060000000000004;1.483412855357978e-06
0.038115;1.49662202418358e-06
0.03817;1.5100308900166738e-06
0.038225;1.523642382755147e-06
0.03828;1.537459490686957e-06
0.038335;1.5514852615821186e-06
0.03839;1.5657228038126438e-06
0.038445;1.5801752875014096e-06
0.0385;1.594845945700833e-06
0.038555;1.609738075600528e-06
0.03861;1.6248550397670959e-06
0.038665;1.6402002674143272e-06
0.038720000000000004;1.655777255706125e-06
0.038775000000000004;1.6715895710923134e-06
0.03883;1.6876408506779634e-06
0.038885;1.703934803627541e-06
0.03894;1.7204752126041782e-06
0.038995;1.7372659352454169e-06
0.03905;1.7543109056757976e-06
0.039105;1.7716141360574303e-06
0.03916;1.7891797181800011e-06
0.039215;1.8070118250900653e-06
0.03927;1.8251147127615107e-06
0.039325;1.8434927218081696e-06
0.03938;1.8621502792391058e-06
0.039435000000000005;1.8810919002582516e-06
0.039490000000000004;1.9003221901089726e-06
0.039545000000000004;1.9198458459654367e-06
0.0396;1.9396676588712196e-06
0.039655;1.9597925157269473e-06
0.03971;1.9802254013278774e-06
0.039765;2.000971400453012e-06
0.03982;2.0220357000069306e-06
0.039875;2.0434235912160933e-06
0.03993;2.065140471880012e-06
0.039985;2.087191848680387e-06
0.04004;2.1095833395481954e-06
0.040095;2.1323206760916603e-06
0.04015;2.155409706085384e-06
0.040205000000000005;2.178856396023267e-06
0.040260000000000004;2.202666833737018e-06
0.040315000000000004;2.226847231081237e-06
0.04037;2.251403926687531e-06
0.040425;2.27634338878961e-06
0.04048;2.3016722181207854e-06
0.040535;2.3273971508868147e-06
0.04059;2.3535250618147328e-06
0.040645;2.380062967281777e-06
0.0407;2.407018028524419e-06
0.040755;2.4343975549321786e-06
0.04081;2.4622090074261495e-06
0.040865;2.490460001926472e-06
0.04092;2.5191583129108704e-06
0.040975000000000004;2.5483118770662918e-06
0.041030000000000004;2.57792879703642e-06
0.041085;2.6080173452691883e-06
0.04114;2.638585967964594e-06
0.041195;2.6696432891288266e-06
0.04125;2.701198114734864e-06
0.041305;2.7332594369947457e-06
0.04136;2.7658364387457868e-06
0.041415;2.7989384979548236e-06
0.04147;2.8325751923422797e-06
0.041525;2.866756304132616e-06
0.04158;2.9014918249313717e-06
0.041635;2.936791960735733e-06
0.041690000000000005;2.9726671370802467e-06
0.041745000000000004;3.0091280043232914e-06
0.041800000000000004;3.0461854430773913e-06
0.041855;3.0838505697893356e-06
0.04191;3.122134742472499e-06
0.041965;3.1610495665976524e-06
0.04202;3.200606901146391e-06
0.042075;3.2408188648329334e-06
0.04213;3.2816978424975745e-06
0.042185;3.323256491679776e-06
0.04224;3.3655077493741093e-06
0.042295;3.4084648389763166e-06
0.04235;3.452141277424443e-06
0.042405;3.4965508825409517e-06
0.042460000000000005;3.5417077805842822e-06
0.042515000000000004;3.5876264140126048e-06
0.042570000000000004;3.6343215494707727e-06
0.042625;3.6818082860038966e-06
0.04268;3.730102063507231e-06
0.042735;3.779218671418549e-06
0.04279;3.8291742576616376e-06
0.042845;3.879985337847812e-06
0.0429;3.931668804745482e-06
0.042955;3.984241938024455e-06
0.04301;4.037722414286541e-06
0.043065;4.092128317387708e-06
0.04312;4.1474781490662345e-06
0.043175;4.203790839882742e-06
0.043230000000000005;4.261085760485497e-06
0.043285000000000004;4.319382733209168e-06
0.043340000000000004;4.378702044019547e-06
0.043395;4.439064454815897e-06
0.04345;4.500491216102488e-06
0.043505;4.563004080040447e-06
0.04356;4.626625313895748e-06
0.043615;4.691377713893285e-06
0.04367;4.7572846194939705e-06
0.043725;4.824369928105669e-06
0.04378;4.892658110246954e-06
0.043835;4.962174225175392e-06
0.04389;5.0329439369996105e-06
0.043945000000000005;5.104993531287852e-06
0.044000000000000004;5.178349932195438e-06
0.044055000000000004;5.253040720123711e-06
0.04411;5.3290941499346e-06
0.044165;5.406539169734042e-06
0.04422;5.4854054402497725e-06
0.044275;5.565723354822091e-06
0.04433;5.647524060028982e-06
0.044385;5.730839476968649e-06
0.04444;5.815702323223262e-06
0.044495;5.902146135528418e-06
0.04455;5.990205293173389e-06
0.044605;6.079915042156821e-06
0.04466;6.171311520130758e-06
0.044715000000000005;6.264431782153473e-06
0.044770000000000004;6.359313827289447e-06
0.044825000000000004;6.455996626081083e-06
0.04488;6.554520148926121e-06
0.044935;6.654925395396656e-06
0.04499;6.7572544245324995e-06
0.045045;6.861550386143246e-06
0.0451;6.967857553163665e-06
0.045155;7.076221355092425e-06
0.04521;7.186688412564626e-06
0.045265;7.299306573095391e-06
0.04532;7.414124948038756e-06
0.045375;7.531193950812822e-06
0.04543;7.650565336436393e-06
0.045485000000000005;7.77229224242666e-06
0.045540000000000004;7.89642923111524e-06
0.045595000000000004;8.0230323334339e-06
0.04565;8.152159094226277e-06
0.045705;8.283868619152863e-06
0.04576;8.418221623241419e-06
0.045815;8.555280481156327e-06
0.04587;8.695109279252589e-06
0.045925;8.837773869484951e-06
0.04598;8.983341925245786e-06
0.046035;9.131882999213594e-06
0.04609;9.283468583290245e-06
0.046145;9.438172170702198e-06
0.046200000000000005;9.596069320393451e-06
0.046255000000000004;9.757237723734427e-06
0.046310000000000004;9.921757273714353e-06
0.046365;1.008971013667621e-05
0.04642;1.0261180826712604e-05
0.046475;1.0436256282836348e-05
0.04653;1.06150259490366e-05
0.046585;1.0797581857347946e-05
0.04664;1.0984018714054685e-05
0.046695;1.1174433989167115e-05
0.04675;1.1368928009310519e-05
0.046805;1.1567604054171659e-05
0.04686;1.1770568456655118e-05
0.046915;1.1977930706913865e-05
0.046970000000000005;1.2189803560423416e-05
0.047025000000000004;1.240630315027225e-05
0.047080000000000004;1.2627549103857445e-05
0.047135;1.2853664664182395e-05
0.04719;1.3084776815956035e-05
0.047245;1.3321016416714318e-05
0.0473;1.3562518333186248e-05
0.047355;1.3809421583137611e-05
0.04741;1.4061869482953069e-05
0.047465;1.4320009801206654e-05
0.04752;1.4583994918496089e-05
0.047575;1.4853981993841282e-05
0.04763;1.5130133137935995e-05
0.047685000000000005;1.5412615593586937e-05
0.047740000000000005;1.5701601923660174e-05
0.047795000000000004;1.599727020690415e-05
0.047850000000000004;1.6299804242015995e-05
0.047905;1.6609393760340943e-05
0.04796;1.692623464762034e-05
0.048015;1.7250529175225177e-05
0.04807;1.758248624133311e-05
0.048125;1.7922321622531324e-05
0.04818;1.8270258236359833e-05
0.048235;1.8626526415326305e-05
0.04829;1.8991364192962715e-05
0.048345;1.9365017602533548e-05
0.0484;1.974774098901147e-05
0.048455000000000005;2.013979733499507e-05
0.048510000000000005;2.054145860128511e-05
0.048565000000000004;2.095300608284683e-05
0.048620000000000003;2.137473078096455e-05
0.048675;2.18069337924054e-05
0.04873;2.2249926716489425e-05
0.048785;2.270403208099246e-05
0.04884;2.3169583787867438e-05
0.048895;2.3646927579833872e-05
0.04895;2.413642152894355e-05
0.049005;2.4638436548290596e-05
0.04906;2.5153356928125258e-05
0.049115;2.5681580897667256e-05
0.04917;2.62235212140354e-05
0.049225000000000005;2.677960577978098e-05
0.049280000000000004;2.735027829058749e-05
0.049335000000000004;2.7935998914812486e-05
0.04939;2.8537245006664948e-05
0.049445;2.915451185489027e-05
0.0495;2.978831346898166e-05
0.049555;3.043918340503804e-05
0.04961;3.1107675633578786e-05
0.049665;3.17943654516775e-05
0.04972;3.249985044205652e-05
0.049775;3.322475148182657e-05
0.04983;3.396971380383074e-05
0.049885;3.4735408113710685e-05
0.049940000000000005;3.5522531766006896e-05
0.049995000000000005;3.633181000283629e-05
0.050050000000000004;3.7163997258973944e-05
0.050105000000000004;3.8019878537332634e-05
0.05016;3.8900270859216156e-05
0.050215;3.980602479393055e-05
0.05027;4.073802607271158e-05
0.050325;4.1697197292275525e-05
0.05038;4.2684499713637745e-05
0.050435;4.370093516226274e-05
0.05049;4.4747548036082326e-05
0.050545;4.582542742831242e-05
0.0506;4.693570937259253e-05
0.050655;4.807957921842008e-05
0.050710000000000005;4.9258274145579144e-05
0.050765000000000005;5.047308582674546e-05
0.050820000000000004;5.1725363248316765e-05
0.050875000000000004;5.301651570008962e-05
0.05093;5.434801594539981e-05
0.050985;5.572140358410609e-05
0.05104;5.7138288621788505e-05
0.051095;5.8600355259656424e-05
0.05115;6.010936592065349e-05
0.051205;6.16671655286209e-05
0.05126;6.32756860586922e-05
0.051315;6.493695137848198e-05
0.05137;6.665308240136241e-05
0.051425;6.842630257477632e-05
0.051480000000000005;7.025894372847313e-05
0.051535000000000004;7.21534523096647e-05
0.051590000000000004;7.411239603429895e-05
0.051645;7.613847098627327e-05
0.0517;7.823450919903053e-05
0.051755;8.040348675703436e-05
0.05181;8.264853245786973e-05
0.051865;8.497293707941848e-05
0.05192;8.738016330036232e-05
0.051975;8.987385632689886e-05
0.05203;9.245785528292134e-05
0.052085;9.513620542683165e-05
0.05214;9.791317126333564e-05
0.052195000000000005;0.00010079325062557204
0.052250000000000005;0.00010378118980963963
0.052305000000000004;0.00010688199985172723
0.052360000000000004;0.00011010097404677127
0.052415;0.00011344370681698755
0.05247;0.00011691611404967775
0.052525;0.00012052445503550941
0.05258;0.00012427535615153884
0.052635;0.00012817583644844833
0.05269;0.00013223333531737355
0.052745;0.00013645574243044094
0.0528;0.00014085143016958593
0.052855;0.00014542928878091572
0.05291;0.0001501987645177083
0.052965000000000005;0.00015516990106408172
0.053020000000000005;0.00016035338456324847
0.053075000000000004;0.00016576059261110828
0.053130000000000004;0.0001714036476162907
0.053185;0.00017729547497420973
0.05324;0.00018344986655471993
0.053295;0.00018988155006138837
0.05335;0.00019660626488734613
0.053405;0.00020364084516806303
0.05346;0.00021100331081704547
0.053515;0.00021871296742795163
0.05357;0.0002267905160377577
0.053625;0.0002352581738725165
0.05368;0.00024413980734174696
0.053735000000000005;0.00025346107871423215
0.053790000000000004;0.00026324960809752835
0.053845000000000004;0.00027353515256328106
0.0539;0.00028434980451223687
0.053955;0.0002957282116636095
0.05401;0.000307707821390678
0.054065;0.00032032915251364874
0.05412;0.00033363609811438706
0.054175;0.0003476762634648596
0.05423;0.00036250134377530016
0.054285;0.00037816754718839995
0.05434;0.00039473606928884915
0.054395;0.0004122736263872592
0.054450000000000005;0.00043085305600725746
0.054505000000000005;0.00045055399438166346
0.054560000000000004;0.00047146364240043724
0.054615000000000004;0.0004936776333932638
0.05467;0.0005173010184457236
0.054725;0.0005424493877131427
0.05478;0.0005692501495162618
0.054835;0.0005978439929941296
0.05489;0.0006283865649111742
0.054945;0.0006610503970553406
0.055;0.0006960271277711994
0.055055;0.0007335300698422685
0.05511;0.0007737971875729565
0.055165;0.000817094559005632
0.055220000000000005;0.0008637204153923482
0.055275000000000005;0.0009140098701368175
0.055330000000000004;0.0009683404744998717
0.055385000000000004;0.0010271387688111117
0.05544;0.0010908880375767281
0.055495;0.0011601375271147664
0.05555;0.0012355134484053792
0.055605;0.0013177321699638198
0.05566;0.0014076161115267637
0.055715;0.0015061129869930944
0.05577;0.001614319225104685
0.055825;0.0017335086335765583
0.05588;0.0018651676873813411
0.055935;0.0020110392435812186
0.055990000000000005;0.0021731770545617484
0.056045000000000005;0.00235401422763946
0.056100000000000004;0.002556449847209737
0.056155000000000004;0.0027839594611848554
0.05621;0.003040737222736718
0.056265;0.0033318804517553
0.05632;0.0036636316666618348
0.056375;0.004043699401288305
0.05643;0.004481688412770924
0.056485;0.004989683890129332
0.05654;0.0055830557491030955
0.056595;0.0062815826617472256
0.05665;0.007111049014613113
0.056705000000000005;0.008105555365467382
0.056760000000000005;0.009310929138679787
0.056815000000000004;0.010789873634796773
0.056870000000000004;0.012629938976906396
0.056925;0.014956215787007282
0.05698;0.017952209449271707
0.057035;0.021895450110752945
0.05709;0.027220862160935215
0.057145;0.03463919432326139
0.0572;0.04537136213205292
0.057255;0.06164411890879426
0.05731;0.08782216018155356
0.057365;0.13321836016516603
0.05742;0.219552582402592
0.057475000000000005;0.39921309648611863
0.057530000000000005;0.7512606322590263
0.057585000000000004;0.9924026373459479
0.057640000000000004;0.662481361310746
0.057695;0.3556364836485634
0.05775;0.20447664928843473
0.057805;0.12950603803275998
0.05786;0.08863859578045072
0.057915;0.06431749058586739
0.05797;0.04878681361615877
0.058025;0.038302481063928084
0.05808;0.03090431863924612
0.058135;0.025493410325474787
0.05819;0.021417590754871072
0.058245000000000005;0.018270982379728056
0.058300000000000005;0.015790664439159684
0.058355000000000004;0.0138004161034031
0.058410000000000004;0.012178614906363015
0.058465;0.010839159458864602
0.05852;0.009719724143511814
0.058575;0.008774300129484205
0.05863;0.007968326949388219
0.058685;0.007275436621798003
0.05874;0.0066752282899871195
0.058795;0.006151717148113111
0.05885;0.0056922340539970985
0.058905;0.0052866322380866115
0.058960000000000005;0.004926706968783352
0.059015000000000005;0.004605765277974718
0.059070000000000004;0.0043183029921766685
0.059125000000000004;0.004059759540867475
0.05918;0.003826329847549422
0.059235;0.003614818602494767
0.05929;0.0034225263418962916
0.059345;0.0032471596367338036
0.0594;0.0030867597284401052
0.059455;0.0029396454022506506
0.05951;0.0028043669398116716
0.059565;0.0026796687597473124
0.05962;0.0025644589204681777
0.059675;0.002457784080210947
0.059730000000000005;0.0023588088250082622
0.059785000000000005;0.0022667985140508045
0.059840000000000004;0.0021811049739075853
0.059895000000000004;0.0021011545127866656
0.05995;0.0020264378340157196
0.060005;0.0019565015119572125
0.06006;0.0018909407593518843
0.060115;0.0018293932668853514
0.06017;0.001771533936803839
0.060225;0.0017170703650605456
0.06028;0.0016657389526190632
0.060335;0.0016173015475585927
0.06039;0.0015715425366097794
0.060445;0.0015282663185364452
0.060500000000000005;0.0014872951030146366
0.060555000000000005;0.0014484669878544764
0.060610000000000004;0.0014116342749726923
0.060665000000000004;0.0013766619917511159
0.06072;0.0013434265895850028
0.060775;0.0013118147957075883
0.06083;0.0012817225979545354
0.060885;0.0012530543451233793
0.06094;0.0012257219480900034
0.060995;0.001199644168958273
0.06105;0.0011747459872993096
0.061105;0.0011509580340484235
0.06116;0.0011282160849067336
0.061215000000000006;0.0011064606061874443
0.061270000000000005;0.0010856363469741222
0.061325000000000005;0.0010656919722574897
0.061380000000000004;0.0010465797323982128
0.061435000000000003;0.0010282551648511786
0.06149;0.00101067682459041
0.061545;0.000993806040113931
0.0616;0.0009776066922817068
0.061655;0.0009620450135706456
0.06171;0.0009470894056137914
0.061765;0.0009327102731384851
0.06182;0.0009188798726359214
0.061875;0.0009055721742821905
0.06193;0.0008927627357965729
0.061985000000000005;0.0008804285870687239
0.062040000000000005;0.0008685481245126026
0.062095000000000004;0.0008571010142189863
0.062150000000000004;0.0008460681030752042
0.062205;0.0008354313371097831
0.06226;0.0008251736863959587
0.062315;0.0008152790759172102
0.06237;0.0008057323218573126
0.062425;0.00079651907283301
0.06248;0.0007876257556336984
0.06253500000000001;0.0007790395250764957
0.06259;0.0007707482176223468
0.062645;0.0007627403084329797
0.0627;0.0007550048715792725
0.062755;0.0007475315431383007
0.06281;0.0007403104869413901
0.062865;0.0007333323627566097
0.06292;0.0007265882967093626
0.062975;0.0007200698537627012
0.06303;0.0007137690120938658
0.063085;0.0007076781392192792
0.06314;0.0007017899697322137
0.063195;0.000696097584529368
0.06325;0.0006905943914136464
0.063305;0.0006852741069690581
0.06336;0.0006801307396134625
0.063415;0.0006751585737419625
0.06347;0.0006703521548814294
0.063525;0.0006657062757826278
0.06358;0.0006612159633831247
0.063635;0.0006568764665787367
0.06369;0.0006526832447467188
0.063745;0.0006486319569681975
0.0638;0.0006447184519015645
0.06385500000000001;0.0006409387582621102
0.06391000000000001;0.0006372890758667273
0.06396500000000001;0.0006337657672056693
0.06402000000000001;0.0006303653495062972
0.06407500000000001;0.0006270844872557869
0.06413;0.0006239199851533873
0.064185;0.0006208687814638204
0.06424;0.0006179279417456899
0.064295;0.0006150946529318064
0.06435;0.0006123662177382818
0.064405;0.000609740049381883
0.06446;0.0006072136665867682
0.064515;0.0006047846888623096
0.06457;0.000602450832035525
0.064625;0.000600209904022633
0.06468;0.0005980598008252079
0.064735;0.0005959985027375964
0.06479;0.000594024070752934
0.064845;0.0005921346431560706
0.0649;0.0005903284322925565
0.064955;0.0005886037215032713
0.06501;0.0005869588622155438
0.065065;0.0005853922711812428
0.06512;0.0005839024278541141
0.065175;0.0005824878718980416
0.06523;0.0005811472008193068
0.065285;0.0005798790677156416
0.06534000000000001;0.0005786821791359242
0.06539500000000001;0.0005775552930442545
0.06545000000000001;0.0005764972168830648
0.06550500000000001;0.0005755068057295377
0.06556000000000001;0.0005745829605407078
0.065615;0.0005737246264823745
0.06567;0.0005729307913375029
0.065725;0.0005722004839899303
0.06578;0.0005715327729793902
0.065835;0.0005709267651245521
0.06589;0.0005703816042100519
0.065945;0.0005698964697348627
0.066;0.0005694705757184498
0.066055;0.0005691031695621699
0.06611;0.0005687935309630188
0.066165;0.0005685409708772166
0.06622;0.0005683448305312146
0.066275;0.0005682044804777588
0.06633;0.0005681193196950473
0.066385;0.0005680887747266563
0.06644;0.0005681122988606459
0.066495;0.0005681893713457102
0.06655;0.0005683194966428841
0.066605;0.0005685022037110433
0.06666;0.0005687370453247253
0.066715;0.0005690235974228196
0.06677;0.0005693614584867042
0.066825;0.000569750248946568
0.06688000000000001;0.0005701896106146497
0.06693500000000001;0.0005706792061442653
0.06699000000000001;0.0005712187185135199
0.06704500000000001;0.0005718078505325564
0.0671;0.000572446324373531
0.067155;0.0005731338811222217
0.06721;0.0005738702803504686
0.067265;0.0005746552997086074
0.06732;0.0005754887345371728
0.067375;0.0005763703974971804
0.06743;0.000577300118218447
0.067485;0.0005782777429657944
0.06754;0.0005793031343233606
0.067595;0.0005803761708990174
0.06765;0.0005814967470553551
0.067705;0.0005826647726889584
0.06776;0.0005838801731469389
0.067815;0.0005851428897517803
0.06787;0.000586452885139692
0.067925;0.0005878103101452435
0.06798;0.0005892146717303313
0.068035;0.0005906661997792504
0.06809;0.0005921650753804541
0.068145;0.0005937112141033279
0.0682;0.0005953046479255985
0.068255;0.0005969454275117978
0.06831;0.0005986336176784007
0.06836500000000001;0.0006003692966015202
0.06842000000000001;0.0006021525555349142
0.06847500000000001;0.0006039834986451439
0.06853000000000001;0.0006058622428863319
0.06858500000000001;0.0006077889178941005
0.06864;0.00060976366589197
0.068695;0.0006117866416078046
0.06875;0.0006138580121990232
0.068805;0.0006159779571860952
0.06886;0.0006181466683938258
0.068915;0.0006203643499001631
0.06897;0.0006226312179924662
0.069025;0.0006249475011308565
0.06908;0.0006273134399185852
0.069135;0.0006297292870792881
0.06919;0.0006321953074409686
0.069245;0.0006347117779265858
0.0693;0.0006372789875510917
0.069355;0.000639897237424993
0.06941;0.0006425668407640479
0.069465;0.0006452881229053337
0.06952;0.0006480614213292777
0.069575;0.0006508870856878917
0.06963;0.0006537654778388962
0.069685;0.0006566969718858163
0.06974;0.0006596819542238995
0.069795;0.0006627208235918983
0.06985000000000001;0.0006658139911295654
0.06990500000000001;0.0006689618804409578
0.06996000000000001;0.0006721649276634058
0.07001500000000001;0.0006754235815420514
0.07007000000000001;0.0006787383035102417
0.070125;0.0006821095677753237
0.07018;0.0006855378614102487
0.070235;0.000689023684450603
0.07029;0.0006925675499974222
0.070345;0.0006961699843253844
0.0704;0.0006998315269968356
0.070455;0.000703552730981261
0.07051;0.0007073341627804654
0.070565;0.0007111764025594525
0.07062;0.0007150800442826425
0.070675;0.000719045695856337
0.07073;0.000723073979276469
0.070785;0.0007271655307821732
0.07084;0.000731321001015345
0.070895;0.0007355410551858453
0.07095;0.0007398263732426745
0.071005;0.000744177650051074
0.07106;0.0007485955955756043
0.071115;0.0007530809350692669
0.07117;0.0007576344092687918
0.071225;0.0007622567745960136
0.07128;0.000766948803365598
0.071335;0.0007717112839989857
0.07139000000000001;0.0007765450212448557
0.07144500000000001;0.0007814508364059595
0.07150000000000001;0.0007864295675726419
0.07155500000000001;0.0007914820698629581
0.07161000000000001;0.000796609215669483
0.071665;0.0008018118949133856
0.07172;0.0008070910153045761
0.071775;0.0008124475026100531
0.07183;0.0008178823009286461
0.071885;0.0008233963729733011
0.07194;0.0008289907003608837
0.071995;0.0008346662839093435
0.07205;0.0008404241439427107
0.072105;0.0008462653206039314
0.07216;0.000852190874175527
0.072215;0.0008582018854084008
0.07227;0.0008642994558590532
0.072325;0.0008704847082349341
0.07238;0.0008767587867487286
0.072435;0.0008831228574808766
0.07249;0.0008895781087516179
0.072545;0.0008961257515015439
0.0726;0.0009027670196818125
0.072655;0.000909503170653654
0.07271;0.0009163354855974697
0.072765;0.0009232652699320094
0.07282;0.0009302938537433291
0.07287500000000001;0.0009374225922241177
0.07293000000000001;0.0009446528661236653
0.07298500000000001;0.0009519860822082579
0.07304000000000001;0.000959423673732698
0.07309500000000001;0.0009669671009230321
0.07315;0.0009746178514704856
0.073205;0.0009823774410373325
0.07326;0.0009902474137744954
0.073315;0.0009982293428515215
0.07337;0.0010063248309988106
0.073425;0.0010145355110629094
0.07348;0.0010228630465745434
0.073535;0.0010313091323301679
0.07359;0.001039875494987186
0.073645;0.0010485638936730652
0.0737;0.0010573761206087815
0.073755;0.001066314001746954
0.07381;0.0010753793974248073
0.073865;0.0010845742030326827
0.07392;0.001093900349698089
0.073975;0.0011033598049857817
0.07403;0.0011129545736145202
0.074085;0.0011226866981904828
0.07414;0.0011325582599579621
0.074195;0.0011425713795678492
0.07425;0.0011527282178641375
0.074305;0.0011630309766889934
0.07436000000000001;0.0011734818997068547
0.07441500000000001;0.001184083273248032
0.07447000000000001;0.001194837427172106
0.07452500000000001;0.001205746735752241
0.07458000000000001;0.0012168136185796037
0.074635;0.0012280405414904674
0.07469;0.0012394300175141702
0.074745;0.001250984607844355
0.0748;0.0012627069228332598
0.074855;0.0012745996230096417
0.07491;0.001286665420120996
0.074965;0.0012989070782009956
0.07502;0.0013113274146622595
0.075075;0.0013239293014155728
0.07513;0.0013367156660160351
0.075185;0.0013496894928366563
0.07524;0.0013628538242706023
0.075295;0.0013762117619623814
0.07535;0.0013897664680687781
0.075405;0.0014035211665506277
0.07546;0.0014174791444959399
0.075515;0.0014316437534752445
0.07557;0.0014460184109301509
0.075625;0.0014606066015956922
0.07568;0.0014754118789575199
0.075735;0.0014904378667471123
0.07579;0.0015056882604673936
0.07584500000000001;0.0015211668289650067
0.07590000000000001;0.0015368774160345324
0.07595500000000001;0.001552823942065376
0.07601000000000001;0.0015690104057289743
0.07606500000000001;0.0015854408857080243
0.07612000000000001;0.001602119542469039
0.076175;0.0016190506200788341
0.07623;0.0016362384480671489
0.076285;0.0016536874433352251
0.07634;0.0016714021121132887
0.076395;0.0016893870519668673
0.07645;0.0017076469538539686
0.076505;0.0017261866042346532
0.07656;0.001745010887233803
0.076615;0.0017641247868591236
0.07667;0.0017835333892762244
0.076725;0.001803241885141142
0.07678;0.0018232555719932798
0.076835;0.001843579856709483
0.07689;0.0018642202580218966
0.076945;0.0018851824091001704
0.077;0.0019064720602013914
0.077055;0.0019280950813879683
0.07711;0.0019500574653169294
0.077165;0.001972365330101654
0.07722;0.0019950249222486804
0.077275;0.0020180426196713236
0.07733;0.0020414249347828835
0.07738500000000001;0.0020651785176708393
0.07744000000000001;0.0020893101593556307
0.07749500000000001;0.0021138267951351752
0.07755000000000001;0.0021387355080186884
0.07760500000000001;0.002164043532251678
0.07766;0.00218975825693507
0.077715;0.002215887229741579
0.07777;0.0022424381607314015
0.077825;0.0022694189262710057
0.07788;0.0022968375730572327
0.077935;0.002324702322250425
0.07799;0.002353021573720492
0.078045;0.002381803910407247
0.0781;0.0024110581027999164
0.078155;0.0024407931135403136
0.07821;0.0024710181021508895
0.078265;0.0025017424298930955
0.07832;0.0025329756647606556
0.078375;0.002564727586609648
0.07843;0.002597008192431454
0.078485;0.00262982770177235
0.07854;0.0026631965623038823
0.078595;0.002697125455549341
0.07865;0.002731625302770405
0.078705;0.0027667072710195785
0.07876;0.002802382779362861
0.078815;0.0028386635052790135
0.07887000000000001;0.0028755613912396037
0.07892500000000001;0.002913088651476294
0.07898000000000001;0.002951257778941191
0.07903500000000001;0.0029900815524662914
0.07909000000000001;0.003029573044127775
0.07914500000000001;0.0030697456268230076
0.0792;0.0031106129820645248
0.079255;0.003152189108001377
0.07931;0.0031944883276711434
0.079365;0.003237525297493827
0.07942;0.003281315016012119
0.079475;0.0033258728328883413
0.07953;0.0033712144581650736
0.079585;0.0034173559717979793
0.07964;0.0034643138334708927
0.079695;0.0035121048927009386
0.07975;0.0035607463992431724
0.079805;0.0036102560138065918
0.07986;0.0036606518190888853
0.079915;0.0037119523311420943
0.07997;0.003764176511080466
0.080025;0.0038173437771402675
0.08008;0.0038714740171047874
0.080135;0.003926587601106039
0.08019;0.003982705394815162
0.080245;0.004039848773036913
0.0803;0.004098039633717544
0.08035500000000001;0.004157300412385058
0.08041000000000001;0.0042176540970329185
0.08046500000000001;0.004279124243463223
0.08052000000000001;0.0043417349911056965
0.08057500000000001;0.004405511079327821
0.08063000000000001;0.0044704778642540525
0.080685;0.004536661336109474
0.08074;0.004604088137108714
0.080795;0.004672785579907554
0.08085;0.004742781666635796
0.080905;0.004814105108534006
0.08096;0.004886785346212536
0.081015;0.004960852570557206
0.08107;0.005036337744302391
0.081125;0.005113272624295481
0.08118;0.005191689784478182
0.081235;0.005271622639607937
0.08129;0.005353105469749001
0.081345;0.0054361734455573235
0.0814;0.005520862654388334
0.081455;0.005607210127260221
0.08151;0.00569525386669886
0.081565;0.005785032875499754
0.08162;0.005876587186438515
0.081675;0.005969957892964263
0.08173;0.006065187180913263
0.081785;0.006162318361279206
0.08184;0.006261395904076531
0.08189500000000001;0.006362465473342492
0.08195000000000001;0.006465573963314296
0.08200500000000001;0.006570769535828761
0.08206000000000001;0.00667810165898707
0.08211500000000001;0.006787621147134738
0.08217;0.006899380202202264
0.082225;0.007013432456460889
0.08228;0.007129833016745755
0.082335;0.007248638510200196
0.08239;0.007369907131598654
0.082445;0.007493698692313642
0.0825;0.007620074670980065
0.082555;0.007749098265929586
0.08261;0.007880834449460365
0.082665;0.008015350024009328
0.08272;0.008152713680307415
0.082775;0.008292996057587262
0.08283;0.008436269805926907
0.082885;0.008582609650811758
0.08294;0.008732092460003896
0.082995;0.008884797312801321
0.08305;0.009040805571791608
0.083105;0.009200200957189864
0.08316;0.009363069623867121
0.083215;0.0095295002411738
0.08327;0.009699584075674257
0.083325;0.009873415076897683
0.08338000000000001;0.010051089966239808
0.08343500000000001;0.010232708329131585
0.08349000000000001;0.010418372710608748
0.08354500000000001;0.010608188714424722
0.08360000000000001;0.010802265105839771
0.08365500000000001;0.011000713918247702
0.08371;0.011203650563787207
0.083765;0.011411193948103814
0.08382;0.01162346658943444
0.083875;0.011840594742187838
0.08393;0.012062708525208934
0.083985;0.012289942054921144
0.08404;0.012522433583545718
0.084095;0.012760325642610822
0.08415;0.013003765191970036
0.084205;0.01325290377456224
0.08426;0.013507897677151102
0.084315;0.013768908097292408
0.08437;0.014036101316800519
0.084425;0.014309648881975756
0.08448;0.014589727790891812
0.084535;0.014876520688027688
0.08459;0.015170216066571856
0.084645;0.015471008478716125
0.0847;0.015779098754277507
0.084755;0.016094694228015273
0.08481;0.01641800897600812
0.08486500000000001;0.016749264061481785
0.08492000000000001;0.01708868779049598
0.08497500000000001;0.017436515977917004
0.08503000000000001;0.017792992224116407
0.08508500000000001;0.018158368202865746
0.08514000000000001;0.018532903960907895
0.085195;0.01891686822972301
0.08525;0.019310538749999308
0.085305;0.019714202609390784
0.08536;0.0201281565941172
0.085415;0.02055270755502601
0.08547;0.020988172788745145
0.085525;0.021434880434585014
0.08558;0.021893169887887205
0.085635;0.022363392230540097
0.08569;0.02284591067940305
0.085745;0.02334110105345529
0.0858;0.02384935226044947
0.085855;0.024371066803982915
0.08591;0.024906661311824018
0.085965;0.02545656708647985
0.08602;0.02602123067894961
0.086075;0.026601114486696963
0.08613;0.027196697376894615
0.086185;0.027808475336068117
0.08624;0.028436962147254163
0.086295;0.029082690095931965
0.08635;0.02974621070591649
0.08640500000000001;0.030428095506588156
0.08646000000000001;0.03112893683274334
0.08651500000000001;0.03184934865853364
0.08657000000000001;0.03258996746694756
0.08662500000000001;0.03335145315633515
0.08668000000000001;0.034134489985518705
0.086735;0.03493978755939421
0.08679;0.03576808185621348
0.086845;0.03662013629884221
0.0869;0.03749674287149875
0.086955;0.03839872328394655
0.08701;0.03932693018508845
0.087065;0.04028224842794985
0.08712;0.04126559638813783
0.087175;0.042277927337851594
0.08723;0.04332023087765675
0.087285;0.0443935344282456
0.08734;0.0454989047844268
0.087395;0.046637449733686616
0.08745;0.04781031974166724
0.087505;0.04901870970693649
0.08756;0.050263860787477084
0.087615;0.05154706230126078
0.08767;0.05286965370337665
0.087725;0.05423302664207764
0.08778;0.05563862709612453
0.087835;0.05708795759574554
0.08789000000000001;0.05858257952945718
0.08794500000000001;0.06012411553889321
0.08800000000000001;0.06171425200369145
0.08805500000000001;0.06335474161826189
0.08811000000000001;0.06504740606217564
0.08816500000000001;0.06679413876553866
0.08822;0.06859690777059166
0.088275;0.07045775869025095
0.08833;0.07237881776411381
0.088385;0.07436229501178848
0.08844;0.07641048748300637
0.088495;0.07852578260324952
0.08855;0.08071066161295667
0.088605;0.08296770309745584
0.08866;0.08529958660394388
0.088715;0.0877090963405103
0.08877;0.09019912495121965
0.088825;0.09277267735954968
0.08888;0.09543287467118576
0.088935;0.09818295812503673
0.08899;0.10102629307953269
0.089045;0.10396637301879538
0.0891;0.10700682356076384
0.089155;0.1101514064464192
0.08921;0.11340402348606048
0.089265;0.11676872043480441
0.08932;0.12024969076577548
0.08937500000000001;0.1238512793046292
0.08943000000000001;0.12757798568430895
0.08948500000000001;0.13143446757354152
0.08954000000000001;0.13542554362620793
0.08959500000000001;0.1395561960926621
0.08965000000000001;0.14383157302610694
0.08970500000000001;0.14825699000982398
0.08976;0.15283793132203385
0.089815;0.15758005044576015
0.08987;0.1624891698210376
0.089925;0.16757127972559244
0.08998;0.1728325361585355
0.090035;0.17827925758875096
0.09009;0.1839179204163646
0.090145;0.18975515298147855
0.0902;0.19579772793934785
0.090255;0.20205255280592968
0.09031;0.20852665846138307
0.090365;0.21522718538300747
0.09042;0.2221613673628934
0.090475;0.22933651244878347
0.09053;0.2367599808316182
0.090585;0.24443915938809252
0.09064;0.2523814325733598
0.090695;0.2605941493482164
0.09075;0.26908458581618916
0.090805;0.2778599032418842
0.09086;0.28692710112165054
0.09091500000000001;0.2962929649833172
0.09097000000000001;0.3059640086046179
0.09102500000000001;0.3159464103610664
0.09108000000000001;0.3262459434448717
0.09113500000000001;0.3368678997394437
0.09119000000000001;0.3478170071889912
0.091245;0.35909734057465903
0.0913;0.37071222569500933
0.091355;0.3826641370555564
0.09141;0.3949545892977711
0.091465;0.4075840227451901
0.09152;0.42055168361463025
0.091575;0.43385549963201525
0.09163;0.4474919520077144
0.091685;0.46145594496199616
0.09174;0.47574067424602046
0.091795;0.4903374963743946
0.09185;0.5052358005663606
0.091905;0.5204228856767847
0.09196;0.5358838446798202
0.092015;0.5516014595334814
0.09207;0.5675561094925289
0.092125;0.5837256961383798
0.09218;0.6000855885384391
0.092235;0.6166085920232539
0.09229;0.6332649440563831
0.092345;0.6500223405596419
0.09240000000000001;0.6668459958241029
0.09245500000000001;0.6836987387793486
0.09251000000000001;0.7005411478984652
0.09256500000000001;0.717331726380308
0.09262000000000001;0.7340271184808215
0.09267500000000001;0.7505823669650294
0.09273;0.7669512106441039
0.092785;0.78308641986821
0.09284;0.7989401667022833
0.092895;0.8144644253571279
0.09295;0.8296113973261806
0.093005;0.8443339546422024
0.09306;0.8585860937647593
0.093115;0.8723233918885327
0.09317;0.885503456968439
0.093225;0.8980863625239319
0.09328;0.9100350583377412
0.093335;0.9213157485150661
0.09339;0.931898229012974
0.093445;0.9417561776708574
0.0935;0.9508673909368305
0.093555;0.959213962846694
0.09361;0.9667824033173791
0.093665;0.9735636943995378
0.09372;0.9795532847333999
0.093775;0.9847510239980866
0.09383;0.9891610405805813
0.09388500000000001;0.9927915669627804
0.09394000000000001;0.9956547183913087
0.09399500000000001;0.9977662312270745
0.09405000000000001;0.9991451679516012
0.09410500000000001;0.9998135961336346
0.09416000000000001;0.9997962487396641
0.09421500000000001;0.9991201730254743
0.09427;0.9978143748999815
0.094325;0.995909465140314
0.09438;0.99343731319514
0.094435;0.9904307135791356
0.09449;0.9869230690718189
0.094545;0.9829480941230119
0.0946;0.9785395410641551
0.094655;0.9737309509564549
0.09471;0.9685554301908548
0.094765;0.9630454533092415
0.09482;0.9572326919473607
0.094875;0.9511478693158922
0.09493;0.9448206392362584
0.094985;0.9382794884307621
0.09504;0.9315516605280831
0.095095;0.9246631000784955
0.09515;0.9176384147698401
0.095205;0.9105008539891417
0.09526;0.9032723018736707
0.095315;0.8959732830353155
0.09537000000000001;0.8886229792105197
0.09542500000000001;0.8812392551817703
0.09548000000000001;0.8738386924257067
0.09553500000000001;0.8664366290640285
0.09559000000000001;0.8590472048200599
0.09564500000000001;0.8516834098127556
0.09570000000000001;0.8443571361477618
0.095755;0.837079231389112
0.09581;0.8298595531128833
0.095865;0.8227070238559426
0.09592;0.8156296858750677
0.095975;0.808634755226806
0.09603;0.8017286747635017
0.096085;0.7949171657179998
0.09614;0.7882052776179982
0.096195;0.7815974363306719
0.09625;0.7750974900911587
0.096305;0.7687087534136842
0.09636;0.7624340488228627
0.096415;0.7562757463757331
0.09647;0.7502358009725028
0.096525;0.7443157874768314
0.09658;0.7385169336850215
0.096635;0.7328401511982778
0.09669;0.7272860642638014
0.096745;0.7218550366593084
0.0968;0.716547196702062
0.096855;0.7113624604678632
0.09691000000000001;0.7063005533078857
0.09696500000000001;0.7013610297529248
0.09702000000000001;0.6965432918943486
0.09707500000000001;0.6918466063301899
0.09713000000000001;0.6872701197634102
0.09718500000000001;0.6828128733365403
0.09724000000000001;0.6784738157849441
0.097295;0.6742518154869239
0.09735;0.6701456714864296
0.097405;0.6661541235599556
0.09746;0.6622758613959496
0.097515;0.6585095329513396
0.09757;0.6548537520461343
0.097625;0.6513071052534055
0.09768;0.64786815813869
0.097735;0.6445354608990688
0.09779;0.6413075534493679
0.097845;0.6381829699992742
0.0979;0.6351602431625702
0.097955;0.632237907636601
0.09801;0.6294145034873935
0.098065;0.6266885790733545
0.09812;0.6240586936379864
0.098175;0.6215234195998098
0.09823;0.6190813445655724
0.098285;0.6167310730907611
0.09834;0.6144712282096413
0.09839500000000001;0.6123004527552717
0.09845000000000001;0.6102174104882782
0.09850500000000001;0.6082207870518342
0.09856000000000001;0.6063092907685564
0.09861500000000001;0.6044816532942019
0.09867000000000001;0.602736630141372
0.09872500000000001;0.6010730010856392
0.09878;0.5994895704653631
0.098835;0.597985167385482
0.09889;0.5965586458347845
0.098945;0.5952088847252772
0.099;0.5939347878614696
0.099055;0.5927352838469336
0.09911;0.5916093259345508
0.099165;0.5905558918265217
0.09922;0.5895739834295721
0.099275;0.5886626265702902
0.09933;0.587820870675162
0.099385;0.5870477884193112
0.09944;0.5863424753477272
0.099495;0.5857040494723305
0.09955;0.5851316508478783
0.099605;0.5846244411295242
0.09966;0.5841816031144541
0.099715;0.5838023402698874
0.09977;0.5834858762494322
0.099825;0.5832314543995936
0.09988000000000001;0.5830383372580809
0.09993500000000001;0.582905806045377
0.09999000000000001;0.5828331601508157
0.10004500000000001;0.5828197166143606
0.10010000000000001;0.5828648096051499
0.10015500000000001;0.5829677898976093
0.10021000000000001;0.5831280243460379
0.100265;0.5833448953583519
0.10032;0.5836178003695589
0.100375;0.5839461513155556
0.10043;0.5843293741077192
0.100485;0.5847669081086233
0.10054;0.5852582056093594
0.100595;0.5858027313086283
0.10065;0.586399961793934
0.100705;0.5870493850250559
0.10076;0.5877504998199641
0.100815;0.588502815343385
0.10087;0.5893058505979861
0.100925;0.5901591339184713
0.10098;0.5910622024684375
0.101035;0.5920146017402153
0.10109;0.5930158850576148
0.101145;0.5940656130816296
0.1012;0.5951633533191691
0.101255;0.5963086796346916
0.10131;0.5975011717648573
0.101365;0.598740414836148
0.10142000000000001;0.6000259988854024
0.10147500000000001;0.6013575183833177
0.10153000000000001;0.6027345717608866
0.10158500000000001;0.604156760938754
0.10164000000000001;0.6056236908595115
0.10169500000000001;0.6071349690228904
0.10175000000000001;0.6086902050239185
0.101805;0.6102890100940132
0.10186;0.6119309966450616
0.101915;0.6136157778165368
0.10197;0.6153429670256251
0.102025;0.6171121775205147
0.10208;0.6189230219368599
0.102135;0.6207751118575268
0.10219;0.6226680573756992
0.102245;0.6246014666614491
0.1023;0.6265749455319619
0.102355;0.6285880970254792
0.10241;0.6306405209791518
0.102465;0.6327318136109787
0.10252;0.6348615671060412
0.102575;0.6370293692072
0.10263;0.6392348028105354
0.102685;0.641477445565707
0.10274;0.6437568694815711
0.102795;0.646072640537311
0.10285;0.6484243182993403
0.10290500000000001;0.650811455544361
0.10296000000000001;0.6532335978888951
0.10301500000000001;0.6556902834256134
0.10307000000000001;0.6581810423668795
0.10312500000000001;0.6607053966959133
0.10318000000000001;0.6632628598259168
0.10323500000000001;0.665852936267648
0.10329;0.668475121305935
0.103345;0.671128900685431
0.1034;0.6738137503063474
0.103455;0.6765291359303527
0.10351;0.6792745128974558
0.103565;0.6820493258541684
0.10362;0.684853008493611
0.103675;0.687684983308057
0.10373;0.6905446613545562
0.103785;0.6934314420340723
0.10384;0.6963447128848983
0.103895;0.6992838493907712
0.10395;0.7022482148043864
0.104005;0.7052371599869581
0.10406;0.7082500232642063
0.104115;0.7112861302997262
0.10417;0.7143447939860074
0.104225;0.7174253143539309
0.10428;0.7205269785012569
0.104335;0.7236490605407362
0.10439000000000001;0.7267908215683694
0.10444500000000001;0.729951509652503
0.10450000000000001;0.7331303598441476
0.10455500000000001;0.736326594209329
0.10461000000000001;0.7395394218836986
0.10466500000000001;0.7427680391501778
0.10472000000000001;0.7460116295399798
0.10477500000000001;0.7492693639574742
0.10483;0.7525404008294104
0.104885;0.7558238862788539
0.10494;0.759118954324172
0.104995;0.7624247271034688
0.10505;0.7657403151247804
0.105105;0.7690648175421502
0.10516;0.7723973224580037
0.105215;0.7757369072517873
0.10527;0.7790826389351473
0.105325;0.7824335745336162
0.10538;0.7857887614948373
0.105435;0.7891472381233163
0.10549;0.7925080340415699
0.105545;0.7958701706775225
0.1056;0.7992326617778903
0.105655;0.802594513947332
0.10571;0.8059547272129415
0.105765;0.8093122956137334
0.10582;0.8126662078145217
0.105875;0.8160154477437817
0.10593000000000001;0.8193589952547927
0.10598500000000001;0.8226958268092478
0.10604000000000001;0.8260249161828856
0.10609500000000001;0.8293452351918776
0.10615000000000001;0.8326557544395196
0.10620500000000001;0.8359554440817799
0.10626000000000001;0.8392432746111338
0.106315;0.8425182176571667
0.10637;0.8457792468030786
0.106425;0.8490253384166038
0.10648;0.8522554724942196
0.106535;0.855468633517218
0.10659;0.8586638113182468
0.106645;0.8618400019567204
0.1067;0.8649962086018987
0.106755;0.8681314424216059
0.10681;0.8712447234754933
0.106865;0.8743350816107937
0.10692;0.8774015573592028
0.106975;0.8804432028330863
0.10703;0.883459082619459
0.107085;0.8864482746703307
0.10714;0.8894098711884487
0.107195;0.8923429795086465
0.10725;0.8952467229799321
0.107305;0.8981202418710464
0.10736;0.9009626944191645
0.10741500000000001;0.903773258946946
0.10747000000000001;0.9065511570308975
0.10752500000000001;0.9092956712067993
0.10758000000000001;0.9120056587141059
0.10763500000000001;0.9146808113041781
0.10769000000000001;0.9173202652432411
0.10774500000000001;0.9199233200967372
0.1078;0.9224893025782734
0.107855;0.9250175642710117
0.10791;0.9275074818740222
0.107965;0.9299584577078629
0.10802;0.9323699202456888
0.108075;0.9347413246269037
0.10813;0.9370721531418914
0.108185;0.9393619156836379
0.10824;0.9416101501640954
0.108295;0.9438164228949333
0.10835;0.945980328929205
0.108405;0.9481014923672293
0.10846;0.9501795666223356
0.108515;0.9522142346480625
0.10857;0.9542052091259082
0.108625;0.9561522326134714
0.10868;0.9580550776527665
0.108735;0.9599135468387393
0.10879;0.9617274728480707
0.108845;0.9634967184283525
0.10890000000000001;0.9652211763480268
0.10895500000000001;0.9669007693073163
0.10901000000000001;0.9685354498106855
0.10906500000000001;0.9701252000014055
0.10912000000000001;0.9716700314587399
0.10917500000000001;0.9731699849586206
0.10923000000000001;0.9746251301985093
0.10928500000000001;0.9760355654873794
0.10934;0.9774014174017664
0.109395;0.9787228404089188
0.10945;0.9800000164581092
0.109505;0.98123315454134
0.10956;0.9824224902245339
0.109615;0.983568285150635
0.10967;0.9846708265157308
0.109725;0.9857304265197555
0.10978;0.9867474217929919
0.109835;0.9877221727998938
0.10989;0.9886550632216365
0.109945;0.9895464993188632
0.11;0.990396909276128
0.110055;0.9912067425295017
0.11011;0.9919764690788766
0.110165;0.992706578786455
0.11022;0.9933975806628883
0.110275;0.9940500021426405
0.11033;0.9946643883499644
0.110385;0.9952413013570379
0.11044000000000001;0.9957813194356099
0.11049500000000001;0.9962850363036959
0.11055000000000001;0.9967530603685842
0.11060500000000001;0.9971860139676344
0.11066000000000001;0.9975845326081072
0.11071500000000001;0.9979492642073825
0.11077000000000001;0.9982808683347573
0.110825;0.9985800154560975
0.11088;0.998847386182453
0.110935;0.9990836705238014
0.11099;0.9992895671489668
0.111045;0.9994657826527541
0.1111;0.9996130308312596
0.111155;0.9997320319662961
0.11121;0.999823512119789
0.111265;0.9998882024389796
0.11132;0.999926838473189
0.111375;0.9999401595028653
0.11143;0.9999289078815413
0.111485;0.999893828391397
0.11154;0.9998356676128648
0.111595;0.9997551733088679
0.11165;0.9996530938241195
0.111705;0.9995301774998758
0.11176;0.999387172104511
0.111815;0.9992248242801942
0.11187;0.9990438790059669
0.11192500000000001;0.9988450790774009
0.11198000000000001;0.9986291646029957
0.11203500000000001;0.9983968725174999
0.11209000000000001;0.9981489361121648
0.11214500000000001;0.9978860845820157
0.11220000000000001;0.9976090425901618
0.11225500000000001;0.9973185298490627
0.11231000000000001;0.9970152607187495
0.112365;0.9966999438218324
0.11242;0.9963732816752379
0.112475;0.996035970338462
0.11253;0.9956886990781801
0.112585;0.9953321500489867
0.11264;0.9949669979900223
0.112695;0.9945939099372787
0.11275;0.9942135449512114
0.112805;0.9938265538594286
0.11286;0.9934335790141356
0.112915;0.9930352540639442
0.11297;0.9926322037397783
0.113025;0.9922250436544161
0.11308;0.9918143801154127
0.113135;0.9914008099508953
0.11319;0.9909849203479265
0.113245;0.9905672887029887
0.1133;0.9901484824842081
0.113355;0.9897290591048676
0.11341000000000001;0.9893095658078358
0.11346500000000001;0.9888905395604286
0.11352000000000001;0.988472506959378
0.11357500000000001;0.9880559841453409
0.11363000000000001;0.9876414767266717
0.11368500000000001;0.9872294797119137
0.11374000000000001;0.9868204774506429
0.11379500000000001;0.9864149435822442
0.11385;0.9860133409921593
0.113905;0.9856161217752102
0.11396;0.985223727205608
0.114015;0.9848365877131678
0.11407;0.9844551228654076
0.114125;0.9840797413550534
0.11418;0.9837108409925953
0.114235;0.9833488087034863
0.11429;0.9829940205295967
0.114345;0.9826468416345697
0.1144;0.9823076263126402
0.114455;0.9819767180006144
0.11451;0.9816544492926089
0.114565;0.9813411419571876
0.11462;0.9810371069565724
0.114675;0.9807426444675594
0.11473;0.9804580439037844
0.114785;0.9801835839390448
0.11484;0.979919532531321
0.11489500000000001;0.979666146947156
0.11495000000000001;0.9794236737861118
0.11500500000000001;0.9791923490049567
0.11506000000000001;0.978972397941278
0.11511500000000001;0.978764035336207
0.11517000000000001;0.978567465355971
0.11522500000000001;0.9783828816119334
0.11528000000000001;0.9782104671788558
0.11533500000000001;0.9780503946110315
0.11539;0.9779028259560582
0.115445;0.9777679127658644
0.1155;0.9776457961047489
0.115555;0.9775366065540851
0.11561;0.9774404642133869
0.115665;0.9773574786973938
0.11572;0.9772877491288566
0.115775;0.9772313641266633
0.11583;0.9771884017889153
0.115885;0.977158929670559
0.11594;0.9771430047552329
0.115995;0.9771406734204978
0.11605;0.9771519713965605
0.116105;0.9771769237171256
0.11616;0.9772155446622203
0.116215;0.9772678376917199
0.11627;0.9773337953687778
0.116325;0.9774133992714936
0.11638;0.9775066198911644
0.11643500000000001;0.9776134165144528
0.11649000000000001;0.9777337370860312
0.11654500000000001;0.9778675180464033
0.11660000000000001;0.9780146841371435
0.11665500000000001;0.9781751481611056
0.11671000000000001;0.97834881067726
0.11676500000000001;0.9785355595948859
0.11682000000000001;0.9787352696023514
0.116875;0.9789478013033157
0.11693;0.9791729997876283
0.116985;0.979410691983005
0.11704;0.9796606809593508
0.117095;0.9799227307526895
0.11715;0.980196507735682
0.117205;0.9804805185952168
0.11726;0.9923956402397859
0.117315;0.9929632646512989
0.11737;0.9933743072421574
0.117425;0.9937044090421625
0.11748;0.9939830508106985
0.117535;0.9942254322625734
0.11759;0.9944406214076386
0.117645;0.9946345460303448
0.1177;0.9948113332878606
0.117755;0.9949739925371794
0.11781;0.9951247969872951
0.117865;0.9952655123241936
0.11792000000000001;0.9953975412916035
0.11797500000000001;0.9955220191972772
0.11803000000000001;0.9956398793064731
0.11808500000000001;0.9957518989834542
0.11814000000000001;0.9958587330918157
0.11819500000000001;0.995960938709794
0.11825000000000001;0.9960589937725471
0.11830500000000001;0.9961533113720642
0.11836;0.9962442508906583
0.118415;0.996332126784938
0.11847;0.9964172155990464
0.118525;0.9964997616245422
0.11858;0.9965799815127369
0.118635;0.9966580680668516
0.11869;0.9967341933852298
0.118745;0.9968085114860741
0.1188;0.9968811605143925
0.118855;0.9969522646094147
0.11891;0.9970219354940649
0.118965;0.9970902738353166
0.11902;0.9971573704143473
0.119075;0.9972233071380256
0.11913;0.9972881579170816
0.119185;0.997351989431828
0.11924;0.997414861802456
0.119295;0.997476829178036
0.11935;0.9975379402559289
0.11940500000000001;0.9975982387414075
0.11946000000000001;0.9976577637556397
0.11951500000000001;0.997716550199018
0.11957000000000001;0.9977746290756252
0.11962500000000001;0.9978320277838725
0.11968000000000001;0.9978887703775013
0.11973500000000001;0.9979448778005847
0.11979000000000001;0.9980003680997592
0.11984500000000001;0.998055256616191
0.1199;0.9981095561598011
0.119955;0.9981632771676358
0.12001;0.9982164278482211
0.120065;0.9982690143134179
0.12012;0.9983210406992262
0.120175;0.9983725092762217
0.12023;0.9984234205516619
0.120285;0.9984737733630793
0.12034;0.9985235649648939
0.120395;0.9985727911084407
0.12045;0.9986214461162354
0.120505;0.9986695229508651
0.12056;0.9987170132791369
0.120615;0.9987639075318819
0.12067;0.9988101949598266
0.120725;0.9988558636858983
0.12078;0.9989009007542697
0.120835;0.9989452921764874
0.12089;0.9989890229748425
0.12094500000000001;0.9990320772233255
0.12100000000000001;0.9990744380863579
0.12105500000000001;0.9991160878553998
0.12111000000000001;0.9991570079837571
0.12116500000000001;0.999197179119613
0.12122000000000001;0.9992365811375162
0.12127500000000001;0.9992751931684088
0.12133000000000001;0.9993129936283285
0.121385;0.9993499602458943
0.12144;0.999386070088669
0.121495;0.9994212995884831
0.12155;0.9994556245658335
0.121605;0.9994890202533755
0.12166;0.9995214613186227
0.121715;0.9995529218859088
0.12177;0.9995833755576544
0.121825;0.9996127954349977
0.12188;0.9996411541378533
0.121935;0.9996684238244061
0.12199;0.9996945762101266
0.122045;0.9997195825863133
0.1221;0.9997434138381905
0.122155;0.9997660404626411
0.12221;0.9997874325855327
0.122265;0.9998075599787307
0.12232;0.9998263920767757
0.122375;0.9998438979932697
0.12243000000000001;0.9998600465369842
0.12248500000000001;0.9998748062277129
0.12254000000000001;0.9998881453118947
0.12259500000000001;0.9999000317779969
0.12265000000000001;0.9999104333717032
0.12270500000000001;0.9999193176108928
0.12276000000000001;0.9999266518004594
0.12281500000000001;0.9999324030469326
0.12287000000000001;0.9999365382729586
0.122925;0.9999390242316217
0.12298;0.9999398275206139
0.123035;0.9999389145962915
0.12309;0.9999362517875794
0.123145;0.9999318053097762
0.1232;0.9999255412782243
0.123255;0.9999174257218806
0.12331;0.9999074245967864
0.123365;0.9998955037994229
0.12342;0.9998816291799785
0.123475;0.9998657665555165
0.12353;0.999847881723069
0.123585;0.9998279404725945
0.12364;0.9998059085999275
0.123695;0.9997817519195739
0.12375;0.9997554362774391
0.123805;0.99972692756351
0.12386;0.9996961917244129
0.12391500000000001;0.9996631947759121
0.12397000000000001;0.9996279028153312
0.12402500000000001;0.9995902820338824
0.12408000000000001;0.9995502987289314
0.12413500000000001;0.9995079193161734
0.12419000000000001;0.9994631103417293
0.12424500000000001;0.9994158384941649
0.12430000000000001;0.9993660706164395
0.12435500000000001;0.9993137737177499
0.12441;0.9992589149852991
0.124465;0.999201461796008
0.12452;0.9991413817281037
0.124575;0.999078642572642
0.12463;0.9990132123449358
0.124685;0.998945059295901
0.12474;0.9988741519233139
0.124795;0.9988004589829443
0.12485;0.998723949499649
0.124905;0.9986445927783154
0.12496;0.99856235841474
0.12501500000000002;0.9984772163063855
0.12507000000000001;0.9983891366630615
0.12512500000000001;0.9982980900174612
0.12518;0.9982040472356212
0.125235;0.9981069795271316
0.12529;0.9980068584561576
0.125345;0.9979036559498314
0.1254;0.9977973443100697
0.125455;0.9976878962224847
0.12551;0.9975752847663651
0.125565;0.9974594834243116
0.12562;0.9973404660917106
0.125675;0.9972182070861327
0.12573;0.9970926811565697
0.125785;0.996963863492554
0.12584;0.9968317297331131
0.125895;0.9966962559755925
0.12595;0.996557418784371
0.126005;0.9964151951993809
0.12606;0.9962695627445042
0.126115;0.9961204994358064
0.12617;0.9959679837896378
0.126225;0.9958119948305423
0.12628;0.995652512099043
0.126335;0.9954895156592353
0.12639;0.9953229861062324
0.126445;0.9951529045734304
0.1265;0.9949792527396083
0.126555;0.9948020128358404
0.12661;0.9946211676522506
0.126665;0.9944367005445769
0.12672;0.9942485954405231
0.126775;0.9940568368459654
0.12683;0.9938614098509481
0.126885;0.9936623001354649
0.12694;0.9934594939750724
0.126995;0.9932529782462677
0.12705;0.9930427404316992
0.127105;0.9928287686251014
0.12716;0.9926110515360836
0.127215;0.9923895784946449
0.12727;0.992164339455478
0.127325;0.9919353250020448
0.12738;0.9917025263503938
0.127435;0.9914659353527622
0.12749;0.9912255445008807
0.127545;0.9909813469290463
0.1276;0.9907333364169245
0.127655;0.9904815073920471
0.12771000000000002;0.990225854932027
0.12776500000000002;0.9899663747664816
0.12782000000000002;0.9897030632786211
0.12787500000000002;0.9894359175065018
0.12793000000000002;0.9891649351439326
0.12798500000000002;0.9888901145410035
0.12804000000000001;0.988611454704238
0.12809500000000001;0.9883289552962841
0.12815000000000001;0.9880426166351957
0.128205;0.9877524396932013
0.12826;0.9874584260949696
0.128315;0.987160578115288
0.12837;0.986858898676106
0.128425;0.9865533913429428
0.12848;0.9862440603204865
0.128535;0.985930910447375
0.12859;0.9856139471900452
0.128645;0.9852931766355006
0.1287;0.9849686054829183
0.128755;0.9846402410338688
0.12881;0.9843080911809926
0.128865;0.9839721643948807
0.12892;0.9836324697088975
0.128975;0.9832890167015587
0.12903;0.982941815476119
0.129085;0.9825908766367797
0.12914;0.9822362112609747
0.129195;0.981877830866905
0.12925;0.981515747375426
0.129305;0.9811499730650599
0.12936;0.9807805205186758
0.129415;0.9804074025599525
0.12947;0.9800306321772371
0.129525;0.979650222431741
0.12958;0.9792661863461412
0.129635;0.9788785367684042
0.12969;0.9784872862041075
0.129745;0.9780924466082394
0.1298;0.9776940291244725
0.129855;0.9772920437554999
0.12991;0.9768864989420656
0.129965;0.9764774010193569
0.13002;0.976064753506715
0.130075;0.9756485561673689
0.13013;0.9752288037459009
0.130185;0.9748054842462134
0.13024;0.9743785765415467
0.130295;0.9739480469926403
0.13035;0.9735138445570068
0.130405;0.973075893539661
0.13046;0.9726340825407108
0.130515;0.972188247047235
0.13057;0.9717381409509076
0.130625;0.9712833877944532
0.13068000000000002;0.9708233926458096
0.13073500000000002;0.9703571717293388
0.13079000000000002;0.9698829937685353
0.13084500000000002;0.9693975354398012
0.13090000000000002;0.9688935590002585
0.13095500000000002;0.9683518531141448
0.13101000000000002;0.9676993362395407
0.13106500000000001;0.9661818522676422
0.13112000000000001;0.9683284212325293
0.131175;0.9671381985442001
0.13123;0.9665007219333596
0.131285;0.965949527713633
0.13134;0.9654262690412309
0.131395;0.9649145132900714
0.13145;0.9644078532817026
0.131505;0.9639032872858907
0.13156;0.9633992328297696
0.131615;0.9628947855411593
0.13167;0.9623893986347156
0.131725;0.9618827285834483
0.13178;0.9613745544421465
0.131835;0.9608647328343324
0.13189;0.9603531714704737
0.131945;0.9598398128669126
0.132;0.9593246239566449
0.132055;0.958807589244757
0.13211;0.9582887061724742
0.132165;0.9577679818998678
0.13222;0.9572454310244671
0.132275;0.9567210739320725
0.13233;0.9561949355836968
0.132385;0.9556670446091292
0.13244;0.9551374326197132
0.132495;0.9546061336804127
0.13255;0.9540731838991212
0.132605;0.9535386211034902
0.13266;0.9530024845838126
0.132715;0.9524648148863548
0.13277;0.9519256536455393
0.132825;0.9513850434464242
0.13288;0.950843027710908
0.132935;0.9502996506027738
0.13299;0.9497549569477265
0.133045;0.949208992165482
0.1331;0.9486618022116013
0.133155;0.9481134335272998
0.13321;0.9475639329957152
0.133265;0.9470133479035713
0.13332;0.9464617259072557
0.133375;0.9459091150026206
0.13343;0.9453555634978625
0.133485;0.9448011199890161
0.13354;0.9442458333376604
0.133595;0.9436897526504715
0.13365;0.9431329272604191
0.13370500000000002;0.9425754067092724
0.13376000000000002;0.9420172407313667
0.13381500000000002;0.9414584792383032
0.13387000000000002;0.9408991723046222
0.13392500000000002;0.9403393701541817
0.13398000000000002;0.939779123147278
0.13403500000000002;0.9392184817683213
0.13409000000000001;0.9386574966140716
0.13414500000000001;0.9380962183823385
0.1342;0.9375346978610938
0.134255;0.9369729859179987
0.13431;0.9364111334902391
0.134365;0.9358491915746852
0.13442;0.9352872112183502
0.134475;0.9347252435091099
0.13453;0.9341633395666102
0.134585;0.9336015505335017
0.13464;0.9330399275667847
0.134695;0.9324785218293855
0.13475;0.9319173844819463
0.134805;0.931356566674722
0.13486;0.9307961195397074
0.134915;0.9302360941828914
0.13497;0.9296765416766084
0.135025;0.9291175130521772
0.13508;0.9285590592924896
0.135135;0.9280012313249054
0.13519;0.9274440800141348
0.135245;0.9268876561553737
0.1353;0.926332010467411
0.135355;0.9257771935861184
0.13541;0.9252232560575337
0.135465;0.9246702483318817
0.13552;0.9241182207568717
0.135575;0.9235672235715597
0.13563;0.9230173069002866
0.135685;0.9224685207465837
0.13574;0.921920914987354
0.135795;0.9213745393669778
0.13585;0.9208294434916818
0.135905;0.920285676823917
0.13596;0.9197432886768555
0.136015;0.9192023282090206
0.13607;0.9186628444189686
0.136125;0.9181248861401318
0.13618;0.9175885020356652
0.136235;0.917053740593542
0.13629;0.9165206501215257
0.136345;0.9159892787425282
0.1364;0.9154596743897178
0.136455;0.9149318848020331
0.13651;0.9144059575197471
0.136565;0.9138819398797388
0.13662;0.9133598790114726
0.13667500000000002;0.9128398218326136
0.13673000000000002;0.9123218150448542
0.13678500000000002;0.9118059051299809
0.13684000000000002;0.9112921383456037
0.13689500000000002;0.9107805607222357
0.13695000000000002;0.9102712180576801
0.13700500000000002;0.9097641559151636
0.13706000000000002;0.9092594196187641
0.13711500000000001;0.9087570542501436
0.13717000000000001;0.9082571046450085
0.137225;0.907759615389835
0.13728;0.9072646308185471
0.137335;0.9067721950093441
0.13739;0.9062823517815812
0.137445;0.9057951446927488
0.1375;0.9053106170355294
0.137555;0.9048288118349119
0.13761;0.9043497718454215
0.137665;0.9038735395484033
0.13772;0.9034001571493842
0.137775;0.9029296665755082
0.13783;0.9024621094730665
0.137885;0.9019975272050842
0.13794;0.9015359608489705
0.137995;0.901077451194262
0.13805;0.9006220387404388
0.138105;0.9001697636947766
0.13816;0.8997206659703164
0.138215;0.8992747851838513
0.13827;0.8988321606540203
0.138325;0.8983928313994459
0.13838;0.8979568361369565
0.138435;0.8975242132798317
0.13849;0.8970950009361598
0.138545;0.8966692369072141
0.1386;0.8962469586859373
0.138655;0.8958282034554124
0.13871;0.8954130080874745
0.138765;0.8950014091413124
0.13882;0.8945934428621649
0.138875;0.8941891451800628
0.13893;0.8937885517086029
0.138985;0.893391697743807
0.13904;0.8929986182630073
0.139095;0.8926093479237946
0.13915;0.8922239210630044
0.139205;0.8918423716957706
0.13926;0.8914647335145812
0.139315;0.8910910398884443
0.13937;0.8907213238620328
0.139425;0.8903556181549177
0.13948;0.8899939551608241
0.139535;0.8896363669469161
0.13959;0.8892828852531441
0.139645;0.8889335414916266
0.13970000000000002;0.8885883667460432
0.13975500000000002;0.8882473917710968
0.13981000000000002;0.8879106469919807
0.13986500000000002;0.8875781625039056
0.13992000000000002;0.8872499680716347
0.13997500000000002;0.8869260931290674
0.14003000000000002;0.8866065667788479
0.14008500000000002;0.8862914177919776
0.14014000000000001;0.8859806746075063
0.14019500000000001;0.8856743653321989
0.14025;0.885372517740258
0.140305;0.8850751592730556
0.14036;0.8847823170388897
0.140415;0.8844940178127726
0.14047;0.8842102880362172
0.140525;0.8839311538170737
0.14058;0.8836566409293524
0.140635;0.8833867748130879
0.14069;0.8831215805742003
0.140745;0.882861082984392
0.1408;0.8826053064810351
0.140855;0.8823542751670922
0.14091;0.8821080128110305
0.140965;0.8818665428467547
0.14102;0.8816298883735658
0.141075;0.881398072156084
0.14113;0.8811711166242351
0.141185;0.8809490438731932
0.14124;0.8807318756633575
0.141295;0.8805196334203346
0.14135;0.8803123382348953
0.141405;0.880110010862971
0.14146;0.8799126717256226
0.141515;0.8797203409090246
0.14157;0.8795330381644482
0.141625;0.8793507829082193
0.14168;0.8791735942217191
0.141735;0.8790014908513426
0.14179;0.8788344912084506
0.141845;0.8786726133693515
0.1419;0.8785158750752479
0.141955;0.8783642937321673
0.14201;0.8782178864109285
0.142065;0.8780766698470404
0.14212;0.8779406604406451
0.142175;0.8778098742564031
0.14223;0.8776843270234022
0.142285;0.8775640341350405
0.14234;0.8774490106488866
0.142395;0.8773392712865385
0.14245;0.8772348304334705
0.142505;0.8771357021388378
0.14256;0.877041900115303
0.142615;0.8769534377388066
0.14267;0.8768703280483567
0.14272500000000002;0.8767925837457634
0.14278000000000002;0.8767202171953791
0.14283500000000002;0.8766532404237997
0.14289000000000002;0.8765916651195689
0.14294500000000002;0.8765355026328292
0.14300000000000002;0.8764847639749767
0.14305500000000002;0.8764394598182732
0.14311000000000001;0.8763996004954521
0.14316500000000001;0.8763651959992775
0.14322000000000001;0.8763362559821037
0.143275;0.8763127897553775
0.14333;0.8762948062891484
0.143385;0.8762823142115194
0.14344;0.8762753218080962
0.143495;0.8762738370213785
0.14355;0.8762778674501545
0.143605;0.8762874203488399
0.14366;0.8763025026267951
0.143715;0.8763231208476198
0.14377;0.8763492812284
0.143825;0.8763809896389343
0.14388;0.8764182516009251
0.143935;0.8764610722871238
0.14399;0.8765094565204697
0.144045;0.8765634087731667
0.1441;0.8766229331657421
0.144155;0.8766880334660625
0.14421;0.8767587130883145
0.144265;0.876834975091956
0.14432;0.8769168221806157
0.144375;0.8770042567009738
0.14443;0.877097280641592
0.144485;0.8771958956317185
0.14454;0.8773001029400285
0.144595;0.8774099034733629
0.14465;0.8775252977753973
0.144705;0.8776462860252776
0.14476;0.8777728680362389
0.144815;0.877905043254157
0.14487;0.8780428107560485
0.144925;0.8781861692485872
0.14498;0.8783351170665178
0.145035;0.8784896521710592
0.14509;0.8786497721482521
0.145145;0.8788154742072843
0.1452;0.8789867551787556
0.145255;0.8791636115129039
0.14531;0.8793460392777921
0.145365;0.8795340341574523
0.14542;0.8797275914499851
0.145475;0.8799267060656175
0.14553;0.8801313725247095
0.145585;0.8803415849557283
0.14564;0.880557337093176
0.14569500000000002;0.8807786222754601
0.14575000000000002;0.8810054334427536
0.14580500000000002;0.8812377631347569
0.14586000000000002;0.8814756034884745
0.14591500000000002;0.8817189462359077
0.14597000000000002;0.8819677827017167
0.14602500000000002;0.8822221038008318
0.14608000000000002;0.8824819000360432
0.14613500000000001;0.8827471614954997
0.14619000000000001;0.8830178778502251
0.146245;0.8832940383515209
0.1463;0.883575631828394
0.146355;0.8838626466848879
0.14641;0.8841550708973864
0.146465;0.8844528920118845
0.14652;0.8847560971412084
0.146575;0.8850646729621743
0.14663;0.8853786057127262
0.146685;0.8856978811890331
0.14674;0.8860224847425091
0.146795;0.8863524012768266
0.14685;0.8866876152448764
0.146905;0.8870281106456603
0.14696;0.8873738710211948
0.147015;0.8877248794532963
0.14707;0.8880811185604088
0.147125;0.8884425704943258
0.14718;0.8888092169368843
0.147235;0.8891810390966598
0.14729;0.8895580177055404
0.147345;0.8899401330153506
0.1474;0.8903273647943674
0.147455;0.8907196923238241
0.14751;0.8911170943943726
0.147565;0.8915195493025063
0.14762;0.8919270348469434
0.147675;0.8923395283249782
0.14773;0.8927570065287758
0.147785;0.893179445741676
0.14784;0.8936068217343861
0.147895;0.894039109761215
0.14795;0.8944762845562237
0.148005;0.8949183203293625
0.14806;0.895365190762567
0.148115;0.8958168690058282
0.14817;0.8962733276732137
0.148225;0.8967345388388893
0.14828;0.8972004740330555
0.148335;0.897671104237931
0.14839;0.8981463998836338
0.148445;0.8986263308440685
0.1485;0.8991108664327967
0.148555;0.8995999753988511
0.14861;0.9000936259225554
0.148665;0.9005917856112803
0.14872000000000002;0.9010944214952206
0.14877500000000002;0.9016015000231216
0.14883000000000002;0.9021129870579896
0.14888500000000002;0.9026288478727771
0.14894000000000002;0.9031490471460627
0.14899500000000002;0.9036735489577055
0.14905000000000002;0.9042023167844759
0.14910500000000002;0.9047353134956704
0.14916000000000001;0.9052725013487298
0.14921500000000001;0.9058138419848216
0.14927;0.9063592964244214
0.149325;0.9069088250628825
0.14938;0.9074623876659916
0.149435;0.9080199433655266
0.14949;0.9085814506547893
0.149545;0.9091468673841543
0.1496;0.9097161507565921
0.149655;0.9102892573232155
0.14971;0.9108661429787912
0.149765;0.9114467629572907
0.14982;0.9120310718274105
0.149875;0.9126190234881097
0.14993;0.9132105711641693
0.149985;0.9138056674017152
0.15004;0.9144042640637967
0.150095;0.9150063123259567
0.15015;0.9156117626717976
0.150205;0.9162205648885932
0.15026;0.9168326680628964
0.150315;0.917448020576168
0.15037;0.9180665701004209
0.150425;0.9186882635939115
0.15048;0.9193130472968166
0.150535;0.9199408667269641
0.15059;0.9205716666755814
0.150645;0.9212053912030755
0.1507;0.9218419836348567
0.150755;0.9224813865571618
0.15081;0.9231235418129629
0.150865;0.9237683904978747
0.15092;0.9244158729561277
0.150975;0.9250659287765662
0.15103;0.9257184967887164
0.151085;0.9263735150588672
0.15114;0.927030920886237
0.151195;0.9276906507991916
0.15125;0.9283526405514707
0.151305;0.9290168251185305
0.15136;0.9296831386939353
0.151415;0.9303515146857592
0.15147;0.931021885713136
0.151525;0.9316941836028155
0.15158;0.9323683393858262
0.151635;0.9330442832941626
0.15169000000000002;0.9337219447576361
0.15174500000000002;0.9344012524007185
0.15180000000000002;0.9350821340395021
0.15185500000000002;0.935764516678751
0.15191000000000002;0.9364483265090467
0.15196500000000002;0.9371334889039916
0.15202000000000002;0.9378199284175356
0.15207500000000002;0.9385075687813812
0.15213000000000002;0.9391963329025131
0.15218500000000001;0.939886142860795
0.15224000000000001;0.940576919906702
0.152295;0.941268584459139
0.15235;0.941961056103392
0.152405;0.9426542535891803
0.15246;0.9433480948288155
0.152515;0.9440424968955115
0.15257;0.9447373760217951
0.152625;0.945432647598041
0.15268;0.9461282261711598
0.152735;0.9468240254433923
0.15279;0.9475199582712565
0.152845;0.9482159366646347
0.1529;0.9489118717859868
0.152955;0.949607673949735
0.15301;0.9503032526217713
0.153065;0.9509985164191358
0.15312;0.9516933731098475
0.153175;0.9523877296128838
0.15323;0.9530814919983303
0.153285;0.9537745654876972
0.15334;0.9544668544543962
0.153395;0.9551582624244014
0.15345;0.9558486920770674
0.153505;0.9565380452461415
0.15356;0.9572262229209484
0.153615;0.9579131252477596
0.15367;0.9585986515313597
0.153725;0.9592827002367783
0.15378;0.9599651689912554
0.153835;0.9606459545863625
0.15389;0.961324952980341
0.153945;0.9620020593006646
0.154;0.9626771678467665
0.154055;0.9633501720929901
0.15411;0.9640209646917902
0.154165;0.9646894374770825
0.15422;0.9653554814678612
0.154275;0.9660189868720023
0.15433;0.9666798430903366
0.154385;0.9673379387208978
0.15444;0.9679931615634206
0.154495;0.9686453986240837
0.15455;0.9692945361204645
0.154605;0.9699404594867435
0.15466;0.9705830533791324
0.15471500000000002;0.9712222016815761
0.15477000000000002;0.971857787511658
0.15482500000000002;0.9724896932267749
0.15488000000000002;0.9731178004305666
0.15493500000000002;0.9737419899795792
0.15499000000000002;0.9743621419901627
0.15504500000000002;0.9749781358456913
0.15510000000000002;0.9755898502039719
0.15515500000000002;0.9761971630049234
0.15521000000000001;0.976799951478551
0.15526500000000001;0.977398092153157
0.15532;0.977991460863786
0.155375;0.9785799327610686
0.15543;0.9791633823199231
0.155485;0.9797416833493623
0.15554;0.9803147090015538
0.155595;0.980882331781818
0.15565;0.9814444235587355
0.155705;0.9820008555744496
0.15576;0.9825514984553204
0.155815;0.9830962222228167
0.15587;0.9836348963046816
0.155925;0.9841673895463878
0.15598;0.984693570222863
0.156035;0.985213306050473
0.15609;0.9857264641992896
0.156145;0.9862329113056421
0.1562;0.9867325134849239
0.156255;0.9872251363446943
0.15631;0.987710644998022
0.156365;0.9881889040771239
0.15642;0.9886597777472806
0.156475;0.989123129720989
0.15653;0.9895788232724135
0.156585;0.9900267212521041
0.15664;0.9904666861019494
0.156695;0.9908985798704414
0.15675;0.9913222642281523
0.156805;0.9917376004835052
0.15686;0.992144449598796
0.156915;0.9925426722064596
0.15697;0.9929321286256061
0.157025;0.9933126788787909
0.15708;0.9936841827090436
0.157135;0.9940464995971445
0.15719;0.994399488779126
0.157245;0.994743009264019
0.1573;0.9950769198518529
0.157355;0.9954010791518566
0.15741;0.9957153456009111
0.157465;0.9960195774822025
0.15752;0.9963136329441119
0.157575;0.996597370019299
0.15763;0.9968706466440378
0.157685;0.9971333206776957
0.15774000000000002;0.9973852499224523
0.15779500000000002;0.997626292143214
0.15785000000000002;0.9978563050877018
0.15790500000000002;0.9980751465067074
0.15796000000000002;0.9982826741745855
0.15801500000000002;0.9984787459098513
0.15807000000000002;0.9986632195959746
0.15812500000000002;0.998835953202339
0.15818000000000002;0.9989968048053377
0.15823500000000001;0.9991456326096296
0.15829000000000001;0.9992822949695209
0.158345;0.9994066504104853
0.1584;0.9995185576508268
0.158455;0.999617875623415
0.15851;0.9997044634975929
0.158565;0.9997781807011235
0.15862;0.9998388869422891
0.158675;0.9998864422320319
0.15873;0.9999207069061958
0.158785;0.9999415416478468
0.15884;0.9999488075096356
0.158895;0.9999423659362151
0.15895;0.9999220787867181
0.159005;0.9998878083572716
0.15906;0.9998394174035227
0.159115;0.9997767691631739
0.15917;0.9996997273785704
0.159225;0.999608156319235
0.15928;0.9995019208044342
0.159335;0.9993808862257126
0.15939;0.9992449185693612
0.159445;0.9990938844388884
0.1595;0.9989276510774817
0.159555;0.9987460863902502
0.15961;0.9985490589667854
0.159665;0.9983364381029245
0.15972;0.9981080938228242
0.159775;0.9978638969021619
0.15983;0.9976037188883324
0.159885;0.9973274321232847
0.15994;0.9970349097649857
0.159995;0.9967260258088082
0.16005;0.9964006551089956
0.160105;0.9960586733998142
0.16016;0.9956999573166435
0.160215;0.9953243844167343
0.16027;0.9949318331999384
0.160325;0.9945221831291372
0.16038;0.9940953146504349
0.160435;0.9936511092132427
0.16049;0.9931894492898907
0.160545;0.9927102183956983
0.1606;0.9922133011072346
0.160655;0.9916985830823029
0.16071000000000002;0.9911659510782215
0.16076500000000002;0.9906152929703321
0.16082000000000002;0.9900464977701762
0.16087500000000002;0.9894594556433091
0.16093000000000002;0.9888540579268541
0.16098500000000002;0.9882301971466937
0.16104000000000002;0.9875877670343297
0.16109500000000002;0.9869266625434254
0.16115000000000002;0.9862467798659535
0.16120500000000001;0.9855480164480082
0.16126000000000001;0.9848302710052591
0.16131500000000001;0.9840934435379478
0.16137;0.9833374353456127
0.161425;0.9825621490413151
0.16148;0.981767488565506
0.161535;0.980953359199469
0.16159;0.9801196675783342
0.161645;0.9792663217036796
0.1617;0.978393230955662
0.161755;0.9775003061047494
0.16181;0.9765874593229513
0.161865;0.9756546041946244
0.16192;0.9747016557268111
0.161975;0.973728530359066
0.16203;0.9727351459728817
0.162085;0.9717214219005431
0.16214;0.9706872789335655
0.162195;0.969632639330591
0.16225;0.9685574268248096
0.162305;0.9674615666308795
0.16236;0.9663449854513146
0.162415;0.9652076114823984
0.16247;0.9640493744195382
0.162525;0.9628702054621535
0.16258;0.9616700373179907
0.162635;0.9604488042069603
0.16269;0.9592064418643999
0.162745;0.9579428875438689
0.1628;0.9566580800193596
0.162855;0.9553519595870028
0.16291;0.9540244680662536
0.162965;0.9526755488005194
0.16302;0.9513051466572747
0.163075;0.949913208027649
0.16313;0.9484996808254473
0.163185;0.9470645144857129
0.16324;0.9456076599626965
0.163295;0.9441290697273261
0.16335;0.9426286977641475
0.163405;0.9411064995677793
0.16346;0.9395624321387956
0.163515;0.9379964539791212
0.16357;0.9364085250869384
0.163625;0.9347986069510688
0.16368;0.9331666625448463
0.16373500000000002;0.9315126563195207
0.16379000000000002;0.9298365541971457
0.16384500000000002;0.9281383235630152
0.16390000000000002;0.9264179332576087
0.16395500000000002;0.9246753535680649
0.16401000000000002;0.9229105562192006
0.16406500000000002;0.9211235143640618
0.16412000000000002;0.9193142025740836
0.16417500000000002;0.9174825968287315
0.16423000000000001;0.9156286745047937
0.16428500000000001;0.9137524143652104
0.16434;0.9118537965475152
0.164395;0.9099328025518798
0.16445;0.9079894152287793
0.164505;0.906023618766253
0.16456;0.9040353986768672
0.164615;0.9020247417842674
0.16467;0.8999916362094258
0.164725;0.8979360713565687
0.16478;0.8958580378987739
0.164835;0.893757527763315
0.16489;0.8916345341166614
0.164945;0.8894890513492898
