1e-20;1.8216373819001212e-15
5.500000000000001e-05;1.9308603610276565e-15
0.00011000000000000002;2.0468399262359312e-15
0.000165;2.1700062727692294e-15
0.00022;2.3008176883301907e-15
0.000275;2.439762424373097e-15
0.00033;2.5873606934446173e-15
0.00038500000000000003;2.7441668010236906e-15
0.00044;2.910771420866119e-15
0.000495;3.087804023433734e-15
0.00055;3.2759354676115313e-15
0.0006050000000000001;3.4758807665484486e-15
0.00066;3.688402039158853e-15
0.000715;3.914311659521289e-15
0.0007700000000000001;4.154475617186229e-15
0.000825;4.409817102189637e-15
0.00088;4.681320329402711e-15
0.0009350000000000001;4.970034617716503e-15
0.00099;5.277078740487765e-15
0.0010450000000000001;5.603645564587867e-15
0.0011;5.95100699641909e-15
0.001155;6.32051925423007e-15
0.0012100000000000001;6.713628487172688e-15
0.001265;7.131876762553825e-15
0.00132;7.576908443892786e-15
0.0013750000000000001;8.050476983459446e-15
0.00143;8.554452154122693e-15
0.001485;9.09082774647151e-15
0.0015400000000000001;9.661729758235212e-15
0.001595;1.0269425104147515e-14
0.00165;1.0916330875446578e-14
0.0017050000000000001;1.1605024179122675e-14
0.00176;1.2338252587969269e-14
0.001815;1.3118945233184508e-14
0.0018700000000000001;1.3950224571934914e-14
0.001925;1.4835418862664808e-14
0.00198;1.5778075381072847e-14
0.002035;1.6781974409542144e-14
0.0020900000000000003;1.785114403232589e-14
0.002145;1.8989875767694455e-14
0.0022;2.0202741066850894e-14
0.002255;2.1494608707092988e-14
0.00231;2.287066310385209e-14
0.002365;2.4336423562154023e-14
0.0024200000000000003;2.5897764483219e-14
0.002475;2.756093653530554e-14
0.00253;2.9332588790235575e-14
0.002585;3.1219791817155116e-14
0.00264;3.323006171323859e-14
0.002695;3.53713850366036e-14
0.0027500000000000003;3.7652244589451726e-14
0.002805;4.008164597844271e-14
0.00286;4.266914485474186e-14
0.002915;4.5424874706269153e-14
0.00297;4.835957504003943e-14
0.003025;5.1484619750754506e-14
0.0030800000000000003;5.481204542305744e-14
0.003135;5.835457925744112e-14
0.00319;6.21256662418947e-14
0.003245;6.613949511252296e-14
0.0033;7.041102255312973e-14
0.003355;7.495599497521601e-14
0.0034100000000000003;7.979096709277569e-14
0.003465;8.493331635797542e-14
0.00352;9.040125215065594e-14
0.003575;9.621381841292824e-14
0.00363;1.023908881845777e-13
0.0036850000000000003;1.0895314822180085e-13
0.0037400000000000003;1.159220715621905e-13
0.003795;1.233198755284303e-13
0.00385;1.3116946223097748e-13
0.003905;1.394943381280755e-13
0.00396;1.4831850861751053e-13
0.004015;1.5766634295496663e-13
0.00407;1.675624040040631e-13
0.004125;1.7803123640522404e-13
0.0041800000000000006;1.8909710568133907e-13
0.004235;2.0078367955714058e-13
0.00429;2.1311364132240784e-13
0.004345;2.26108223389506e-13
0.0044;2.3978664723783685e-13
0.004455;2.541654536606282e-13
0.00451;2.692577045770672e-13
0.0045650000000000005;2.850720345850683e-13
0.00462;3.016115268285144e-13
0.004675;3.188723835598867e-13
0.00473;3.3684235688372855e-13
0.004785;3.554988994605113e-13
0.0048400000000000006;3.748069882857449e-13
0.004895;3.9471656687725537e-13
0.00495;4.151595421095832e-13
0.005005;4.3604626130209077e-13
0.00506;4.57261382727628e-13
0.005115;4.786590381430578e-13
0.00517;5.000571688831015e-13
0.0052250000000000005;5.212308970575756e-13
0.00528;5.419047699228971e-13
0.005335;5.617436879511213e-13
0.00539;5.803422947399264e-13
0.005445;5.972125688357505e-13
0.0055000000000000005;6.117693127227049e-13
0.005555;6.233131814220782e-13
0.00561;6.310108308648683e-13
0.005665;6.33871692657646e-13
0.00572;6.307207948962271e-13
0.005775000000000001;6.201669456864871e-13
0.00583;6.0056547373098e-13
0.0058850000000000005;5.699745745464863e-13
0.00594;5.261041356607041e-13
0.005995;4.662556994922597e-13
0.00605;3.872519449248398e-13
0.006105;2.853536388805479e-13
0.0061600000000000005;1.5616081601441325e-13
0.006215;5.242281168337984e-09
0.00627;1.8301973698003269e-07
0.006325;3.7717096980241115e-07
0.00638;5.890236380053407e-07
0.006435000000000001;8.20014877091234e-07
0.00649;1.0717030279715814e-06
0.0065450000000000005;1.3457791823172024e-06
0.0066;1.6440797258595626e-06
0.006655;1.9686001311053813e-06
0.00671;2.3215101810666836e-06
0.006765;2.7051708057033747e-06
0.0068200000000000005;3.1221527292173795e-06
0.006875;3.575257149853521e-06
0.00693;4.0675387025050455e-06
0.006985;4.602330988045169e-06
0.00704;5.183274992389947e-06
0.007095000000000001;5.8143507634697306e-06
0.00715;6.499912766734233e-06
0.0072050000000000005;7.2447294004985435e-06
0.00726;8.054027223048188e-06
0.007315;8.933540525499611e-06
0.007370000000000001;9.889566980180753e-06
0.007425;1.0929030206159138e-05
0.0074800000000000005;1.2059550224639047e-05
0.007535;1.3289522930798657e-05
0.00759;1.4628209889679418e-05
0.007645;1.6085839977291694e-05
0.0077;1.7673724640895196e-05
0.007755000000000001;1.940438885182222e-05
0.00781;2.1291720180654834e-05
0.007865;2.3351138849348577e-05
0.00792;2.5599792123186614e-05
0.007975;2.8056777015178535e-05
0.00803;3.074339600931969e-05
0.008085;3.3683451395158315e-05
0.00814;3.690358488009381e-05
0.008195000000000001;4.043367045073891e-05
0.00825;4.43072700485198e-05
0.008305;4.8562163575797466e-05
0.008360000000000001;5.324096714994106e-05
0.008415;5.839185648744176e-05
0.00847;6.406941597790173e-05
0.008525;7.033563859039107e-05
0.00858;7.726110749188503e-05
0.008635;8.49263974748254e-05
0.00869;9.342374341918438e-05
0.008745000000000001;0.00010285903461859957
0.0088;0.00011335420864102518
0.008855;0.000125050137480512
0.00891;0.0001381101234646486
0.008965;0.00015272415457117102
0.00902;0.00016911411104073197
0.009075;0.00018754017098711537
0.009130000000000001;0.00020830873704375633
0.009185;0.0002317823059072682
0.00924;0.0002583918378518844
0.009295000000000001;0.0002886523681310719
0.00935;0.0003231828573786606
0.009405;0.00036273163413766825
0.00946;0.00040820928491905074
0.009515000000000001;0.0004607315643500659
0.00957;0.0005216759352058782
0.009625;0.0005927568692493484
0.009680000000000001;0.000676127304200301
0.009735;0.0007745170781604745
0.00979;0.0008914244384673165
0.009845;0.0010313850036518877
0.0099;0.0012003558345634545
0.009955;0.0014062740566138452
0.01001;0.0016598861501709488
0.010065000000000001;0.0019760075514342183
0.01012;0.0023754858041527614
0.010175;0.0028883510722133797
0.01023;0.0035590443906275307
0.010285;0.00445543658017363
0.01034;0.005685107373520169
0.010395;0.007426351158293004
0.010450000000000001;0.00999118133828004
0.010505;0.013963955692667914
0.01056;0.020538480502487164
0.010615000000000001;0.03245108969346778
0.01067;0.057051480388295356
0.010725;0.11910515527405685
0.01078;0.3310659145735918
0.010835000000000001;0.9685880022655311
0.01089;0.47858191185772003
0.010945;0.1702099746745087
0.011000000000000001;0.08267084929415318
0.011055;0.048824161042173415
0.01111;0.032487541509870335
0.011165;0.023384834841866313
0.01122;0.017789454172529306
0.011275;0.014097460311284383
0.01133;0.011527914213185154
0.011385000000000001;0.00966378092467981
0.01144;0.008265813665583327
0.011495;0.007188689035877915
0.011550000000000001;0.006339922633761921
0.011605;0.005658332164574299
0.01166;0.005102097559675864
0.011715;0.00464182269075471
0.011770000000000001;0.004256338505443725
0.011825;0.003930075017703908
0.01188;0.003651365295051214
0.011935000000000001;0.003411321494549691
0.01199;0.0032030722786980455
0.012045;0.00302123444596607
0.0121;0.0028615398756448958
0.012155000000000001;0.0027205676110611827
0.01221;0.002595548454984719
0.012265;0.0024842204307475584
0.012320000000000001;0.0023847204813554354
0.012375;0.0022955023545589656
0.01243;0.002215273658979244
0.012485000000000001;0.0021429471258988617
0.01254;0.002077602515609969
0.012595;0.002018456583105657
0.01265;0.001964839204987349
0.012705000000000001;0.001916174259189529
0.01276;0.001871964202137204
0.012815;0.0018317775451627775
0.012870000000000001;0.001795238621280481
0.012925;0.0017620191740140994
0.01298;0.0017318314053310542
0.013035;0.0017044221993506503
0.013090000000000001;0.001679568299122977
0.013145;0.0016570722603008242
0.0132;0.001636759041465421
0.013255000000000001;0.0016184731188325211
0.01331;0.0016020760349465318
0.013365;0.0015874443082082653
0.01342;0.00157446764373386
0.013475;0.0015630473969137115
0.01353;0.001553095249742985
0.013585;0.001544532067000932
0.013640000000000001;0.0015372869050145252
0.013695;0.0015312961503424316
0.01375;0.0015265027694643827
0.013805000000000001;0.0015228556536333582
0.01386;0.001520309045576143
0.013915;0.0015188220368133759
0.01397;0.0015183581260995488
0.014025000000000001;0.0015188848309226558
0.01408;0.0015203733452033587
0.014135;0.0015227982373398079
0.014190000000000001;0.0015261371835885529
0.014245;0.0015303707324860485
0.0143;0.0015354820966158667
0.014355;0.0015414569685393911
0.014410000000000001;0.0015482833581416174
0.014465;0.0015559514490149774
0.01452;0.0015644534718215334
0.014575000000000001;0.0015737835928460353
0.01463;0.0015839378161870892
0.014685;0.0015949138982356578
0.014740000000000001;0.0016067112732655526
0.014795;0.0016193309891117007
0.01485;0.0016327756520457138
0.014905;0.0016470493800726403
0.014960000000000001;0.0016621577639743738
0.015015;0.0016781078355142087
0.01507;0.0016949080422961522
0.015125000000000001;0.001712568228841156
0.01518;0.0017310996235047691
0.015235;0.0017505148309168502
0.01529;0.0017708278296717146
0.015345000000000001;0.0017920539750437374
0.0154;0.0018142100065436924
0.015455;0.0018373140601671395
0.015510000000000001;0.001861385685221567
0.015565;0.0018864458656512426
0.01562;0.00191251704580555
0.015675;0.0019396231606285863
0.01573;0.0019677896702698897
0.015785;0.001997043599145288
0.01584;0.0020274135794989966
0.015895;0.002058929899543315
0.01595;0.0020916245562747544
0.016005000000000002;0.002125531313090849
0.01606;0.002160685762353064
0.016115;0.002197125393067236
0.01617;0.0022348896638757112
0.016225;0.0022740200815807737
0.01628;0.0023145602854459874
0.016335000000000002;0.0023565561375466218
0.016390000000000002;0.0024000558194699107
0.016445;0.002445109935695036
0.0165;0.0024917716240143934
0.016555;0.0025400966733891786
0.01661;0.0025901436496680594
0.016665;0.0026419740296369943
0.016720000000000002;0.0026956523439038054
0.016775;0.002751246329169664
0.01683;0.0028088270904790564
0.016885;0.0028684692740958617
0.01694;0.002930251251702422
0.016995;0.0029942553166768943
0.01705;0.0030605678932662445
0.017105000000000002;0.003129279759543306
0.01716;0.00320048628510246
0.017215;0.0032742876845365696
0.01727;0.0033507892878154215
0.017325;0.0034301018287869254
0.01738;0.0035123417531220938
0.017435;0.0035976315471344033
0.017490000000000002;0.0036861000890266726
0.017545;0.003777883024256428
0.0176;0.003873123166844542
0.017655;0.003971970928626317
0.01771;0.004074584778597432
0.017765;0.00418113173472127
0.01782;0.004291787890750534
0.017875000000000002;0.00440673898086108
0.01793;0.004526180985137663
0.017985;0.004650320779230561
0.01804;0.004779376831811557
0.018095;0.004913579953779204
0.01815;0.005053174103549326
0.018205;0.00519841725315547
0.018260000000000002;0.005349582320350481
0.018315;0.005506958172384424
0.01837;0.005670850707688451
0.018425;0.005841584022296965
0.01848;0.0060195016685263185
0.018535;0.00620496801415671
0.018590000000000002;0.00639836971120884
0.018645000000000002;0.00660011728431842
0.0187;0.006810646849741807
0.018755;0.007030421977165252
0.01881;0.007259935707761914
0.018865;0.007499712743356918
0.01892;0.00775031182315313
0.018975000000000002;0.008012328306236834
0.019030000000000002;0.008286396980068228
0.019085;0.0085731951173769
0.01914;0.00887344580639833
0.019195;0.009187921582154333
0.01925;0.00951744838967241
0.019305;0.009862909913533663
0.019360000000000002;0.010225252312185571
0.019415;0.010605489399935926
0.01947;0.011004708324642475
0.019525;0.01142407579487858
0.01958;0.011864844916905237
0.019635;0.01232836270914228
0.01969;0.012816078370289068
0.019745000000000002;0.01332955238676692
0.0198;0.013870466576069834
0.019855;0.014440635175027047
0.01991;0.015042017096132837
0.019965;0.015676729491313206
0.02002;0.01634706278108261
0.020075;0.01705549732825069
0.020130000000000002;0.017804721959834995
0.020185;0.01859765456880198
0.02024;0.01943746505970929
0.020295;0.020327600939426864
0.02035;0.02127181589725086
0.020405;0.022274201768301465
0.02046;0.023339224331749
0.020515000000000002;0.024471763462003332
0.02057;0.02567715822838634
0.020625;0.02696125762868713
0.02068;0.028330477746559432
0.020735;0.029791866244313216
0.02079;0.0313531752445676
0.020845000000000002;0.03302294381943632
0.020900000000000002;0.03481059149893611
0.020955;0.03672652443539866
0.02101;0.03878225612344403
0.021065;0.04099054488183945
0.02112;0.04336555066100249
0.021175;0.04592301415650928
0.021230000000000002;0.04868046169299296
0.021285000000000002;0.05165743990381573
0.02134;0.05487578487971079
0.021395;0.05835993120314262
0.02145;0.062137267132055925
0.021505;0.0662385431517151
0.02156;0.07069834217283587
0.021615000000000002;0.07555562080637343
0.021670000000000002;0.08085433235540081
0.021725;0.08664414337292847
0.02178;0.09298125672922863
0.021835;0.09992935493452465
0.02189;0.10756067767823417
0.021945;0.11595724671683345
0.022000000000000002;0.1252122486601428
0.022055;0.1354315807951068
0.02211;0.14673555522804188
0.022165;0.15926073993179352
0.02222;0.17316188824982276
0.022275;0.18861386601286803
0.02233;0.20581342058517776
0.022385000000000002;0.22498053919643848
0.02244;0.2463590021190939
0.022495;0.2702155339765757
0.02255;0.2968366765682905
0.022605;0.32652213474267666
0.02266;0.35957288129928067
0.022715;0.3962717779287075
0.022770000000000002;0.43685397315147306
0.022825;0.48146409042934984
0.02288;0.5300976218180418
0.022935;0.5825256376104221
0.02299;0.6382057609875263
0.023045;0.696189129652299
0.023100000000000002;0.7550428130802948
0.023155000000000002;0.8128179804389898
0.02321;0.8671009747019103
0.023265;0.9151792968739012
0.02332;0.9543298504294065
0.023375;0.9821931388484783
0.02343;0.9971497743841066
0.023485000000000002;0.9985919308807599
0.023540000000000002;0.9870042755068714
0.023595;0.9638326200936317
0.02365;0.9311917788745434
0.023705;0.891508618611573
0.02376;0.8471951909785113
0.023815;0.8004119834095481
0.023870000000000002;0.7529380904883443
0.023925000000000002;0.7061332899970107
0.02398;0.6609629240645402
0.024035;0.618056388805691
0.02409;0.5777769784854601
0.024145;0.5402892366105553
0.0242;0.5056169187099884
0.024255000000000002;0.47368933660637763
0.024310000000000002;0.4443764863055216
0.024365;0.4175145629774289
0.02442;0.39292380852316205
0.024475;0.37042053619469056
0.02453;0.34982489199579475
0.024585;0.3309655863262272
0.024640000000000002;0.31368252900979604
0.024695;0.2978280514953127
0.02475;0.2832672051079656
0.024805;0.26987747769794157
0.02486;0.25754816395250757
0.024915;0.2461795479503343
0.024970000000000003;0.23568200254865293
0.025025000000000002;0.22597507272752113
0.02508;0.21698658436612242
0.025135;0.2086518026183025
0.02519;0.20091265256092955
0.025245;0.1937170073129198
0.0253;0.1870180440906171
0.025355000000000003;0.18077366578913853
0.025410000000000002;0.17494598404299277
0.025465;0.16950085889726874
0.02552;0.16440748992415236
0.025575;0.1596380536502615
0.02563;0.15516738238689884
0.025685;0.15097267989131494
0.025740000000000002;0.14703326967283345
0.025795000000000002;0.14333037215948857
0.02585;0.1398469073340183
0.025905;0.13656731982092352
0.02596;0.13347742375098107
0.026015;0.13056426504346702
0.02607;0.12781599902837146
0.026125000000000002;0.12522178158316674
0.026180000000000002;0.12277167218148995
0.026235;0.12045654744835502
0.02629;0.11826802398956363
0.026345;0.11619838941486023
0.0264;0.11424054060743626
0.026455;0.11238792840866237
0.026510000000000002;0.11063450798841698
0.026565000000000002;0.10897469426020218
0.02662;0.10740332177775744
0.026675;0.10591560861748289
0.02673;0.10450712381008831
0.026785;0.10317375793672713
0.02684;0.1019116965498534
0.026895000000000002;0.10071739611882388
0.02695;0.09958756223478507
0.027005;0.0985191298397721
0.02706;0.09750924527176666
0.027115;0.09655524994068984
0.02717;0.09565466547100886
0.027225000000000003;0.09480518016483183
0.027280000000000002;0.09400463665517166
0.027335;0.09325102063334663
0.02739;0.09254245054683014
0.027445;0.09187716817487995
0.0275;0.0912535299990741
0.027555;0.09066999929446357
0.027610000000000003;0.09012513887476181
0.027665000000000002;0.08961760443176182
0.02772;0.08914613841524166
0.027775;0.08870956440500834
0.02783;0.08830678193153113
0.027885;0.08793676170589661
0.02794;0.0875985412236343
0.027995000000000003;0.0872912207104105
0.028050000000000002;0.08701395938063486
0.028105;0.08676597198275102
0.02816;0.08654652560747339
0.028215;0.08635493673742786
0.02827;0.08619056851865509
0.028325;0.08605282823618085
0.028380000000000002;0.08594116497753385
0.028435000000000002;0.08585506746948068
0.02849;0.08579406207459246
0.028545;0.08575771093544542
0.0286;0.08574561025529162
0.028655;0.08575738870504175
0.02871;0.08579270594727506
0.028765000000000002;0.0858512512687595
0.028820000000000002;0.08593274231372822
0.028875;0.08603692391076757
0.02893;0.08616356698684331
0.028985;0.08631246756244555
0.02904;0.08648344582240904
0.029095;0.08667634525738611
0.029150000000000002;0.08689103187138389
0.029205000000000002;0.08712739345114875
0.02926;0.08738533889359172
0.029315;0.08766479758772792
0.02937;0.08796571884802366
0.029425;0.08828807139632576
0.029480000000000003;0.08863184288995365
0.029535000000000002;0.0889970394939515
0.02959;0.0893836854960547
0.029645;0.08979182296369345
0.0297;0.09022151144352124
0.029755;0.09067282770594873
0.02981;0.09114586554066759
0.029865000000000003;0.09164073561579392
0.029920000000000002;0.09215756542668059
0.029975;0.09269649938907469
0.03003;0.09325769919697004
0.030085;0.09384134472868065
0.03014;0.0944476362319745
0.030195;0.09507679990675921
0.030250000000000003;0.09572910406574162
0.030305000000000002;0.09640491618680266
0.03036;0.09710498038075033
0.030415;0.09783291886544213
0.03047;0.0988984261851803
0.030525;0.09935949533808375
0.03058;0.10014306768888082
0.030635000000000003;0.10096222628518214
0.030690000000000002;0.10180804577939034
0.030745;0.1026799733142843
0.0308;0.10357818118379865
0.030855;0.104502999063946
0.03091;0.10545481430298108
0.030965;0.10643404608703277
0.031020000000000002;0.10744113704088569
0.031075000000000002;0.10847655009524523
0.03113;0.10954076724331872
0.031185;0.11063428906938806
0.03124;0.1117576346281691
0.031295;0.11291134149889855
0.03135;0.11409596593427847
0.031405;0.11531208306529331
0.03146;0.11656028714178476
0.031515;0.11784119179759835
0.03157;0.11915543033400258
0.031625;0.12050365601701814
0.03168;0.12188654238652015
0.031735;0.1233047835746925
0.03179;0.12475909463266899
0.031845;0.12625021186395252
0.0319;0.12777889316355828
0.031955000000000004;0.12934591836177747
0.032010000000000004;0.13095208957151613
0.032065;0.13259823153806527
0.03212;0.1342851919902615
0.032175;0.13601384199176186
0.03223;0.13778507629124398
0.032285;0.1395998136700904
0.03234;0.14145899728619937
0.032395;0.14336359501230597
0.03245;0.14531459976720099
0.032505;0.14731302983794864
0.03256;0.1493599291913259
0.032615;0.15145636777225635
0.032670000000000005;0.15360344178712004
0.032725000000000004;0.15580227396946758
0.032780000000000004;0.15805401382559692
0.032835;0.16035983785726907
0.03289;0.16272094975852897
0.032945;0.1651385805835003
0.033;0.1676139888817974
0.033055;0.17014846079788476
0.03311;0.1727433101305001
0.033165;0.1753998783480972
0.03322;0.17811953455580345
0.033275;0.180903675409247
0.03333;0.18375372497034148
0.033385;0.186671134499602
0.033440000000000004;0.18965738217947797
0.033495000000000004;0.19271397276278557
0.03355;0.1958424371397801
0.033605;0.1990443318174954
0.03366;0.2023212383040318
0.033715;0.20567476239066337
0.03377;0.20910653332386375
0.033825;0.21261820285917224
0.03388;0.21621144418824642
0.033935;0.21988795073037015
0.03399;0.2236494347788409
0.034045;0.22749762599285914
0.0341;0.23143426972440004
0.034155;0.23546112517010034
0.034210000000000004;0.23957996333695356
0.034265000000000004;0.24379256481100348
0.03432;0.248100717317347
0.034375;0.25250621305992266
0.03443;0.25701084582909484
0.034485;0.26161640786498336
0.03454;0.2663246864641216
0.034595;0.27113746031747543
0.03465;0.27605649556717776
0.034705;0.28108354157016757
0.03476;0.2862203263563858
0.034815;0.2914685517701593
0.03487;0.29682988828340456
0.034925000000000005;0.3023059694699712
0.034980000000000004;0.3078983861310857
0.035035000000000004;0.31360868006311343
0.03509;0.3194383374592072
0.035145;0.32538878193847637
0.0352;0.3314613671970894
0.035255;0.33765736927795637
0.03531;0.3439779784572771
0.035365;0.35042429074856163
0.03542;0.3569972990271037
0.035475;0.3636978837809097
0.03553;0.37052680349695466
0.035585;0.37748468469505037
0.03564;0.38457201162527205
0.035695000000000005;0.39178911564923635
0.035750000000000004;0.39913616432928833
0.035805000000000003;0.40661315025513556
0.03586;0.4142198796414303
0.035915;0.42195596073603236
0.03597;0.42982079208384383
0.036025;0.43781355069657907
0.03608;0.44593318018565803
0.036135;0.4541783789206793
0.03619;0.4625475882828686
0.036245;0.47103898108929193
0.0363;0.479650450269194
0.036355;0.4883795978811176
0.03641;0.4972237245647387
0.036465000000000004;0.5061798195274084
0.036520000000000004;0.5152445511707698
0.036575;0.5244142584674952
0.03663;0.5336849432025219
0.036685;0.5430522631965687
0.03674;0.5525115266321162
0.036795;0.5620576876033138
0.03685;0.5716853430118954
0.036905;0.5813887309298195
0.03696;0.5911617305466614
0.037015;0.6009978638156369
0.03707;0.6108902989068178
0.037125;0.6208318555674106
0.037180000000000005;0.6308150124806757
0.037235000000000004;0.640831916702332
0.037290000000000004;0.6508743952413507
0.037345;0.6609339688359999
0.0374;0.6710018679589833
0.037455;0.6810690510672215
0.03751;0.6911262250913678
0.037565;0.7011638681380468
0.03762;0.7111722543555506
0.037675;0.7211414808891651
0.03773;0.7310614968285776
0.037785;0.740922134024736
0.03784;0.7507131396290022
0.037895;0.7604242101832839
0.037950000000000005;0.770045027067013
0.038005000000000004;0.7795652930848433
0.038060000000000004;0.7889747699586346
0.038115;0.7982633164696628
0.03817;0.807420926982136
0.038225;0.816437770065695
0.03828;0.8253042269265877
0.038335;0.8340109293506244
0.03839;0.8425487968598083
0.038445;0.8509090727862656
0.0385;0.859083358972844
0.038555;0.8670636488195483
0.03861;0.8748423584090593
0.038665;0.8824123554609775
0.038720000000000004;0.8897669858860445
0.038775000000000004;0.8969000977345308
0.03883;0.9038060623599997
0.038885;0.9104797926483204
0.03894;0.9169167581920349
0.038995;0.9231129973226839
0.03905;0.9290651259456296
0.039105;0.9347703431553627
0.03916;0.940226433641695
0.039215;0.9454317669286801
0.03927;0.9503852935191508
0.039325;0.9550865380459953
0.03938;0.9595355895580512
0.039435000000000005;0.9637330890926165
0.039490000000000004;0.96768021470773
0.039545000000000004;0.9713786641659558
0.0396;0.9748306354762244
0.039655;0.9780388055126931
0.03971;0.9810063069378653
0.039765;0.9837367036631278
0.03982;0.9862339650821261
0.039875;0.9885024393118315
0.03993;0.990546825673038
0.039985;0.9923721466362282
0.04004;0.993983719450502
0.040095;0.9953871276635166
0.04015;0.9965881927282878
0.040205000000000005;0.9975929458798727
0.040260000000000004;0.9984076004504214
0.040315000000000004;0.9990385247761483
0.04037;0.9994922158340231
0.040425;0.9997752737301466
0.04048;0.9998943771457223
0.040535;0.9998562598307738
0.04059;0.9996676882202664
0.040645;0.9993354402324925
0.0407;0.9988662852951723
0.040755;0.9982669656314692
0.04081;0.9975441788254478
0.040865;0.9967045616749358
0.04092;0.995754675329127
0.040975000000000004;0.9947009916987645
0.041030000000000004;0.9935498811180687
0.041085;0.9923076012302483
0.04114;0.9909802870616888
0.041195;0.9895739422445898
0.04125;0.9880944313430905
0.041305;0.9865474732342423
0.04136;0.9849386354922158
0.041415;0.9832733297220326
0.04147;0.9815568077876822
0.041525;0.9797941588785081
0.04158;0.9779903073576954
0.041635;0.976150011336775
0.041690000000000005;0.9742778619207941
0.041745000000000004;0.9723782830699326
0.041800000000000004;0.9704555320245886
0.041855;0.9685137002427919
0.04191;0.9665567148005412
0.041965;0.9645883402078573
0.04202;0.9626121805953769
0.042075;0.9606316822288046
0.04213;0.958650136310761
0.042185;0.9566706820319795
0.04224;0.954696309836286
0.042295;0.952729864866091
0.04235;0.9507740505575479
0.042405;0.9488314323568561
0.042460000000000005;0.9469044415312873
0.042515000000000004;0.9449953790509094
0.042570000000000004;0.943106419518859
0.042625;0.9412396151301754
0.04268;0.9393968996409594
0.042735;0.9375800923315559
0.04279;0.9357909019490195
0.042845;0.9340309306159628
0.0429;0.9323016776939896
0.042955;0.9306045435917941
0.04301;0.9289408335088578
0.043065;0.92731176110726
0.04312;0.9257184521049481
0.043175;0.9241619477849918
0.043230000000000005;0.9226432084162712
0.043285000000000004;0.9211631165818593
0.043340000000000004;0.9197224804122082
0.043395;0.9183220367208783
0.04345;0.9169624540413014
0.043505;0.915644335563578
0.04356;0.9143682219708072
0.043615;0.9131345941750161
0.04367;0.9119438759530591
0.043725;0.9107964364833308
0.04378;0.9096925927843361
0.043835;0.908632612056543
0.04389;0.9076167139291949
0.043945000000000005;0.9066450726138711
0.044000000000000004;0.9057178189668605
0.044055000000000004;0.9048350424625418
0.04411;0.9039967930800443
0.044165;0.9032030831056505
0.04422;0.9024538888533935
0.044275;0.9017491523064493
0.04433;0.9010887826818873
0.044385;0.9004726579214589
0.04444;0.8999006261110545
0.044495;0.8993725068315087
0.04455;0.8988880924433978
0.044605;0.8984471493084858
0.04466;0.8980494189504588
0.044715000000000005;0.8976946191575177
0.044770000000000004;0.8973824450294141
0.044825000000000004;0.897112569971454
0.04488;0.896884646637961
0.044935;0.8966983078276343
0.04499;0.8965531673331743
0.045045;0.8964488207475592
0.0451;0.8963848462292294
0.045155;0.8963608052285149
0.04521;0.8963762431771778
0.045265;0.8964306901438264
0.04532;0.8965236614565442
0.045375;0.8966546582953948
0.04543;0.8968231682564417
0.045485000000000005;0.89702866588938
0.045540000000000004;0.8972706132106879
0.045595000000000004;0.8975484601941764
0.04565;0.897861645240806
0.045705;0.8982095956296976
0.04576;0.8985917279520999
0.045815;0.8990074485302899
0.04587;0.8994561538233404
0.045925;0.8999372308216934
0.04598;0.9004500574327496
0.046035;0.9009940028597421
0.04609;0.9015684279764175
0.046145;0.9021726857004692
0.046200000000000005;0.9028061213690365
0.046255000000000004;0.9034680731204121
0.046310000000000004;0.9041578722869068
0.046365;0.9048748438053069
0.04642;0.9056183066531891
0.046475;0.9063875743222045
0.04653;0.9071819553433961
0.046585;0.9080007538855372
0.04664;0.9088432704562244
0.046695;0.9097088027488085
0.04675;0.9105966466985909
0.046805;0.9115060978438411
0.04686;0.9124364531385729
0.046915;0.9133870134482065
0.046970000000000005;0.9143570871012415
0.047025000000000004;0.9153459951158184
0.047080000000000004;0.9163530791602066
0.047135;0.9173777141240491
0.04719;0.9184193287609792
0.047245;0.9194774410843194
0.0473;0.9205517221262257
0.047355;0.9216421176034547
0.04741;0.9227490967258052
0.047465;0.923874206503141
0.04752;0.9250214496846108
0.047575;0.926201250899931
0.04763;0.9274445224220002
0.047685000000000005;0.9288719878903567
0.047740000000000005;0.9313406732941528
0.047795000000000004;1.043404854492353
0.047850000000000004;0.9350734840939617
0.047905;0.9337491764029445
0.04796;0.9345389034033121
0.048015;0.9355997371430211
0.04807;0.936737709071465
0.048125;0.9379071493080897
0.04818;0.939092410005554
0.048235;0.9402866549734555
0.04829;0.941486282566692
0.048345;0.9426890744063132
0.0484;0.9438934744110662
0.048455000000000005;0.9450982730872567
0.048510000000000005;0.9463024562703038
0.048565000000000004;0.9475051273230669
0.048620000000000003;0.9487054647670041
0.048675;0.9499026981174857
0.04873;0.9510960935782339
0.048785;0.9522849453198236
0.04884;0.9534685700448321
0.048895;0.9546463035529165
0.04895;0.9558174985585898
0.049005;0.9569815233136734
0.04906;0.9581377607580805
0.049115;0.959285608023879
0.04917;0.9604244761794021
0.049225000000000005;0.9615537901382698
0.049280000000000004;0.9626729886826966
0.049335000000000004;0.9637815245661547
0.04939;0.9648788646710639
0.049445;0.9659644902039994
0.0495;0.9670378969159026
0.049555;0.9680985953379327
0.04961;0.9691461110261229
0.049665;0.9701799848094208
0.04972;0.9711997730371884
0.049775;0.9722050478228741
0.04983;0.9731953972813258
0.049885;0.9741704257577457
0.049940000000000005;0.9751297540465542
0.049995000000000005;0.9760730195988093
0.050050000000000004;0.976999876717031
0.050105000000000004;0.9779099967364201
0.05016;0.9788030681916811
0.050215;0.97967879696873
0.05027;0.9805369064407018
0.050325;0.9813771375877222
0.05038;0.982199249100057
0.050435;0.9830030174642255
0.05049;0.983788237031862
0.050545;0.9845547200710144
0.0506;0.9853022967997312
0.050655;0.9860308154018476
0.050710000000000005;0.9867401420248272
0.050765000000000005;0.9874301607596743
0.050820000000000004;0.9881007736029203
0.050875000000000004;0.9887519004007423
0.05093;0.989383478775305
0.050985;0.9899954640334981
0.05104;0.9905878290582494
0.051095;0.9911605641822063
0.05115;0.9917136770455771
0.051205;0.9922471924356501
0.05126;0.9927611521112516
0.051315;0.9932556146105544
0.05137;0.9937306550434225
0.051425;0.994186364868458
0.051480000000000005;0.9946228516552685
0.051535000000000004;0.9950402388323782
0.051590000000000004;0.9954386654212587
0.051645;0.9958182857569992
0.0517;0.9961792691961264
0.051755;0.9965217998121174
0.05181;0.9968460760791367
0.051865;0.9971523105446077
0.05192;0.9974407294910812
0.051975;0.997711572588252
0.05203;0.9979650925352908
0.052085;0.9982015546945072
0.05214;0.9984212367167006
0.052195000000000005;0.9986244281588784
0.052250000000000005;0.9988114300949144
0.052305000000000004;0.9989825547197694
0.052360000000000004;0.9991381249478399
0.052415;0.9992784740060485
0.05247;0.9994039450222038
0.052525;0.9995148906092443
0.05258;0.9996116724458636
0.052635;0.9996946608540854
0.05269;0.9997642343742912
0.052745;0.9998207793381486
0.0528;0.9998646894399847
0.052855;0.9998963653069587
0.05291;0.9999162140684836
0.052965000000000005;0.9999246489252471
0.053020000000000005;0.9999220887181559
0.053075000000000004;0.9999089574974475
0.053130000000000004;0.9998856840922055
0.053185;0.9998527016803953
0.05324;0.999810447359419
0.053295;0.999759361717151
0.05335;0.9996998884031282
0.053405;0.999632473699492
0.05346;0.999557566090816
0.053515;0.9994756158316476
0.05357;0.9993870745098495
0.053625;0.9992923946028723
0.05368;0.9991920290224532
0.053735000000000005;0.9990864306406922
0.053790000000000004;0.9989760517859017
0.053845000000000004;0.9988613436885184
0.0539;0.9987427558419439
0.053955;0.998620735211362
0.05401;0.9984957251529394
0.054065;0.9983681637301824
0.05412;0.9982384806093038
0.054175;0.9981070899245831
0.05423;0.997974367544076
0.054285;0.9978405009978952
0.05434;0.9990692303775419
0.054395;0.9993881772795657
0.054450000000000005;0.9995598722790175
0.054505000000000005;0.9996697202904122
0.054560000000000004;0.9997450098504905
0.054615000000000004;0.9997983867012682
0.05467;0.9998368278998939
0.054725;0.9998646064125469
0.05478;0.9998845287169178
0.054835;0.9998985329211433
0.05489;0.9999080087927783
0.054945;0.9999139823925817
0.055;0.9999172289816504
0.055055;0.999918345348432
0.05511;0.9999177979323904
0.055165;0.9999159558716623
0.055220000000000005;0.9999131143126208
0.055275000000000005;0.999909511231922
0.055330000000000004;0.9999053398200597
0.055385000000000004;0.999900757757244
0.05544;0.9998958942687749
0.055495;0.9998908555648894
0.05555;0.9998857290863756
0.055605;0.9998805868545245
0.05566;0.9998754881405377
0.055715;0.9998704816118522
0.05577;0.9998656070719144
0.055825;0.999860896881013
0.05588;0.9998563771245824
0.055935;0.9998520685798339
0.055990000000000005;0.9998479875202967
0.056045000000000005;0.9998441463888261
0.056100000000000004;0.9998405543635545
0.056155000000000004;0.9998372178359105
0.05621;0.9998341408160155
0.056265;0.9998313252779432
0.05632;0.9998287714547498
0.056375;0.9998264780914929
0.05643;0.9998244426628327
0.056485;0.9998226615607645
0.05654;0.9998211302569813
0.056595;0.9998198434436418
0.05665;0.9998187951556917
0.056705000000000005;0.9998179788773858
0.056760000000000005;0.9998173876351678
0.056815000000000004;0.9998170140788656
0.056870000000000004;0.9998168505527053
0.056925;0.9998168891575273
0.05698;0.9998171218053576
0.057035;0.9998175402672894
0.05709;0.9998181362155455
0.057145;0.9998189012604145
0.0572;0.9998198269827344
0.057255;0.999820904962391
0.05731;0.9998221268033699
0.057365;0.9998234841557357
0.05742;0.9998249687348729
0.057475000000000005;0.9998265723383554
0.057530000000000005;0.9998282868606515
0.057585000000000004;0.9998301043059314
0.057640000000000004;0.9998320167991982
0.057695;0.9998340165958935
0.05775;0.9998360960901337
0.057805;0.9998382478217908
0.05786;0.9998404644824062
0.057915;0.9998427389202007
0.05797;0.9998450641441495
0.058025;0.9998474333272853
0.05808;0.9998498398092571
0.058135;0.9998522770982335
0.05819;0.999854738872208
0.058245000000000005;0.9998572189797068
0.058300000000000005;0.9998597114400073
0.058355000000000004;0.9998622104428291
0.058410000000000004;0.9998647103475674
0.058465;0.9998672056820399
0.05852;0.9998696911407915
0.058575;0.9998721615828899
0.05863;0.9998746120292334
0.058685;0.9998770376593298
0.05874;0.9998794338074132
0.058795;0.9998817959579014
0.05885;0.9998841197399669
0.058905;0.9998864009211236
0.058960000000000005;0.9998886353994767
0.059015000000000005;0.9998908191943746
0.059070000000000004;0.9998929484349105
0.059125000000000004;0.9998950193456116
0.05918;0.9998970282283127
0.059235;0.9998989714388948
0.05929;0.9999008453568016
0.059345;0.9999026463444501
0.0594;0.9999043706921447
0.059455;0.9999060145418012
0.05951;0.9999075737791807
0.059565;0.9999090438783143
0.05962;0.9999104196714818
0.059675;0.9999116950005236
0.059730000000000005;0.9999128621729843
0.059785000000000005;0.9999139110868249
0.059840000000000004;0.9999148277702241
0.059895000000000004;0.9999155918425036
0.05995;0.9999161718801924
0.060005;0.9999165164534133
0.06006;0.9999165355211269
0.060115;0.9999160582470829
0.06017;0.9999147257955244
0.060225;0.9999116734864851
0.06028;0.9999043536155491
0.060335;0.9998822926641645
0.06039;0.9997579456467044
0.060445;0.7334790947181
0.060500000000000005;0.9997651857186024
0.060555000000000005;0.9998808738611231
0.060610000000000004;0.9999027669166385
0.060665000000000004;0.9999102946488875
0.06072;0.9999135301058776
0.060775;0.9999149945477211
0.06083;0.9999155605156183
0.060885;0.9999155954173706
0.06094;0.9999152760140407
0.060995;0.9999146960234266
0.06105;0.9999139089756781
0.061105;0.9999129473162295
0.06116;0.9999118316970752
0.061215000000000006;0.9999105758223329
0.061270000000000005;0.9999091891235048
0.061325000000000005;0.999907678308715
0.061380000000000004;0.9999060482965073
0.061435000000000003;0.999904302798483
0.06149;0.9999024446937635
0.061545;0.9999004762759386
0.0616;0.9998983994195085
0.061655;0.9998962156943898
0.06171;0.9998939264459175
0.061765;0.9998915328516008
0.06182;0.9998890359618254
0.061875;0.9998864367293774
0.06193;0.9998837360309708
0.061985000000000005;0.9998809346830309
0.062040000000000005;0.9998780334532859
0.062095000000000004;0.9998750330692837
0.062150000000000004;0.9998719342245631
0.062205;0.9998687375831005
0.06226;0.9998654437824425
0.062315;0.9998620534358098
0.06237;0.9998585671334287
0.062425;0.9998549854432447
0.06248;0.9998513089111817
0.06253500000000001;0.9998475380609956
0.06259;0.9998436733938693
0.062645;0.9998397153877372
0.0627;0.9998356644964794
0.062755;0.9998315211488946
0.06281;0.9998272857476197
0.062865;0.9998229586679207
0.06292;0.999818540256428
0.062975;0.9998140308297904
0.06303;0.999809430673285
0.063085;0.9998047400394064
0.06314;0.9997999591464121
0.063195;0.9997950881768283
0.06325;0.9997901272759665
0.063305;0.9997850765503854
0.06336;0.9997799360663713
0.063415;0.9997747058483951
0.06347;0.999769385877548
0.063525;0.9997639760899824
0.06358;0.9997584763753468
0.063635;0.999752886575193
0.06369;0.9997472064813877
0.063745;0.9997414358345329
0.0638;0.9997355743223402
0.06385500000000001;0.9997296215780265
0.06391000000000001;0.9997235771786919
0.06396500000000001;0.9997174406436682
0.06402000000000001;0.9997112114328947
0.06407500000000001;0.9997048889452421
0.06413;0.9996984725168364
0.064185;0.9996919614193723
0.06424;0.9996853548584096
0.064295;0.9996786519716344
0.06435;0.9996718518271178
0.064405;0.9996649534215496
0.06446;0.9996579556784299
0.064515;0.9996508574462606
0.06457;0.9996436574966869
0.064625;0.999636354522634
0.06468;0.9996289471363736
0.064735;0.9996214338675924
0.06479;0.9996138131614102
0.064845;0.9996060833763488
0.0649;0.99959824278227
0.064955;0.9995902895582768
0.06501;0.9995822217905543
0.065065;0.9995740374701586
0.06512;0.9995657344907753
0.065175;0.9995573106463955
0.06523;0.9995487636289614
0.065285;0.999540091025924
0.06534000000000001;0.9995312903177617
0.06539500000000001;0.9995223588754182
0.06545000000000001;0.9995132939576686
0.06550500000000001;0.9995040927084228
0.06556000000000001;0.9994947521539453
0.065615;0.9994852691999895
0.06567;0.9994756406288656
0.065725;0.9994658630963978
0.06578;0.9994559331288063
0.065835;0.9994458471194954
0.06589;0.999435601325723
0.065945;0.9994251918651896
0.066;0.9994146147125038
0.066055;0.9994038656955446
0.06611;0.9993929404917004
0.066165;0.9993818346239857
0.06622;0.9993705434570446
0.066275;0.9993590621929974
0.06633;0.999347385867183
0.066385;0.9993355093437226
0.06644;0.9993234273109748
0.066495;0.9993111342768042
0.06655;0.9992986245637113
0.066605;0.9992858923037929
0.06666;0.9992729314335214
0.066715;0.9992597356883686
0.06677;0.9992462985972167
0.066825;0.9992326134766102
0.06688000000000001;0.9992186734247785
0.06693500000000001;0.9992044713154807
0.06699000000000001;0.9991899997916072
0.06704500000000001;0.9991752512586078
0.0671;0.9991602178776354
0.067155;0.9991448915584908
0.06721;0.9991292639523137
0.067265;0.9991133264440164
0.06732;0.9990970701444479
0.067375;0.9990804858823112
0.06743;0.9990635641957446
0.067485;0.9990462953237008
0.06754;0.9990286691968904
0.067595;0.9990106754285705
0.06765;0.9989923033048546
0.067705;0.9989735417747567
0.06776;0.9989543794401864
0.067815;0.9989348045445638
0.06787;0.9989148049625345
0.067925;0.9988943681881662
0.06798;0.9988734813231936
0.068035;0.9988521310647731
0.06809;0.9988303036927931
0.068145;0.9988079850567713
0.0682;0.9987851605622583
0.068255;0.9987618151567847
0.06831;0.9987379333152973
0.06836500000000001;0.9987134990250712
0.06842000000000001;0.9986884957701482
0.06847500000000001;0.9986629065151399
0.06853000000000001;0.9986367136885201
0.06858500000000001;0.9986098991653161
0.06864;0.9985824442491622
0.068695;0.9985543296537511
0.06875;0.9985255354836021
0.068805;0.9984960412141651
0.06886;0.9984658256712142
0.068915;0.9984348670095071
0.06897;0.9984031426906876
0.069025;0.9983706294604017
0.06908;0.9983373033246169
0.069135;0.9983031395250758
0.06919;0.9982681125138821
0.069245;0.9982321959272051
0.0693;0.9981953625580118
0.069355;0.9981575843278586
0.06941;0.9981188322576585
0.069465;0.9980790764374262
0.06952;0.9980382859949117
0.069575;0.9979964290631607
0.06963;0.997953472746873
0.069685;0.9979093830876054
0.06974;0.9978641250276986
0.069795;0.9978176623729343
0.06985000000000001;0.9977699577538746
0.06990500000000001;0.9977209725857995
0.06996000000000001;0.9976706670272504
0.07001500000000001;0.9976189999370738
0.07007000000000001;0.9975659288299601
0.070125;0.9975114098304144
0.07018;0.9974553976250773
0.070235;0.9973978454133894
0.07029;0.9973387048565143
0.070345;0.9972779260244643
0.0704;0.9972154573414022
0.070455;0.9971512455290173
0.07051;0.9970852355479709
0.070565;0.9970173705373012
0.07062;0.9969475917517908
0.070675;0.9968758384971803
0.07073;0.9968020480632264
0.070785;0.996726155654529
0.07084;0.9966480943190816
0.070895;0.9965677948745
0.07095;0.9964851858318894
0.071005;0.9964001933173207
0.07106;0.9963127409908966
0.071115;0.9962227499633584
0.07117;0.9961301387102587
0.071225;0.9960348229836985
0.07128;0.9959367157216343
0.071335;0.9958357269548251
0.07139000000000001;0.9957317637114378
0.07144500000000001;0.9956247299194696
0.07150000000000001;0.9955145263070466
0.07155500000000001;0.9954010503007568
0.07161000000000001;0.995284195922338
0.071665;0.9951638536837991
0.07172;0.9950399104814646
0.071775;0.9949122494892828
0.07183;0.9947807500518553
0.071885;0.9946452875778838
0.07194;0.9945057334347012
0.071995;0.9943619548448129
0.07205;0.9942138147855222
0.072105;0.9940611718929503
0.07216;0.9939038803720222
0.072215;0.993741789914312
0.07227;0.9935747456260544
0.072325;0.9934025879690488
0.07238;0.9932251527177984
0.072435;0.9930422709369227
0.07249;0.9928537689836511
0.072545;0.9926594685413019
0.0726;0.9924591866909326
0.072655;0.9922527360297569
0.07271;0.9920399248470089
0.072765;0.991820557370169
0.07282;0.9915944340974674
0.07287500000000001;0.9913613522362461
0.07293000000000001;0.9911211062713745
0.07298500000000001;0.9908734886937473
0.07304000000000001;0.9906182909262902
0.07309500000000001;0.9903553044943185
0.07315;0.9900843224991368
0.073205;0.989805141469538
0.07326;0.9895175636858965
0.073315;0.9892214000982658
0.07337;0.9889164739949754
0.073425;0.9886026256236808
0.07348;0.9882797180307971
0.073535;0.9879476444669296
0.07359;0.9876063378213888
0.073645;0.9872557827062886
0.0737;0.9868960310279984
0.073755;0.9865272221924941
0.07381;0.9861496095273614
0.073865;0.9857635951344136
0.07392;0.985369776307965
0.073975;0.9849690080214668
0.07403;0.9845624880476236
0.074085;0.9841518744430081
0.07414;0.9837394500832939
0.074195;0.9833283568556633
0.07425;0.9829229350750176
0.074305;0.9825292254493104
0.07436000000000001;0.9821557285151045
0.07441500000000001;0.9818145835436531
0.07447000000000001;0.9815234530205087
0.07452500000000001;0.9813086380595748
0.07458000000000001;0.9812104337229809
0.074635;0.9812927658965956
0.07469;0.9816615035342
0.074745;0.9825016270772212
0.0748;0.9841590729486931
0.074855;0.9873405900354878
0.07491;0.9936728082512427
0.074965;1.0075877332852883
0.07502;1.0446815383881325
0.075075;1.1879582432904554
0.07513;1.9055757522783474
0.075185;1.3119655704395272
0.07524;1.0677069023963073
0.075295;1.0115959844442597
0.07535;0.9907604959904235
0.075405;0.9804387076134162
0.07546;0.9742490754174812
0.075515;0.9699835311453129
0.07557;0.9667176317001732
0.075625;0.9640091504950334
0.07568;0.9616244642994835
0.075735;0.9594301654404594
0.07579;0.9573450478200106
0.07584500000000001;0.9553168974147249
0.07590000000000001;0.9533104571432623
0.07595500000000001;0.9513008147877327
0.07601000000000001;0.9492695896312637
0.07606500000000001;0.94720264000432
0.07612000000000001;0.9450886345304615
0.076175;0.9429181328239709
0.07623;0.9406829767777171
0.076285;0.9383758767689063
0.07634;0.9359901233545618
0.076395;0.9335193816067633
0.07645;0.9309575409713589
0.076505;0.9282986031025608
0.07656;0.9255365960843
0.076615;0.9226655072440635
0.07667;0.9196792292304993
0.076725;0.9165715156581843
0.07678;0.913335943723106
0.076835;0.9099658819466022
0.07689;0.9064544617314508
0.076945;0.9027945517871392
0.077;0.8989787347515008
0.077055;0.8949992855355304
0.07711;0.8908481510697159
0.077165;0.8865169312487998
0.07722;0.8819968609672132
0.077275;0.8772787932194819
0.07733;0.8723531833101901
0.07738500000000001;0.8672100742853762
0.07744000000000001;0.8618390837600685
0.07749500000000001;0.8562293923810939
0.07755000000000001;0.8503697342297377
0.07760500000000001;0.8442483895384908
0.07766;0.8378531801700602
0.077715;0.8311714683873409
0.07777;0.8241901595301538
0.077825;0.8168957093096915
0.07788;0.809274136534214
0.077935;0.8013110421917023
0.07799;0.7929916359349097
0.078045;0.7843007711421629
0.0781;0.7752229898625469
0.078155;0.765742579093604
0.07821;0.755843639984021
0.078265;0.7455101716947619
0.07832;0.7347261717900329
0.078375;0.7234757551545261
0.07843;0.7117432935388208
0.078485;0.6995135779106647
0.07854;0.6867720058236398
0.078595;0.6735047959906826
0.07865;0.6596992321519302
0.078705;0.6453439381318383
0.07876;0.630429185668031
0.078815;0.614947236136646
0.07887000000000001;0.5988927166698088
0.07892500000000001;0.5822630303321651
0.07898000000000001;0.565058798965452
0.07903500000000001;0.5472843360049556
0.07909000000000001;0.5289481449950292
0.07914500000000001;0.5100634376798279
0.0792;0.4906486634271827
0.079255;0.47072803937992064
0.07931;0.4503320681815241
0.079365;0.42949802746263516
0.07942;0.4082704126307495
0.079475;0.3867013120265852
0.07953;0.36485069139299714
0.079585;0.34278656307959193
0.07964;0.3205850147277812
0.079695;0.29833007261933353
0.07975;0.2761133766810296
0.079805;0.2540336475351948
0.07986;0.2321959311252551
0.079915;0.21071061336045507
0.07997;0.18969220582625848
0.080025;0.16925791363084505
0.08008;0.149526007467202
0.080135;0.1306140333541348
0.08019;0.11263690452453982
0.080245;0.09570492970778308
0.0803;0.07992183974755147
0.08035500000000001;0.06538287930541803
0.08041000000000001;0.052173031710193635
0.08046500000000001;0.04036544243733511
0.08052000000000001;0.030020100190736344
0.08057500000000001;0.021182824393500617
0.08063000000000001;0.013884594697623528
0.080685;0.008141242799237456
0.08074;0.003953510489059417
0.080795;0.0013074616540706982
0.08085;0.00017522100388573067
0.080905;0.0005159995981232893
0.08096;0.00227735752730832
0.081015;0.005396647778105286
0.08107;0.009802582508520737
0.081125;0.015416863492560258
0.08118;0.02215582194991036
0.081235;0.029932018767012097
0.08129;0.03865576356467572
0.081345;0.04823651947872546
0.0814;0.05858416924744725
0.081455;0.0696101266869163
0.08151;0.08122828544650876
0.081565;0.09335580376927705
0.08162;0.10591372965506773
0.081675;0.11882747527234694
0.08173;0.13202715271229212
0.081785;0.14544778531547903
0.08184;0.15902940996514753
0.08189500000000001;0.17271708609086905
0.08195000000000001;0.1864608268265278
0.08200500000000001;0.20021546698224102
0.08206000000000001;0.2139404813639184
0.08211500000000001;0.22759976563511553
0.08217;0.2411613904701043
0.082225;0.2545973382741531
0.08228;0.2678832303157286
0.082335;0.2809980507630502
0.08239;0.29392387287985033
0.082445;0.30664559152431925
0.0825;0.3191506651200017
0.082555;0.3314288694268686
0.08261;0.34347206472832953
0.082665;0.3552739774577164
0.08272;0.36682999680360673
0.082775;0.3781369864442825
0.08283;0.3891931112582945
0.082885;0.399997678624059
0.08294;0.41055099374988996
0.082995;0.4208542283536849
0.08305;0.4309093019308798
0.083105;0.4407187748018379
0.08316;0.45028575210907934
0.083215;0.4596137979339589
0.08327;0.4687068587183981
0.083325;0.4775691952027908
0.08338000000000001;0.48620532212779793
0.08343500000000001;0.4946199549868503
0.08349000000000001;0.5028179631609485
0.08354500000000001;0.5108043288127443
0.08360000000000001;0.5185841109625878
0.08365500000000001;0.5261624142150326
0.08371;0.5335443616480293
0.083765;0.5407350714192489
0.08382;0.5477396366842607
0.083875;0.5545631084582946
0.08393;0.5612104810892574
0.083985;0.5676866800412563
0.08404;0.5739965517185717
0.084095;0.5801448550872114
0.08415;0.5861362548763438
0.084205;0.5919753161651677
0.08426;0.5976665001810955
0.084315;0.6032141611543166
0.08437;0.6086225440910513
0.084425;0.6138957833425169
0.08448;0.6190379018611614
0.084535;0.6240528110476665
0.08459;0.6289443111035662
0.084645;0.6337160918142444
0.0847;0.6383717336958721
0.084755;0.6429147094479419
0.08481;0.647348385660122
0.08486500000000001;0.6516760247283033
0.08492000000000001;0.6559007869405166
0.08497500000000001;0.6600257326982465
0.08503000000000001;0.6640538248431929
0.08508500000000001;0.6679879310632764
0.08514000000000001;0.6718308263554189
0.085195;0.6755851955254963
0.08525;0.6792536357084951
0.085305;0.6828386588946523
0.08536;0.6863426944490719
0.085415;0.6897680916143819
0.08547;0.6931171219876305
0.085525;0.696391981963904
0.08558;0.6995947951405984
0.085635;0.702727614677271
0.08569;0.7057924256068643
0.085745;0.7087911470952158
0.0858;0.711725634646125
0.085855;0.714597682250213
0.08591;0.7174090244761885
0.085965;0.7201613385035549
0.08602;0.7228562460963901
0.086075;0.725495315517971
0.08613;0.7280800633864922
0.086185;0.7306119564722571
0.08624;0.7330924134368856
0.086295;0.7355228065155582
0.08635;0.7379044631429921
0.08640500000000001;0.7402386675244226
0.08646000000000001;0.7425266621526876
0.08651500000000001;0.7447696492725938
0.08657000000000001;0.7469687922940047
0.08662500000000001;0.7491252171548457
0.08668000000000001;0.7512400136357957
0.086735;0.753314236627139
0.08679;0.7553489073506164
0.086845;0.7573450145362971
0.0869;0.7593035155567137
0.086955;0.7612253375194731
0.08701;0.7631113783195422
0.087065;0.7649625076528104
0.08712;0.7667795679921089
0.087175;0.7685633755271365
0.08723;0.7703147210693413
0.087285;0.7720343709233435
0.08734;0.7737230677258029
0.087395;0.7753815312530924
0.08745;0.7770104591989253
0.087505;0.7786105279229362
0.08756;0.7801823931714879
0.087615;0.7817266907715369
0.08767;0.7832440372987657
0.087725;0.7847350307208207
0.08778;0.7862002510167
0.087835;0.7876402607731395
0.08789000000000001;0.7890556057589139
0.08794500000000001;0.7904468154778937
0.08800000000000001;0.7918144037016639
0.08805500000000001;0.7931588689825019
0.08811000000000001;0.794480695147523
0.08816500000000001;0.7957803517745782
0.08822;0.7970582946508097
0.088275;0.7983149662143434
0.08833;0.7995507959799324
0.088385;0.8007662009490303
0.08844;0.8019615860050228
0.088495;0.8031373442940913
0.08855;0.804293857592325
0.088605;0.8054314966595681
0.08866;0.8065506215805921
0.088715;0.8076515820939347
0.08877;0.8087347179090604
0.088825;0.8098003590121283
0.08888;0.8108488259609132
0.088935;0.8118804301692449
0.08899;0.8128954741813604
0.089045;0.8138942519365812
0.0891;0.8148770490246598
0.089155;0.8158441429321545
0.08921;0.8167958032801852
0.089265;0.8177322920538522
0.08932;0.8186538638236914
0.08937500000000001;0.819560765959407
0.08943000000000001;0.8204532388362157
0.08948500000000001;0.8213315160340273
0.08954000000000001;0.8221958245297739
0.08959500000000001;0.8230463848831379
0.08965000000000001;0.8238834114158535
0.08970500000000001;0.8247071123849218
0.08976;0.8255176901498809
0.089815;0.8263153413343822
0.08987;0.8271002569822661
0.089925;0.8278726227083577
0.08998;0.8286326188441252
0.090035;0.8293804205784618
0.09009;0.8301161980936685
0.090145;0.8308401166969013
0.0902;0.8315523369471646
0.090255;0.8322530147780812
0.09031;0.832942301616514
0.090365;0.8336203444972381
0.09042;0.8342872861737847
0.090475;0.8349432652255702
0.09053;0.835588416161469
0.090585;0.8362228695199246
0.09064;0.8368467519657383
0.090695;0.8374601863836363
0.09075;0.8380632919687139
0.090805;0.8386561843138962
0.09086;0.8392389754944641
0.09091500000000001;0.8398117741498006
0.09097000000000001;0.8403746855623774
0.09102500000000001;0.8409278117341737
0.09108000000000001;0.8414712514604796
0.09113500000000001;0.8420051004012961
0.09119000000000001;0.8425294511503179
0.091245;0.8430443933016315
0.0913;0.8435500135141685
0.091355;0.8440463955739838
0.09141;0.8445336204544867
0.091465;0.8450117663745633
0.09152;0.8454809088548108
0.091575;0.8459411207718168
0.09163;0.8463924724105639
0.091685;0.846835031515141
0.09174;0.8472688633376083
0.091795;0.8476940306851982
0.09185;0.8481105939659112
0.091905;0.8485186112324804
0.09196;0.8489181382248158
0.092015;0.8493092284109105
0.09207;0.8496919330263211
0.092125;0.8500663011121755
0.09218;0.8504323795519504
0.092235;0.8507902131065121
0.09229;0.8511398444484269
0.092345;0.8514813141944934
0.09240000000000001;0.8518146609372398
0.09245500000000001;0.8521399212752179
0.09251000000000001;0.8524571298420358
0.09256500000000001;0.8527663193342921
0.09262000000000001;0.8530675205383353
0.09267500000000001;0.8533607623559247
0.09273;0.8536460718288278
0.092785;0.8539234741623118
0.09284;0.8541929927476054
0.092895;0.8544546491833243
0.09295;0.8547084632958699
0.093005;0.8549544531588321
0.09306;0.8551926351113642
0.093115;0.8554230237755515
0.09317;0.8556456320727902
0.093225;0.8558604712391052
0.09328;0.8560675508394172
0.093335;0.8562668787807165
0.09339;0.8564584613240142
0.093445;0.8566423030949868
0.0935;0.85681840709312
0.093555;0.8569867746989703
0.09361;0.8571474056790314
0.093665;0.8573002981871731
0.09372;0.8574454487607919
0.093775;0.8575828523078024
0.09383;0.857712502075936
0.09388500000000001;0.8578343895824202
0.09394000000000001;0.8579485044366971
0.09399500000000001;0.858054833776293
0.09405000000000001;0.8581533591103203
0.09410500000000001;0.8584095546637779
0.09416000000000001;0.8585206480549111
0.09421500000000001;0.8586153685462966
0.09427;0.8586986999049342
0.094325;0.858772084119585
0.09438;0.858836163069258
0.094435;0.8588912778752877
0.09449;0.8589376268851384
0.094545;0.858975330263735
0.0946;0.8590044608751761
0.094655;0.8590250607172333
0.09471;0.8590371503791102
0.094765;0.8590407348180775
0.09482;0.8590358070559829
0.094875;0.8590223506317498
0.09493;0.8590003412770545
0.094985;0.8589697480861396
0.09504;0.858930534345627
0.095095;0.8588826581286284
0.09515;0.8588260727208837
0.095205;0.8587607269240893
0.09526;0.8586865652670791
0.095315;0.8586035281462303
0.09537000000000001;0.8585115519099037
0.09542500000000001;0.858410568897618
0.09548000000000001;0.8583005074415107
0.09553500000000001;0.8581812918354761
0.09559000000000001;0.8580528422757089
0.09564500000000001;0.8579150747754859
0.09570000000000001;0.8577679010556174
0.095755;0.8576112284118762
0.09581;0.8574449595596556
0.095865;0.857268992455941
0.09592;0.8570832200981553
0.095975;0.8568875302991321
0.09603;0.8566818054371379
0.096085;0.8564659221795521
0.09614;0.8562397511785744
0.096195;0.8560031567370381
0.09625;0.8557559964421037
0.096305;0.8554981207643908
0.09636;0.8552293726198064
0.096415;0.854949586891074
0.09647;0.8546585899057131
0.096525;0.8543561988669794
0.09658;0.8540422212340838
0.096635;0.853716454047785
0.09669;0.8533786831975015
0.096745;0.8530286826259181
0.0968;0.852666213467417
0.096855;0.8522910231170167
0.09691000000000001;0.8519028442272394
0.09696500000000001;0.8515013936316085
0.09702000000000001;0.8510863711953535
0.09707500000000001;0.8506574585967452
0.09713000000000001;0.8502143180466598
0.09718500000000001;0.8497565909599419
0.09724000000000001;0.8492838966007027
0.097295;0.8487958307359127
0.09735;0.8482919643488032
0.097405;0.8477718424880879
0.09746;0.8472349833634238
0.097515;0.846680877846537
0.09757;0.8461089896068861
0.097625;0.8455187562101112
0.09768;0.8449095916496974
0.097735;0.8442808909878614
0.09779;0.84363203808004
0.097845;0.8429624177944413
0.0979;0.8422714347841245
0.097955;0.8415585418327554
0.09801;0.8408232822495679
0.098065;0.8400653530102176
0.09812;0.8392846987783833
0.098175;0.8384816523448726
0.09823;0.8376571456475113
0.098285;0.8368130295629362
0.09834;0.8359525639326858
0.09839500000000001;0.8350811787580724
0.09845000000000001;0.8342076761236248
0.09850500000000001;0.83334616505994
0.09856000000000001;0.8325192476623876
0.09861500000000001;0.8317634064551606
0.09867000000000001;0.8311384005236828
0.09872500000000001;0.8307442606867251
0.09878;0.8307533795273487
0.098835;0.8314742854617427
0.09889;0.8334864295125497
0.098945;0.8379471820098855
0.099;0.8473582315905435
0.099055;0.8677063994155525
0.09911;0.9152838066552196
0.099165;1.040916048717126
0.09922;1.391823866150319
0.099275;1.8172923079103902
0.09933;1.4961981617886666
0.099385;1.1950138852552166
0.09944;1.0547779761342928
0.099495;0.9845127114792833
0.09955;0.9446418999018595
0.099605;0.9196238047587912
0.09966;0.9026727544847644
0.099715;0.890485617587124
0.09977;0.8813027152078472
0.099825;0.874115902224375
0.09988000000000001;0.8683125550625197
0.09993500000000001;0.8635019810148479
0.09999000000000001;0.8594248275302452
0.10004500000000001;0.8559030310537548
0.10010000000000001;0.8528107943139335
0.10015500000000001;0.8500570464599819
0.10021000000000001;0.8475744572805496
0.100265;0.8453123389331411
0.10032;0.8432319325021833
0.100375;0.8413032016916466
0.10043;0.8395026044792385
0.100485;0.8378115145393945
0.10054;0.836215083667509
0.100595;0.8347014093401803
0.10065;0.8332609171452049
0.100705;0.8318858969744437
0.10076;0.8305701508978992
0.100815;0.8293087232827355
0.10087;0.828097692268894
0.100925;0.8269340075830592
0.10098;0.8258153637622169
0.101035;0.8247401007463768
0.10109;0.8237071258655514
0.101145;0.8227158527411713
0.1012;0.8217661537162884
0.101255;0.8208583232386021
0.10131;0.8199930502255495
0.101365;0.8191713978977916
0.10142000000000001;0.8183947899160419
0.10147500000000001;0.8176650019248444
0.10153000000000001;0.8169841578160747
0.10158500000000001;0.8163547301895214
0.10164000000000001;0.8157795446189208
0.10169500000000001;0.8152617874375316
0.10175000000000001;0.8148050168433928
0.101805;0.8144131771961605
0.10186;0.8140906164371161
0.101915;0.8138421066156023
0.10197;0.8136728675494086
0.102025;0.8135885936858325
0.10208;0.8135954842650637
0.102135;0.8137002769187187
0.10219;0.8139102848645914
0.102245;0.8142334378839438
0.1023;0.8146783272899126
0.102355;0.8152542551145051
0.10241;0.8159712877565394
0.102465;0.8168403143429014
0.10252;0.8178731100588754
0.102575;0.8190824046987327
0.10263;0.8204819566720823
0.102685;0.82208663267208
0.10274;0.8239124931638235
0.102795;0.8259768837801111
0.10285;0.8282985326105068
0.10290500000000001;0.8308976532296711
0.10296000000000001;0.833796053122294
0.10301500000000001;0.8370172469107744
0.10307000000000001;0.8405865734626575
0.10312500000000001;0.8445313155277605
0.10318000000000001;0.8488808200050594
0.10323500000000001;0.8536666162384879
0.10329;0.8589225288528071
0.103345;0.8646847805242045
0.1034;0.8709920786868947
0.103455;0.8778856784506258
0.10351;0.8854094118824485
0.103565;0.8936096712227968
0.10362;0.9025353304918906
0.103675;0.9122375862357391
0.10373;0.9227696938105844
0.103785;0.9341865705968485
0.10384;0.946544231898377
0.103895;0.9598990191467217
0.10395;0.9743065736432018
0.104005;0.9898205028780689
0.10406;1.0064906811774426
0.104115;1.0243611231123295
0.10417;1.0434673682781503
0.104225;1.0638333217898714
0.10428;1.0854675087947716
0.104335;1.1083587267323898
0.10439000000000001;1.1324711196022148
0.10444500000000001;1.1577387577723681
0.10450000000000001;1.1840598877326494
0.10455500000000001;1.2112911195742682
0.10461000000000001;1.2392419431723232
0.10466500000000001;1.2676700987685965
0.10472000000000001;1.2962784580665203
0.10477500000000001;1.3247141734160683
0.10483;1.3525708922639754
0.104885;1.37939477410143
0.10494;1.404694852686572
0.104995;1.4279579364945698
0.10505;1.4486677418663996
0.105105;1.4663273518840645
0.10516;1.4804834778362186
0.105215;1.4907504901881408
0.10527;1.496831910690742
0.105325;1.498537116433933
0.10538;1.4957914354400947
0.105435;1.48863856124693
0.10549;1.4772351495328444
0.105545;1.4618384035823517
0.1056;1.442788228773092
0.105655;1.4204860100010734
0.10571;1.395372189466873
0.105765;1.36790462610158
0.10582;1.3385392924301298
0.105875;1.3077143261837991
0.10593000000000001;1.2758379122212504
0.10598500000000001;1.243280006376923
0.10604000000000001;1.2103675708123487
0.10609500000000001;1.1773827804753731
0.10615000000000001;1.1445635682562083
0.10620500000000001;1.1121058752687132
0.10626000000000001;1.0801670318056464
0.106315;1.0488697863236514
0.10637;1.0183066028113332
0.106425;0.9885439464772076
0.10648;0.9596263653723393
0.106535;0.9315802475656051
0.10659;0.9044171892539985
0.106645;0.878136950071281
0.1067;0.8527300001250661
0.106755;0.8281796815080723
0.10681;0.8044640176088964
0.106865;0.7815572086126766
0.10692;0.7594308528376067
0.106975;0.738054932337
0.10703;0.7173985984916469
0.107085;0.6974307898305185
0.10714;0.6781207105282535
0.107195;0.6594381942554499
0.10725;0.6413539744846767
0.107305;0.6238398791001343
0.10736;0.6068689642552599
0.10741500000000001;0.590415599892699
0.10747000000000001;0.5744555171613362
0.10752500000000001;0.5589658261129186
0.10758000000000001;0.5439250105029618
0.10763500000000001;0.5293129052172526
0.10769000000000001;0.5151106607662482
0.10774500000000001;0.5013006984001499
0.1078;0.48786665866682133
0.107855;0.4747933456398921
0.10791;0.4620666685612755
0.107965;0.44967358225016335
0.10802;0.43760202731777625
0.108075;0.42584087097286394
0.10813;0.41437984900371627
0.108185;0.4032095093614926
0.10824;0.3923211576448151
0.108295;0.38170680468678136
0.10835;0.3713591163681113
0.108405;0.36127136572269897
0.10846;0.3514373873554713
0.108515;0.3418515341596765
0.10857;0.3325086362957433
0.108625;0.32340396237569513
0.10868;0.3145331827858592
0.108735;0.30589233507147934
0.10879;0.2974777913029147
0.108845;0.28928622734082504
0.10890000000000001;0.28131459391727004
0.10895500000000001;0.27356008945084304
0.10901000000000001;0.26602013451613155
0.10906500000000001;0.2586923478902698
0.10912000000000001;0.2515745241029988
0.10917500000000001;0.2446646124194516
0.10923000000000001;0.2379606971890211
0.10928500000000001;0.23146097949668848
0.10934;0.22516376005695524
0.109395;0.2190674232936223
0.10945;0.2131704225517667
0.109505;0.20747126639128172
0.10956;0.2019685059138508
0.109615;0.19666072307764254
0.10967;0.19154651995659497
0.109725;0.1866245089024722
0.10978;0.1818933035703078
0.109835;0.177351510769167
0.10989;0.17299772310138148
0.109945;0.1688305123550564
0.11;0.16484842361537325
0.110055;0.16104997006144667
0.11011;0.15743362841620737
0.110165;0.15399783501749711
0.11022;0.15074098247954545
0.110275;0.14766141691416024
0.11033;0.14475743568196647
0.110385;0.14202728564430195
0.11044000000000001;0.1394691618869891
0.11049500000000001;0.13708120688768957
0.11055000000000001;0.1348615100990492
0.11060500000000001;0.1328081079203283
0.11066000000000001;0.13091898403072708
0.11071500000000001;0.12919207005815606
0.11077000000000001;0.12762524655778687
0.110825;0.12621634427519948
0.11088;0.12496314566965723
0.110935;0.12386338667361702
0.11099;0.12291475866531795
0.111045;0.12211491063182399
0.1111;0.12146145150093544
0.111155;0.12095195262077581
0.11121;0.12058395036696268
0.111265;0.12035494885788348
0.11132;0.12026242275955712
0.111375;0.12030382016233293
0.11143;0.12047656551260114
0.111485;0.12077806258355529
0.11154;0.12120569746994968
0.111595;0.12175684159267314
0.11165;0.12242885469989126
0.111705;0.12321908785236704
0.11176;0.12412488638150866
0.111815;0.12514359280953483
0.11187;0.1262725497220188
0.11192500000000001;0.12750910258397788
0.11198000000000001;0.12885060249144142
0.11203500000000001;0.13029440885125138
0.11209000000000001;0.13183789198275708
0.11214500000000001;0.13347843563557044
0.11220000000000001;0.13521343941864
0.11225500000000001;0.1370403211362318
0.11231000000000001;0.13895651902740205
0.112365;0.1409594939059442
0.11242;0.14304673119858277
0.112475;0.14521574287964012
0.11253;0.1474640693010058
0.112585;0.14978928091671193
0.11264;0.1521889799019751
0.112695;0.15466080166677815
0.11275;0.15720241626485876
0.112805;0.15981152969889453
0.11286;0.16248588512337703
0.112915;0.16522326394676753
0.11297;0.1680214868348887
0.113025;0.1708784146177356
0.11308;0.17379194910209694
0.113135;0.17676003379258992
0.11319;0.1797806545239062
0.113245;0.18285184000706625
0.1133;0.18597166229282575
0.113355;0.1891382371553063
0.11341000000000001;0.19234972439899778
0.11346500000000001;0.19560432809243336
0.11352000000000001;0.1989002967318369
0.11357500000000001;0.20223592333800414
0.11363000000000001;0.20560954548980837
0.11368500000000001;0.20901954529747369
0.11374000000000001;0.212464349319171
0.11379500000000001;0.21594242842397593
0.11385;0.21945229760441803
0.113905;0.22299251574194656
0.11396;0.22656168532819396
0.114015;0.23015845214531047
0.11407;0.23378150490803828
0.114125;0.2374295748707072
0.11418;0.24110143540173365
0.114235;0.24479590152841826
0.11429;0.24851182945465752
0.114345;0.25224811605401865
0.1144;0.2560036983407506
0.114455;0.2597775529208729
0.11451;0.2635686954257075
0.114565;0.26737617992994633
0.11462;0.27119909835624195
0.114675;0.2750365798683392
0.11473;0.2788877902545081
0.114785;0.2827519313030094
0.11484;0.2866282401713469
0.11489500000000001;0.2905159887507363
0.11495000000000001;0.29441448302728057
0.11500500000000001;0.2983230624412837
0.11506000000000001;0.30224109924586073
0.11511500000000001;0.3061679978662373
0.11517000000000001;0.31010319426055116
0.11522500000000001;0.31404615528352303
0.11528000000000001;0.31799637805369374
0.11533500000000001;0.32195338932521245
0.11539;0.32591674486496874
0.115445;0.32988602883572693
0.1155;0.33386085318601727
0.115555;0.3378408570473217
0.11561;0.34182570613895874
0.115665;0.34581509218135836
0.11572;0.3498087323178164
0.115775;0.3538063685452827
0.11583;0.3578077671542804
0.115885;0.36181271817818295
0.11594;0.3658210348519311
0.115995;0.3698325530802537
0.11605;0.37384713091530697
0.116105;0.3778646480436545
0.11616;0.3818850052822673
0.116215;0.38590812408342695
0.11627;0.38993394604776527
0.116325;0.3939624324453216
0.11638;0.3979935637435275
0.11643500000000001;0.4020273391414682
0.11649000000000001;0.4060637761092418
0.11654500000000001;0.4101029099311773
0.11660000000000001;0.41414479325115183
0.11665500000000001;0.4181894956181886
0.11671000000000001;0.42223710302968237
0.11676500000000001;0.42628771746940347
0.11682000000000001;0.4303414564363166
0.116875;0.43439845245969677
0.11693;0.4384588525944952
0.116985;0.4425228178894962
0.11704;0.4465905228187284
0.117095;0.4506621546637651
0.11715;0.45473791283102794
0.117205;0.45881800808306833
0.11726;0.4629026616560169
0.117315;0.46699210422624393
0.11737;0.4710865746756513
0.117425;0.47518631858662325
0.11748;0.4792915863705391
0.117535;0.4834026308941701
0.11759;0.48751970440963194
0.117645;0.4916430545039213
0.1177;0.49577291864599754
0.117755;0.4999095166901819
0.11781;0.5040530403379744
0.117865;0.5082036379650924
0.11792000000000001;0.5123613921918585
0.11797500000000001;0.5165262857343317
0.11803000000000001;0.5206981476387678
0.11808500000000001;0.5248765652752515
0.11814000000000001;0.5290607335273286
0.11819500000000001;0.533249181703335
0.11825000000000001;0.5374392442665356
0.11830500000000001;0.5416259428297804
0.11836;0.5457993411841846
0.118415;0.5499372226469935
0.11847;0.5539794037146968
0.118525;0.5576913717441654
0.11858;0.5584437005253556
0.118635;0.570923912236903
0.11869;0.5732735006138128
0.118745;0.5771662929571473
0.1188;0.581332933158332
0.118855;0.5856065355695896
0.11891;0.589939677865425
0.118965;0.5943140089121327
0.11902;0.5987211477117653
0.119075;0.6031568968447033
0.11913;0.6076190695593169
0.119185;0.6121065458327952
0.11924;0.6166188162604993
0.119295;0.6211557429148401
0.11935;0.6257174255550122
0.11940500000000001;0.6303041226975457
0.11946000000000001;0.6349162029370727
0.11951500000000001;0.6395541137612811
0.11957000000000001;0.6442183608994395
0.11962500000000001;0.6489094942359848
0.11968000000000001;0.6536280979393795
0.11973500000000001;0.6583747833682714
0.11979000000000001;0.6631501838490579
0.11984500000000001;0.6679549507390052
0.1199;0.6727897503872147
0.119955;0.6776552617315592
0.12001;0.6825521743508232
0.120065;0.6874811868456728
0.12012;0.6924430054578754
0.120175;0.6974383428625163
0.12023;0.7024679170851235
0.120285;0.7075324505076398
0.12034;0.7126326689362422
0.120395;0.7177693007101457
0.12045;0.7229430758350784
0.120505;0.7281547251288141
0.12056;0.7334049793682769
0.120615;0.7386945684301361
0.12067;0.7440242204178273
0.120725;0.7493946607694453
0.12078;0.7548066113415339
0.120835;0.7602607894645089
0.12089;0.7657579069663979
0.12094500000000001;0.7712986691612614
0.12100000000000001;0.7768837737997982
0.12105500000000001;0.7825139099794197
0.12111000000000001;0.788189757011381
0.12116500000000001;0.7939119832431595
0.12122000000000001;0.799681244833856
0.12127500000000001;0.8054981844810959
0.12133000000000001;0.8113634300977337
0.121385;0.8172775934370334
0.12144;0.8232412686649582
0.121495;0.8292550308785436
0.12155;0.8353194345692997
0.121605;0.8414350120310592
0.12166;0.8476022717112592
0.121715;0.8538216965056794
0.12177;0.8600937419960384
0.121825;0.866418834630583
0.12188;0.872797369847768
0.121935;0.879229710143515
0.12199;0.8857161830825977
0.122045;0.8922570792552171
0.1221;0.8988526501798718
0.122155;0.9055031061541837
0.12221;0.9122086140552249
0.122265;0.9189692950920219
0.12232;0.9257852225122043
0.122375;0.9326564192662053
0.12243000000000001;0.939582855632105
0.12248500000000001;0.9465644468048028
0.12254000000000001;0.9536010504539945
0.12259500000000001;0.960692464255199
0.12265000000000001;0.967838423399255
0.12270500000000001;0.9750385980857946
0.12276000000000001;0.9822925910067264
0.12281500000000001;0.9895999348264165
0.12287000000000001;0.9969600896657598
0.122925;1.004372440597668
0.12298;1.0118362951624167
0.123035;1.01935088091144
0.12309;1.0269153429889322
0.123145;1.0345287417612454
0.1232;1.0421900505042867
0.123255;1.0498981531600151
0.12331;1.057651842173199
0.123365;1.0654498164207302
0.12342;1.0732906792455
0.123475;1.081172936607887
0.12353;1.0890949953678204
0.123585;1.097055161711157
0.12364;1.10505163973412
0.123695;1.1130825301997906
0.12375;1.1211458294809244
0.123805;1.1292394287035774
0.12386;1.1373611131056829
0.12391500000000001;1.1455085616250384
0.12397000000000001;1.1536793467308346
0.12402500000000001;1.16187093451261
0.12408000000000001;1.1700806850404168
0.12413500000000001;1.1783058530088797
0.12419000000000001;1.1865435886783438
0.12424500000000001;1.1947909391244855
0.12430000000000001;1.2030448498076691
0.12435500000000001;1.2113021664723562
0.12441;1.219559637385561
0.124465;1.2278139159222623
0.12452;1.2360615635047267
0.124575;1.2442990529006044
0.12463;1.2525227718840921
0.124685;1.260729027261613
0.12474;1.2689140492629656
0.124795;1.2770739962960698
0.12485;1.2852049600619573
0.124905;1.2933029710246486
0.12496;1.3013640042282566
0.12501500000000002;1.3093839854516012
0.12507000000000001;1.317358797688704
0.12512500000000001;1.3252842879407085
0.12518;1.3331562743032705
0.125235;1.3409705533308645
0.12529;1.348722907657173
0.125345;1.356409113849115
0.1254;1.3640249504695212
0.125455;1.3715662063218892
0.12551;1.3790286888484284
0.125565;1.3864082326514489
0.12562;1.393700708106253
0.125675;1.4009020300321577
0.12573;1.408008166387835
0.125785;1.4150151469551837
0.12584;1.4219190719762487
0.125895;1.4287161207063463
0.12595;1.4354025598468414
0.126005;1.4419747518209396
0.12606;1.4484291628557662
0.126115;1.4547623708351474
0.12617;1.4609710728878373
0.126225;1.4670520926768396
0.12628;1.4730023873576605
0.126335;1.4788190541738364
0.12639;1.4844993366604804
0.126445;1.4900406304285199
0.1265;1.4954404885043124
0.126555;1.5006966262022856
0.12661;1.5058069255098272
0.126665;1.5107694389675752
0.12672;1.5155823930301557
0.126775;1.5202441908957922
0.12683;1.5247534147960846
0.126885;1.5291088277403597
0.12694;1.533309374711966
0.126995;1.5373541833169826
0.12705;1.541242563888707
0.127105;1.5449740090543858
0.12716;1.5485481927733076
0.127215;1.551964968858237
0.12727;1.5552243689946348
0.127325;1.558326600274578
0.12738;1.5612720422647057
0.127435;1.5640612436292667
0.12749;1.5666949183315289
0.127545;1.5691739414382457
0.1276;1.5714993445535008
0.127655;1.5736723109092916
0.12771000000000002;1.575694170141363
0.12776500000000002;1.5775663927794246
0.12782000000000002;1.5792905844816285
0.12787500000000002;1.5808684800432293
0.12793000000000002;1.5823019372098364
0.12798500000000002;1.583592930325119
0.12804000000000001;1.5847435438430633
0.12809500000000001;1.5857559657339146
0.12815000000000001;1.5866324808126833
0.128205;1.5873754640181021
0.12826;1.587987373669031
0.128315;1.5884707447242605
0.12837;1.5888281820705137
0.128425;1.5890623538620758
0.12848;1.5891759849342877
0.128535;1.5891718503115433
0.12859;1.5890527688291702
0.128645;1.5888215968867918
0.1287;1.5884812223495641
0.128755;1.5880345586118751
0.12881;1.5874845388366974
0.128865;1.5868341103822001
0.12892;1.5860862294258187
0.128975;1.5852438557943838
0.12903;1.584309948007565
0.129085;1.583287458540528
0.12914;1.5821793293103665
0.129195;1.580988487389508
0.12925;1.5797178409483386
0.129305;1.5783702754278668
0.12936;1.5769486499424632
0.129415;1.575455793911537
0.12947;1.5738945039182377
0.129525;1.572267540792339
0.12958;1.5705776269137766
0.129635;1.5688274437325915
0.12969;1.5670196295004033
0.129745;1.5651567772080635
0.1298;1.5632414327236097
0.129855;1.5612760931241967
0.12991;1.559263205215466
0.129965;1.557205164231388
0.13002;1.5551043127074642
0.130075;1.5529629395199722
0.13013;1.5507832790838374
0.130185;1.5485675107015868
0.13024;1.5463177580558432
0.130295;1.5440360888378062
0.13035;1.5417245145041738
0.130405;1.5393849901551537
0.13046;1.537019414526045
0.130515;1.5346296300853581
0.13057;1.532217423232211
0.130625;1.5297845245862387
0.13068000000000002;1.5273326093632325
0.13073500000000002;1.5248632978299113
0.13079000000000002;1.522378155831632
0.13084500000000002;1.5198786953868424
0.13090000000000002;1.5173663753424669
0.13095500000000002;1.5148426020845929
0.13101000000000002;1.512308730299009
0.13106500000000001;1.5097660637764763
0.13112000000000001;1.5072158562578721
0.131175;1.5046593123144738
0.13123;1.5020975882589633
0.131285;1.4995317930830165
0.13134;1.496962989417447
0.131395;1.4943921945113108
0.13145;1.4918203812262945
0.131505;1.4892484790432903
0.13156;1.4866773750779878
0.131615;1.4841079151026897
0.13167;1.481540904571601
0.131725;1.4789771096472917
0.13178;1.4764172582259056
0.131835;1.4738620409590875
0.13189;1.4713121122707264
0.131945;1.4687680913666674
0.132;1.4662305632358912
0.132055;1.4637000796415882
0.13211;1.4611771601009491
0.132165;1.458662292852294
0.13222;1.4561559358086336
0.132275;1.4536585174967256
0.13233;1.4511704379806056
0.132385;1.4486920697690946
0.13244;1.446223758706519
0.132495;1.4437658248461196
0.13255;1.4413185633057348
0.132605;1.4388822451053416
0.13266;1.4364571179861811
0.132715;1.4340434072112682
0.13277;1.4316413163470028
0.132825;1.4292510280259592
0.13288;1.42687270469059
0.132935;1.4245064893180441
0.13299;1.4221525061260056
0.133045;1.4198108612596525
0.1331;1.4174816434599349
0.133155;1.4151649247132814
0.13321;1.4128607608828623
0.133265;1.4105691923217611
0.13332;1.4082902444681662
0.133375;1.4060239284229679
0.13343;1.40377024150991
0.133485;1.4015291678187245
0.13354;1.399300678731507
0.133595;1.3970847334326604
0.13365;1.3948812794028018
0.13370500000000002;1.3926902528968859
0.13376000000000002;1.3905115794070342
0.13381500000000002;1.38834517411035
0.13387000000000002;1.3861909423021046
0.13392500000000002;1.3840487798147074
0.13398000000000002;1.3819185734228014
0.13403500000000002;1.3798002012348978
0.13409000000000001;1.3776935330719118
0.13414500000000001;1.375598430832966
0.1342;1.3735147488489283
0.134255;1.3714423342238993
0.13431;1.3693810271652491
0.134365;1.3673306613023535
0.13442;1.3652910639945561
0.134475;1.363262056628667
0.13453;1.3612434549063712
0.134585;1.3592350691218529
0.13464;1.357236704430125
0.134695;1.355248161106181
0.13475;1.3532692347956274
0.134805;1.3512997167567788
0.13486;1.3493393940948366
0.134915;1.3473880499883206
0.13497;1.3454454639080942
0.135025;1.343511411829349
0.13508;1.341585666436762
0.135135;1.3396679973231946
0.13519;1.337758171182235
0.135245;1.3358559519947595
0.1353;1.3339611012099497
0.135355;1.332073377920885
0.13541;1.3301925390350873
0.135465;1.3283183394402198
0.13552;1.3264505321651698
0.135575;1.3245888685368472
0.13563;1.322733098332854
0.135685;1.3208829699302727
0.13574;1.3190382304508352
0.135795;1.3171986259026631
0.13585;1.3153639013187985
0.135905;1.3135338008927102
0.13596;1.3117080681110531
0.136015;1.3098864458837582
0.13607;1.3080686766717473
0.136125;1.306254502612396
0.13618;1.3044436656429736
0.136235;1.3026359076221314
0.13629;1.3008309704497687
0.136345;1.299028596185272
0.1364;1.2972285271643673
0.136455;1.2954305061147753
0.13651;1.2936342762706954
0.136565;1.291839581486351
0.13662;1.2900461663487415
0.13667500000000002;1.2882537762896376
0.13673000000000002;1.2864621576970539
0.13678500000000002;1.284671058026201
0.13684000000000002;1.282880225910199
0.13689500000000002;1.281089411270419
0.13695000000000002;1.279298365426826
0.13700500000000002;1.2775068412082524
0.13706000000000002;1.2757145930626541
0.13711500000000001;1.273921377167662
0.13717000000000001;1.27212695154125
0.137225;1.2703310761528095
0.13728;1.26853351303455
0.137335;1.2667340263934062
0.13739;1.2649323827234364
0.137445;1.2631283509188482
0.1375;1.2613217023876333
0.137555;1.2595122111659025
0.13761;1.2576996540329373
0.137665;1.2558838106270753
0.13772;1.2540644635623168
0.137775;1.2522413985458805
0.13783;1.2504144044964973
0.137885;1.2485832736636826
0.13794;1.2467478017478948
0.137995;1.244907788021548
0.13805;1.2430630354509717
0.138105;1.2412133508193124
0.13816;1.2393585448502513
0.138215;1.2374984323326854
0.13827;1.235632832246266
0.138325;1.2337615678877514
0.13838;1.2318844669982312
0.138435;1.2300013618910897
0.13849;1.228112089580733
0.138545;1.226216491912055
0.1386;1.2243144156904866
0.138655;1.2224057128126788
0.13871;1.2204902403977123
0.138765;1.2185678609187758
0.13882;1.216638442335221
0.138875;1.2147018582249263
0.13893;1.2127579879168997
0.138985;1.2108067166240044
0.13904;1.2088479355757433
0.139095;1.2068815421509107
0.13915;1.2049074400101651
0.139205;1.2029255392282523
0.13926;1.200935756425829
0.139315;1.1989380149007391
0.13937;1.1969322447586817
0.139425;1.1949183830429964
0.13948;1.192896373863574
0.139535;1.1908661685246273
0.13959;1.1888277256512236
0.139645;1.186781011314475
0.13970000000000002;1.1847259991550259
0.13975500000000002;1.1826626705049674
0.13981000000000002;1.180591014507689
0.13986500000000002;1.1785110282357631
0.13992000000000002;1.1764227168064834
0.13997500000000002;1.1743260934949746
0.14003000000000002;1.1722211798446414
0.14008500000000002;1.1701080057747442
0.14014000000000001;1.1679866096850129
0.14019500000000001;1.1658570385569125
0.14025;1.1637193480515058
0.140305;1.1615736026036345
0.14036;1.1594198755122476
0.140415;1.1572582490266097
0.14047;1.1550888144281923
0.140525;1.1529116721080956
0.14058;1.1507269316396633
0.140635;1.1485347118461662
0.14069;1.146335140863302
0.140745;1.1441283561962747
0.1408;1.1419145047712693
0.140855;1.139693742981101
0.14091;1.1374662367247788
0.140965;1.1352321614408478
0.14102;1.1329917021342801
0.141075;1.1307450533966876
0.14113;1.1284924194197354
0.141185;1.1262340140015286
0.14124;1.1239700605459182
0.141295;1.121700792054507
0.14135;1.1194264511113452
0.141405;1.1171472898603685
0.14146;1.1148635699755651
0.141515;1.1125755626241969
0.14157;1.1102835484235707
0.141625;1.107987817392391
0.14168;1.1056886688982648
0.141735;1.103386411604711
0.14179;1.1010813634236967
0.141845;1.0987738514861587
0.1419;1.0964642121578416
0.141955;1.0941527911680722
0.14201;1.0918399440475866
0.142065;1.0895260376071414
0.14212;1.0872114568018525
0.142175;1.0838860530200587
0.14223;1.0814669673634352
0.142285;1.0791133205352923
0.14234;1.0767818330254577
0.142395;1.074463810402409
0.14245;1.0721557531884274
0.142505;1.069855928120428
0.14256;1.067563403328494
0.142615;1.065277675304899
0.14267;1.0629984958094894
0.14272500000000002;1.0607257811659836
0.14278000000000002;1.0584595603637854
0.14283500000000002;1.0561999433010785
0.14289000000000002;1.053947100287213
0.14294500000000002;1.0517012482194739
0.14300000000000002;1.049462640909544
0.14305500000000002;1.0472315620935315
0.14311000000000001;1.0450083202360676
0.14316500000000001;1.0427932445679247
0.14322000000000001;1.0405866819926548
0.143275;1.0383889946183118
0.14333;1.0362005577471103
0.143385;1.0340217582057993
0.14344;1.031852992933342
0.143495;1.0296946677649765
0.14355;1.0275471963679461
0.143605;1.025410999295464
0.14366;1.023286503133429
0.143715;1.0211741397207008
0.14377;1.0190743454276585
0.143825;1.0169875604816538
0.14388;1.0149142283299863
0.143935;1.0128547950331914
0.14399;1.0108097086829364
0.144045;1.0087794188398533
0.1441;1.0067643759876888
0.144155;1.0047650310008425
0.14421;1.0027818346228845
0.144265;1.0008152369543
0.14432;0.9988656869478776
0.144375;0.9969336319106931
0.14443;0.9950195170118095
0.144485;0.9931237847949962
0.14454;0.9912468746961184
0.144595;0.9893892225649102
0.14465;0.9875512601910085
0.144705;0.9857334148343001
0.14476;0.9839361087597752
0.144815;0.9821597587771581
0.14487;0.9804047757857283
0.144925;0.9786715643248947
0.14498;0.9769605221311791
0.145035;0.9752720397024449
0.14509;0.9736064998702884
0.145145;0.9719642773817518
0.1452;0.9703457384917009
0.145255;0.9687512405673623
0.14531;0.9671811317068816
0.145365;0.9656357503739962
0.14542;0.964115425051369
0.145475;0.9626204739154669
0.14553;0.961151204536618
0.145585;0.9597079136083145
0.14564;0.9582908867109518
0.14569500000000002;0.9569003981160162
0.14575000000000002;0.955536710638196
0.14580500000000002;0.9542000755445148
0.14586000000000002;0.9528907325316596
0.14591500000000002;0.9516089097854262
0.14597000000000002;0.9503548241395662
0.14602500000000002;0.9491286813558901
0.14608000000000002;0.9479306765530553
0.14613500000000001;0.9467609948191995
0.14619000000000001;0.9456198120535454
0.146245;0.9445072960951297
0.1463;0.9434236082149724
0.146355;0.9423689050715769
0.14641;0.9413433412630349
0.146465;0.940347072653949
0.14652;0.9393802607190844
0.146575;0.9384430782350737
0.14663;0.9375357167796637
0.146685;0.9366583966839834
0.14674;0.9358113803570747
0.146795;0.9349949903117839
0.14685;0.9342096338449435
0.146905;0.933455837293742
0.14696;0.932734294325262
0.147015;0.9320459352069964
0.14707;0.9313920281500886
0.147125;0.9307743309111506
0.14718;0.9301953233742296
0.147235;0.9296585747945971
0.14729;0.929169343188497
0.147345;0.9287355919231801
0.1474;0.9283697934128798
0.147455;0.928092305819995
0.14751;0.9279381193361794
0.147565;0.927971464897683
0.14762;0.9283208667863891
0.147675;0.9292754829170089
0.14773;0.9316052341610392
0.147785;0.9379807527082451
0.14784;0.9634935261808878
0.147895;1.311628517203756
0.14795;1.0536667169129956
0.148005;0.9454000724190538
0.14806;0.9310937061145094
0.148115;0.926617771844687
0.14817;0.9245984143577551
0.148225;0.9234728824766385
0.14828;0.9227520877096307
0.148335;0.9222439162532129
0.14839;0.9218605159393211
0.148445;0.9215569866083111
0.1485;0.921308287997125
0.148555;0.9210994010713891
0.14861;0.9209207209072171
0.148665;0.920765731504928
0.14872000000000002;0.9206297584678695
0.14877500000000002;0.9205092650818341
0.14883000000000002;0.9204014376523683
0.14888500000000002;0.9203039320812836
0.14894000000000002;0.9202147139536184
0.14899500000000002;0.9201319547552076
0.14905000000000002;0.9200539628163333
0.14910500000000002;0.9199791363209717
0.14916000000000001;0.919905930674639
0.14921500000000001;0.9198328354174647
0.14927;0.9197583576058928
0.149325;0.9196810096554741
0.14938;0.9195993003095025
0.149435;0.9195117278302497
0.14949;0.9194167747920391
0.149545;0.919312904043176
0.1496;0.9191985555312854
0.149655;0.919072143773374
0.14971;0.9189320558127475
0.149765;0.9187766495477728
0.14982;0.9186042523476707
0.149875;0.9184131598926553
0.14993;0.9182016351916915
0.149985;0.9179679077431969
0.15004;0.9177101728123728
0.150095;0.9174265908057813
0.15015;0.9171152867290859
0.150205;0.916774349717107
0.15026;0.9164018326290746
0.150315;0.9159957517038952
0.15037;0.9155540862725392
0.150425;0.9150747785258548
0.15048;0.9145557333378981
0.150535;0.9139948181454931
0.15059;0.9133898628861042
0.150645;0.9127386599967077
0.1507;0.9120389644771598
0.150755;0.9112884940223908
0.15081;0.9104849292281191
0.150865;0.9096259138758434
0.15092;0.9087090553029268
0.150975;0.907731924864641
0.15103;0.9066920584953295
0.151085;0.9055869573765395
0.15114;0.9044140887203925
0.151195;0.9031708866773271
0.15125;0.9018547533774288
0.151305;0.9004630601156645
0.15136;0.8989931486914318
0.151415;0.8974423329137121
0.15147;0.895807900283418
0.151525;0.8940871138656982
0.15158;0.892277214363824
0.151635;0.8903754224097882
0.15169000000000002;0.888378941083766
0.15174500000000002;0.8862849586778916
0.15180000000000002;0.8840906517186438
0.15185500000000002;0.8817931882633192
0.15191000000000002;0.879389731486023
0.15196500000000002;0.8768774435693087
0.15202000000000002;0.8742534899175686
0.15207500000000002;0.8715150437085819
0.15213000000000002;0.8686592907998492
0.15218500000000001;0.8656834350061777
0.15224000000000001;0.8625847037649854
0.152295;0.8593603542056053
0.15235;0.8560076796384033
0.152405;0.8525240164792212
0.15246;0.8489067516236861
0.152515;0.8451533302853115
0.15257;0.8412612643100874
0.152625;0.8372281409789426
0.15268;0.8330516323080872
0.152735;0.8287295048549753
0.15279;0.8242596300360048
0.152845;0.8196399949593122
0.1529;0.8148687137732477
0.152955;0.8099440395281476
0.15301;0.804864376545353
0.153065;0.7996282932836366
0.15312;0.7942345356889334
0.153175;0.7886820410083989
0.15323;0.7829699520449079
0.153285;0.7770976318224717
0.15334;0.7710646786271705
0.153395;0.7648709413816309
0.15345;0.7585165353045883
0.153505;0.7520018577998459
0.15356;0.7453276045114116
0.153615;0.7384947854738101
0.15367;0.7315047412788434
0.153725;0.7243591591713902
0.15378;0.7170600889790844
0.153835;0.7096099587718524
0.15389;0.7020115901394439
0.153945;0.6942682129667797
0.154;0.6863834795792451
0.154055;0.6783614781228312
0.15411;0.6702067450369701
0.154165;0.661924276472329
0.15422;0.6535195385005403
0.154275;0.6449984759587309
0.15433;0.6363675197691541
0.154385;0.6276335925729669
0.15444;0.6188041125172432
0.154495;0.6098869950367481
0.15455;0.6008906524756418
0.154605;0.5918239914009246
0.15466;0.5826964074673305
0.15471500000000002;0.5735177777041223
0.15477000000000002;0.564298450107765
0.15482500000000002;0.5550492304392011
0.15488000000000002;0.5457813661432602
0.15493500000000002;0.5365065273272663
0.15499000000000002;0.5272367847591894
0.15504500000000002;0.5179845848701868
0.15510000000000002;0.508762721773253
0.15515500000000002;0.4995843063383463
0.15521000000000001;0.4904627323939656
0.15526500000000001;0.48141164015673077
0.15532;0.4724448770218525
0.155375;0.46357645587933616
0.15543;0.4548205111529454
0.155485;0.44619125278934135
0.15554;0.437702918455017
0.155595;0.4293697242267424
0.15565;0.4212058140859285
0.155705;0.4132252085515222
0.15576;0.40544175280419226
0.155815;0.39786906467111455
0.15587;0.3905204828519484
0.155925;0.38340901577328274
0.15598;0.3765472914618835
0.156035;0.3699475088238206
0.15609;0.3636213907091426
0.156145;0.3575801391294814
0.1562;0.3518343929782432
0.156255;0.3463941885812399
0.15631;0.34126892337903164
0.156365;0.3364673230122467
0.15642;0.33199741204708694
0.156475;0.3278664885417717
0.15653;0.324081102615451
0.156585;0.32064703914042736
0.15664;0.31756930463681793
0.156695;0.3148521184066222
0.15675;0.31249890790208534
0.156805;0.3105123082826503
0.15686;0.30889416607514225
0.156915;0.3076455468147685
0.15697;0.3067667465096644
0.157025;0.30625730674035706
0.15708;0.3061160331772291
0.157135;0.30634101727462715
0.15719;0.3069296608797997
0.157245;0.3078787034782494
0.1573;0.30918425178478076
0.157355;0.3108418113810564
0.15741;0.31284632009610586
0.157465;0.3151921828255152
0.15752;0.31787330748798226
0.157575;0.3208831418240367
0.15763;0.3242147107509017
0.157685;0.32786065399924225
0.15774000000000002;0.3318132637716494
0.15779500000000002;0.3360645221785606
0.15785000000000002;0.3406061382251332
0.15790500000000002;0.3454295841409448
0.15796000000000002;0.3505261308643503
0.15801500000000002;0.35588688251311723
0.15807000000000002;0.36150280969329246
0.15812500000000002;0.36736478151878915
0.15818000000000002;0.37346359623348757
0.15823500000000001;0.3797900103474774
0.15829000000000001;0.3863347662173426
0.158345;0.3930886180181733
0.1584;0.4000423560715799
0.158455;0.4071868295094255
0.15851;0.41451296726723025
0.158565;0.42201179741449074
0.15862;0.4296744648403299
0.158675;0.4374922473238595
0.15873;0.4454565700274758
0.158785;0.4535590184593519
0.15884;0.4617913499581579
0.158895;0.47014550375838676
0.15895;0.4786136096995467
0.159005;0.48718799564564547
0.15906;0.49586119368428533
0.159115;0.5046259451761861
0.15917;0.5134752047268883
0.159225;0.5224021431531329
0.15928;0.5314001495154076
0.159335;0.5404628322878127
0.15939;0.5495840197348378
0.159445;0.5587577595629051
0.1595;0.5679783179127551
0.159555;0.57724017775588
0.15961;0.5865380367562464
0.159665;0.5958668046556886
0.15972;0.6052216002382113
0.159775;0.614597747925938
0.15983;0.6239907740564576
0.159885;0.6333964028881007
0.15994;0.6428105523772633
0.159995;0.6522293297683313
0.16005;0.6616490270347681
0.160105;0.6710661162064819
0.16016;0.6804772446165869
0.160215;0.6898792300976323
0.16027;0.6992690561553757
0.160325;0.7086438671459331
0.16038;0.7180009634796667
0.160435;0.727337796873656
0.16049;0.7366519656725317
0.160545;0.7459412102557319
0.1606;0.7552034085480636
0.160655;0.7644365716486748
0.16071000000000002;0.773638839592304
0.16076500000000002;0.7828084772564069
0.16082000000000002;0.7919438704255208
0.16087500000000002;0.8010435220248544
0.16093000000000002;0.8101060485333184
0.16098500000000002;0.8191301765865762
0.16104000000000002;0.8281147397802289
0.16109500000000002;0.8370586756827002
0.16115000000000002;0.8459610230680779
0.16120500000000001;0.854820919379158
0.16126000000000001;0.8636375984310156
0.16131500000000001;0.872410388366946
0.16137;0.8811387098783598
0.161425;0.8898220747024004
0.16148;0.8984600844115326
0.161535;0.9070524295117841
0.16159;0.9155988888676102
0.161645;0.9240993294740956
0.1617;0.9325537066002327
0.161755;0.940962064329447
0.16181;0.9493245365283755
0.161865;0.9576413482784729
0.16192;0.9659128178107197
0.161975;0.9741393589898489
0.16203;0.9823214844008309
0.162085;0.9904598090995971
0.16214;0.9985550550991271
0.162195;1.0066080566732336
0.16225;1.0146197665741927
0.162305;1.0225912632757932
0.16236;1.0305237593721392
0.162415;1.038418611284508
0.16247;1.0462773304547888
0.162525;1.054101596235861
0.16258;1.0618932707258613
0.162635;1.069654415839325
0.16269;1.0773873129621736
0.162745;1.0850944856032554
0.1628;1.0927787255358397
0.162855;1.1004431230200518
0.16291;1.1080911018173312
0.162965;1.1157264598565828
0.16302;1.1233534165946757
0.163075;1.1309766683433995
0.16313;1.1386014531202555
0.163185;1.1462336269419007
0.16324;1.153879753935371
0.163295;1.161547213224356
0.16335;1.169244326295287
0.163405;1.1769805095133021
0.16346;1.1847664577151524
0.163515;1.1926143664547348
0.16357;1.2005382026583988
0.163625;1.208554036356541
0.16368;1.2166804500775878
0.16373500000000002;1.2249390478191189
0.16379000000000002;1.233355092835045
0.16384500000000002;1.2419583136544987
0.16390000000000002;1.2507839320587275
0.16395500000000002;1.259873987122568
0.16401000000000002;1.2692790588466767
0.16406500000000002;1.279060537994352
0.16412000000000002;1.2892936528381083
0.16417500000000002;1.300071560438339
0.16423000000000001;1.3115109592278593
0.16428500000000001;1.3237599135057547
0.16434;1.3370089541656591
0.164395;1.351507129121725
0.16445;1.3675856887110875
0.164505;1.3856937992941798
0.16456;1.4064535856602252
0.164615;1.4307466963072046
0.16467;1.4598522815918558
0.164725;1.4956652381451552
0.16478;1.5410156423521615
0.164835;1.5999695863876295
0.16489;1.6770284024341993
0.164945;1.7682711944698386
