1e-20;1.0000547269983873e-19
5.500000000000001e-05;1.0516469101338715e-19
0.00011000000000000002;1.1059770476681934e-19
0.000165;1.1631944123785177e-19
0.00022;1.223456621952985e-19
0.000275;1.2869301160160813e-19
0.00033;1.3537906609217143e-19
0.00038500000000000003;1.4242238839487788e-19
0.00044;1.4984258386310275e-19
0.000495;1.5766036030530472e-19
0.00055;1.6589759130573913e-19
0.0006050000000000001;1.7457738324136105e-19
0.00066;1.8372414621305207e-19
0.000715;1.9336366912089055e-19
0.0007700000000000001;2.0352319912785015e-19
0.000825;2.1423152576962334e-19
0.00088;2.255190699838113e-19
0.0009350000000000001;2.374179783470814e-19
0.00099;2.499622228265957e-19
0.0010450000000000001;2.631877063683135e-19
0.0011;2.7713237466502126e-19
0.001155;2.918363344646361e-19
0.0012100000000000001;3.0734197880250957e-19
0.001265;3.236941195606631e-19
0.00132;3.4094012778233505e-19
0.0013750000000000001;3.591300821921451e-19
0.00143;3.783169263993325e-19
0.001485;3.9855663528795134e-19
0.0015400000000000001;4.199083911250078e-19
0.001595;4.424347699480412e-19
0.00165;4.662019388247299e-19
0.0017050000000000001;4.912798646085203e-19
0.00176;5.177425348493908e-19
0.001815;5.456681915533622e-19
0.0018700000000000001;5.751395785223178e-19
0.001925;6.062442030447672e-19
0.00198;6.390746127470045e-19
0.002035;6.737286884572185e-19
0.0020900000000000003;7.10309953980617e-19
0.002145;7.489279037247894e-19
0.0022;7.896983491660266e-19
0.002255;8.327437851925983e-19
0.00231;8.781937774136343e-19
0.002365;9.261853715705837e-19
0.0024200000000000003;9.768635262463771e-19
0.002475;1.0303815701142424e-18
0.00253;1.0869016850296068e-18
0.002585;1.1465954163210982e-18
0.00264;1.2096442116933598e-18
0.002695;1.2762399902093116e-18
0.0027500000000000003;1.346585742880371e-18
0.002805;1.420896166441135e-18
0.00286;1.4993983319477983e-18
0.002915;1.5823323898813632e-18
0.00297;1.6699523134970586e-18
0.003025;1.7625266821989884e-18
0.0030800000000000003;1.860339506762038e-18
0.003135;1.9636910982632715e-18
0.00319;2.0728989826015153e-18
0.003245;2.1882988625178163e-18
0.0033;2.3102456290239538e-18
0.003355;2.4391144241505593e-18
0.0034100000000000003;2.575301756898914e-18
0.003465;2.7192266742517017e-18
0.00352;2.8713319890256468e-18
0.003575;3.032085566278603e-18
0.00363;3.201981669851313e-18
0.0036850000000000003;3.3815423704953458e-18
0.0037400000000000003;3.5713190168345494e-18
0.003795;3.771893770181564e-18
0.00385;3.983881203939705e-18
0.003905;4.207929967972816e-18
0.00396;4.444724517910462e-18
0.004015;4.694986908850561e-18
0.00407;4.959478652323005e-18
0.004125;5.23900263470343e-18
0.0041800000000000006;5.534405094402342e-18
0.004235;5.846577654246597e-18
0.00429;6.176459404293987e-18
0.004345;6.525039029066478e-18
0.0044;6.893356971656173e-18
0.004455;7.282507625409803e-18
0.00451;7.693641541885048e-18
0.0045650000000000005;8.127967641469791e-18
0.00462;8.586755410341306e-18
0.004675;9.071337064428995e-18
0.00473;9.583109657461708e-18
0.004785;1.0123537106207942e-17
0.0048400000000000006;1.0694152101362382e-17
0.004895;1.1296557867261672e-17
0.00495;1.1932429727570893e-17
0.005005;1.260351642721303e-17
0.00506;1.331164115294867e-17
0.005115;1.405870218600646e-17
0.00517;1.484667311000691e-17
0.0052250000000000005;1.5677602485755483e-17
0.00528;1.6553612891190988e-17
0.005335;1.7476899209755845e-17
0.00539;1.8449726033185558e-17
0.005445;1.9474424025249807e-17
0.0055000000000000005;2.0553385070722536e-17
0.005555;2.1689056008545776e-17
0.00561;2.2883930719403754e-17
0.005665;2.4140540305319376e-17
0.00572;2.546144106154034e-17
0.005775000000000001;2.6849199898913836e-17
0.00583;2.830637682672824e-17
0.0058850000000000005;2.9835504051488467e-17
0.00594;3.1439061184932536e-17
0.005995;3.3119445983980804e-17
0.00605;3.4878939964926017e-17
0.006105;3.671966814297401e-17
0.0061600000000000005;3.864355204417638e-17
0.006215;4.06522550186378e-17
0.00627;4.274711874947766e-17
0.006325;4.492908969868266e-17
0.00638;4.719863405696564e-17
0.006435000000000001;4.955563956612266e-17
0.00649;5.1999302356438375e-17
0.0065450000000000005;5.452799668401099e-17
0.0066;5.713912515969391e-17
0.006655;5.982894672635703e-17
0.00671;6.259237926004845e-17
0.006765;6.542277323489195e-17
0.0068200000000000005;6.831165239517095e-17
0.006875;7.124841681074685e-17
0.00693;7.4220003044073e-17
0.006985;7.721049541692855e-17
0.00704;8.020068151905794e-17
0.007095000000000001;8.316754413274153e-17
0.00715;8.60836806405229e-17
0.0072050000000000005;8.891663971526571e-17
0.00726;9.162816364016534e-17
0.007315;9.417332294237551e-17
0.007370000000000001;9.64995281162502e-17
0.007425;9.854540102342742e-17
0.0074800000000000005;1.002394860448569e-16
0.007535;1.014987781741035e-16
0.00759;1.0222704192426989e-16
0.007645;1.0231289110637838e-16
0.0077;1.0162759514687302e-16
0.007755000000000001;1.0002257255350031e-16
0.00781;9.732652630830096e-17
0.007865;9.334216923278372e-17
0.00792;8.784247958295338e-17
0.007975;8.05664180888655e-17
0.00803;7.121402706619986e-17
0.008085;5.944081953402293e-17
0.00814;4.4851349744608656e-17
0.008195000000000001;2.6991826448665957e-17
0.00825;5.341427747306528e-18
0.008305;1.6292396523916632e-11
0.008360000000000001;3.844914827101772e-11
0.008415;6.209431620145508e-11
0.00847;8.73140087822442e-11
0.008525;1.1419931193878268e-10
0.00858;1.4284664556240317e-10
0.008635;1.7335811503438374e-10
0.00869;2.05841878945907e-10
0.008745000000000001;2.40412539286109e-10
0.0088;2.771915575194856e-10
0.008855;3.1630769924887157e-10
0.00891;3.578975100219142e-10
0.008965;4.02105824892196e-10
0.00902;4.4908631450081157e-10
0.009075;4.990020706444491e-10
0.009130000000000001;5.520262345337381e-10
0.009185;6.08342671217754e-10
0.00924;6.681466939596811e-10
0.009295000000000001;7.316458426724804e-10
0.00935;7.990607209112295e-10
0.009405;8.706258963147258e-10
0.00946;9.465908698477548e-10
0.009515000000000001;1.0272211196973502e-09
0.00957;1.1127992262177185e-09
0.009625;1.203626084940094e-09
0.009680000000000001;1.3000222153193464e-09
0.009735;1.402329173653029e-09
0.00979;1.5109110794149455e-09
0.009845;1.6261562651703644e-09
0.0099;1.7484790612423995e-09
0.009955;1.878321727437201e-09
0.01001;2.0161565453712246e-09
0.010065000000000001;2.162488086347998e-09
0.01012;2.317855671263967e-09
0.010175;2.4828360407742764e-09
0.01023;2.6580462558504144e-09
0.010285;2.844146851040003e-09
0.01034;3.0418452651234514e-09
0.010395;3.251899576587187e-09
0.010450000000000001;3.47512257433974e-09
0.010505;3.712386197501989e-09
0.01056;3.964626381912469e-09
0.010615000000000001;4.232848355307866e-09
0.01067;4.518132427948865e-09
0.010725;4.821640330957243e-09
0.01078;5.144622160777943e-09
0.010835000000000001;5.4884239951872866e-09
0.01089;5.854496254176672e-09
0.010945;6.244402888020128e-09
0.011000000000000001;6.6598314850455835e-09
0.011055;7.1026044032701324e-09
0.01111;7.574691043272135e-09
0.011165;8.078221394847736e-09
0.01122;8.61550100724465e-09
0.011275;9.189027552676667e-09
0.01133;9.801509175477344e-09
0.011385000000000001;1.045588484552677e-08
0.01144;1.1155346964617891e-08
0.011495;1.190336650931095e-08
0.011550000000000001;1.2703721034018408e-08
0.011605;1.3560525904653299e-08
0.01166;1.4478269187358704e-08
0.011715;1.5461850679805676e-08
0.011770000000000001;1.6516625645977254e-08
0.011825;1.7648453901286505e-08
0.01188;1.8863754995403527e-08
0.011935000000000001;2.0169570358360635e-08
0.01199;2.1573633414623614e-08
0.012045;2.3084448833952936e-08
0.0121;2.4711382282271336e-08
0.012155000000000001;2.646476226638473e-08
0.01221;2.8355995940895776e-08
0.012265;3.0397701073347064e-08
0.012320000000000001;3.260385675595179e-08
0.012375;3.4989975923543124e-08
0.01243;3.7573303305324126e-08
0.012485000000000001;4.0373043124582e-08
0.01254;4.341062169402107e-08
0.012595;4.6709991068953173e-08
0.01265;5.0297981161730084e-08
0.012705000000000001;5.420470924338822e-08
0.01276;5.846405763595529e-08
0.012815;6.311423272206343e-08
0.012870000000000001;6.819842128810054e-08
0.012925;7.376556382628455e-08
0.01298;7.987126895267567e-08
0.013035;8.657889881597683e-08
0.013090000000000001;9.396086262719013e-08
0.013145;1.0210016469536421e-07
0.0132;1.1109226523536949e-07
0.013255000000000001;1.210473275547684e-07
0.01331;1.3209294517167344e-07
0.013365;1.4437746852129624e-07
0.01342;1.5807408532962351e-07
0.013475;1.7338585446866324e-07
0.01353;1.905519543746518e-07
0.013585;2.0985548989372442e-07
0.013640000000000001;2.316333143095574e-07
0.013695;2.5628847876017296e-07
0.01375;2.843061375611293e-07
0.013805000000000001;3.1627404230879773e-07
0.01386;3.5290919102092953e-07
0.013915;3.950928236349315e-07
0.01397;4.4391686923406553e-07
0.014025000000000001;5.007463070693665e-07
0.01408;5.673039499433039e-07
0.014135;6.457873001964371e-07
0.014190000000000001;7.390320447828224e-07
0.014245;8.507446123139033e-07
0.0143;9.858390635245585e-07
0.014355;1.1509351440397632e-06
0.014410000000000001;1.3551115423505117e-06
0.014465;1.611074719759151e-06
0.01452;1.9370262155534506e-06
0.014575000000000001;2.35974718821905e-06
0.01463;2.919894807789924e-06
0.014685;3.6815191535324256e-06
0.014740000000000001;4.75011404131986e-06
0.014795;6.309174201038525e-06
0.01485;8.70050290610185e-06
0.014905;1.2619925723956159e-05
0.014960000000000001;1.966475747245177e-05
0.015015;3.419275110341749e-05
0.01507;7.182925657979218e-05
0.015125000000000001;0.0002267911430594911
0.01518;0.0037922301292920963
0.015235;0.000938696422383444
0.01529;0.00015580785781675735
0.015345000000000001;6.270111562300212e-05
0.0154;3.412438208282381e-05
0.015455;2.166674041865588e-05
0.015510000000000001;1.510959626550498e-05
0.015565;1.1223594379775991e-05
0.01562;8.724414694496217e-06
0.015675;7.018013493773479e-06
0.01573;5.79840854091929e-06
0.015785;4.894718187546e-06
0.01584;4.2052909230599864e-06
0.015895;3.6665114148000354e-06
0.01595;3.236873559955047e-06
0.016005000000000002;2.8883353098666947e-06
0.01606;2.6013814082718655e-06
0.016115;2.3620800744419675e-06
0.01617;2.160262681853652e-06
0.016225;1.9883615427499405e-06
0.01628;1.8406469065205976e-06
0.016335000000000002;1.7127135725869572e-06
0.016390000000000002;1.601127818046904e-06
0.016445;1.5031797766460386e-06
0.0165;1.4167066838255521e-06
0.016555;1.3399646756121454e-06
0.01661;1.2715344428121848e-06
0.016665;1.210250871972507e-06
0.016720000000000002;1.1551499315929124e-06
0.016775;1.105428124510364e-06
0.01683;1.060411211073721e-06
0.016885;1.019529850727626e-06
0.01694;9.82300461686112e-07
0.016995;9.483100553643951e-07
0.01705;9.172041265338881e-07
0.017105000000000002;8.886769129972341e-07
0.01716;8.624635075750286e-07
0.017215;8.383334291097296e-07
0.01727;8.160853509232216e-07
0.017325;7.955427536869868e-07
0.01738;7.765503212839452e-07
0.017435;7.589709374391347e-07
0.017490000000000002;7.426831708885618e-07
0.017545;7.27579159967149e-07
0.0176;7.135628254316963e-07
0.017655;7.005483543336645e-07
0.01771;6.884589087630648e-07
0.017765;6.77225521974124e-07
0.01782;6.667861513165683e-07
0.017875000000000002;6.570848629131048e-07
0.01793;6.480711274568238e-07
0.017985;6.396992100776524e-07
0.01804;6.319276401251089e-07
0.018095;6.247187490751715e-07
0.01815;6.180382666976403e-07
0.018205;6.118549672055644e-07
0.018260000000000002;6.061403584130788e-07
0.018315;6.008684080088328e-07
0.01837;5.960153019488123e-07
0.018425;5.915592307203766e-07
0.01848;5.874801998531846e-07
0.018535;5.837598615778969e-07
0.018590000000000002;5.803813649738743e-07
0.018645000000000002;5.773292223194904e-07
0.0187;5.745891896738718e-07
0.018755;5.72148159985768e-07
0.01881;5.699940672536409e-07
0.018865;5.681158004544248e-07
0.01892;5.665031261253493e-07
0.018975000000000002;5.651466186251142e-07
0.019030000000000002;5.640375972236587e-07
0.019085;5.631680692752329e-07
0.01914;5.625306788205622e-07
0.019195;5.621186600431086e-07
0.01925;5.619257950725713e-07
0.019305;5.619463756887644e-07
0.019360000000000002;5.621751685301238e-07
0.019415;5.626073834574755e-07
0.01947;5.63238644761945e-07
0.019525;5.640649649416421e-07
0.01958;5.650827208014994e-07
0.019635;5.662886316579032e-07
0.01969;5.67679739452711e-07
0.019745000000000002;5.692533906026666e-07
0.0198;5.710072194280507e-07
0.019855;5.72939133021187e-07
0.01991;5.750472974292421e-07
0.019965;5.773301250389968e-07
0.02002;5.79786263062665e-07
0.020075;5.824145830334603e-07
0.020130000000000002;5.852141712295204e-07
0.020185;5.881843199516683e-07
0.02024;5.913245195892356e-07
0.020295;5.946344514131412e-07
0.02035;5.981139810423417e-07
0.020405;6.01763152534296e-07
0.02046;6.05582183055223e-07
0.020515000000000002;6.095714580900451e-07
0.02057;6.137315271554204e-07
0.020625;6.180630999832268e-07
0.02068;6.225670431447294e-07
0.020735;6.272443770883271e-07
0.02079;6.320962735668345e-07
0.020845000000000002;6.371240534320455e-07
0.020900000000000002;6.423291847767428e-07
0.020955;6.477132814065534e-07
0.02101;6.532781016250431e-07
0.021065;6.590255473179939e-07
0.02112;6.649576633235816e-07
0.021175;6.710766370769547e-07
0.021230000000000002;6.773847985189701e-07
0.021285000000000002;6.838846202596881e-07
0.02134;6.905787179887862e-07
0.021395;6.974698511258013e-07
0.02145;7.04560923703844e-07
0.021505;7.118549854821454e-07
0.02156;7.193552332820841e-07
0.021615000000000002;7.270650125442487e-07
0.021670000000000002;7.349878191024956e-07
0.021725;7.431273011739456e-07
0.02178;7.514872615622586e-07
0.021835;7.600716600742029e-07
0.02189;7.688846161487769e-07
0.021945;7.779304116994451e-07
0.022000000000000002;7.872134941697621e-07
0.022055;7.967384798049111e-07
0.02211;8.065101571397669e-07
0.022165;8.165334907071514e-07
0.02222;8.26813624968312e-07
0.022275;8.373558884697856e-07
0.02233;8.481657982302927e-07
0.022385000000000002;8.592490643624985e-07
0.02244;8.70611594933879e-07
0.022495;8.822595010733229e-07
0.02255;8.941991023285366e-07
0.022605;9.064369322815019e-07
0.02266;9.189797444280568e-07
0.022715;9.318345183306037e-07
0.022770000000000002;9.450084660506302e-07
0.022825;9.585090388709495e-07
0.02288;9.723439343158956e-07
0.022935;9.865211034800066e-07
0.02299;1.0010487586754515e-06
0.023045;1.0159353814092543e-06
0.023100000000000002;1.0311897307017708e-06
0.023155000000000002;1.0468208517594982e-06
0.02321;1.0628380850143587e-06
0.023265;1.0792510755445262e-06
0.02332;1.0960697828898175e-06
0.023375;1.1133044912782788e-06
0.02343;1.1309658202797686e-06
0.023485000000000002;1.1490647359033452e-06
0.023540000000000002;1.1676125621562698e-06
0.023595;1.186620993084466e-06
0.02365;1.2061021053128888e-06
0.023705;1.2260683711080237e-06
0.02376;1.2465326719835781e-06
0.023815;1.2675083128726595e-06
0.023870000000000002;1.2890090368914264e-06
0.023925000000000002;1.3110490407186569e-06
0.02398;1.3336429906194326e-06
0.024035;1.3568060391396421e-06
0.02409;1.380553842502842e-06
0.024145;1.404902578739355e-06
0.0242;1.4298689665810762e-06
0.024255000000000002;1.4554702851569283e-06
0.024310000000000002;1.4817243945247125e-06
0.024365;1.5086497570784948e-06
0.02442;1.5362654598712974e-06
0.024475;1.5645912378956258e-06
0.02453;1.5936474983673114e-06
0.024585;1.6234553460588019e-06
0.024640000000000002;1.6540366097323444e-06
0.024695;1.6854138697249041e-06
0.02475;1.7176104867399339e-06
0.024805;1.7506506319044832e-06
0.02486;1.7845593181528262e-06
0.024915;1.8193624330000416e-06
0.024970000000000003;1.855086772775841e-06
0.025025000000000002;1.8917600783883685e-06
0.02508;1.9294110726952472e-06
0.025135;1.968069499560822e-06
0.02519;2.007766164685002e-06
0.025245;2.04853297829249e-06
0.0253;2.0904029997767867e-06
0.025355000000000003;2.1334104843982106e-06
0.025410000000000002;2.177590932141858e-06
0.025465;2.222981138846221e-06
0.02552;2.2696192497214778e-06
0.025575;2.317544815378577e-06
0.02563;2.3667988505064124e-06
0.025685;2.4174238953306434e-06
0.025740000000000002;2.4694640800069744e-06
0.025795000000000002;2.522965192101446e-06
0.02585;2.5779747473258465e-06
0.025905;2.6345420637034157e-06
0.02596;2.6927183393509764e-06
0.026015;2.7525567340741307e-06
0.02607;2.8141124549877505e-06
0.026125000000000002;2.8774428463810466e-06
0.026180000000000002;2.9426074840664214e-06
0.026235;3.009668274460223e-06
0.02629;3.078689558663967e-06
0.026345;3.1497382218291637e-06
0.0264;3.2228838081056727e-06
0.026455;3.2981986414947516e-06
0.026510000000000002;3.375757952948691e-06
0.026565000000000002;3.4556400140779055e-06
0.02662;3.5379262778546744e-06
0.026675;3.6227015267210473e-06
0.02673;3.7100540285457086e-06
0.026785;3.8000757008882637e-06
0.02684;3.892862284085978e-06
0.026895000000000002;3.988513523673014e-06
0.02695;4.087133362720404e-06
0.027005;4.1888301446948166e-06
0.02706;4.293716827484048e-06
0.027115;4.401911209285057e-06
0.02717;4.513536167096428e-06
0.027225000000000003;4.628719908604589e-06
0.027280000000000002;4.7475962383175884e-06
0.027335;4.870304838852804e-06
0.02739;4.996991568351995e-06
0.027445;5.127808775071798e-06
0.0275;5.2629156302640915e-06
0.027555;5.40247848055415e-06
0.027610000000000003;5.546671221100179e-06
0.027665000000000002;5.695675690924725e-06
0.02772;5.8496820919056e-06
0.027775;6.008889433027489e-06
0.02783;6.173506001614546e-06
0.027885;6.343749863403091e-06
0.02794;6.5198493934472696e-06
0.027995000000000003;6.702043840013605e-06
0.028050000000000002;6.890583923777461e-06
0.028105;7.085732474837578e-06
0.02816;7.287765110238768e-06
0.028215;7.496970954931381e-06
0.02827;7.713653409317588e-06
0.028325;7.938130966800904e-06
0.028380000000000002;8.170738085031874e-06
0.028435000000000002;8.411826114850946e-06
0.02849;8.661764291256525e-06
0.028545;8.920940791113923e-06
0.0286;9.189763862685837e-06
0.028655;9.468663032545444e-06
0.02871;9.758090395869156e-06
0.028765000000000002;1.005852199666979e-05
0.028820000000000002;1.0370459305089227e-05
0.028875;1.069443079950737e-05
0.02893;1.1030993661914978e-05
0.028985;1.1380735595789374e-05
0.02904;1.174427677652171e-05
0.029095;1.2122271945412378e-05
0.029150000000000002;1.2515412659236866e-05
0.029205000000000002;1.2924429708572046e-05
0.02926;1.3350095719263998e-05
0.029315;1.3793227952872922e-05
0.02937;1.4254691323393942e-05
0.029425;1.4735401649326759e-05
0.029480000000000003;1.52363291620029e-05
0.029535000000000002;1.5758502293205388e-05
0.02959;1.6303011767430312e-05
0.029645;1.6871015026771468e-05
0.0297;1.7463741019247952e-05
0.029755;1.8082495384697023e-05
0.02981;1.872866607588074e-05
0.029865000000000003;1.940372945656533e-05
0.029920000000000002;2.0109256922802278e-05
0.029975;2.0846922098719104e-05
0.03003;2.161850866380935e-05
0.030085;2.2425918875117545e-05
0.03014;2.3271182854876956e-05
0.030195;2.4156468722297284e-05
0.030250000000000003;2.508409365731686e-05
0.030305000000000002;2.605653599448196e-05
0.03036;2.707644845683166e-05
0.030415;2.8146672652919758e-05
0.03047;2.927025497514707e-05
0.030525;3.0450464054723415e-05
0.03058;3.1690809948086224e-05
0.030635000000000003;3.299506525180331e-05
0.030690000000000002;3.4367288368504095e-05
0.030745;3.581184917534159e-05
0.0308;3.733345738002482e-05
0.030855;3.8937193887715355e-05
0.03091;4.0628545546236086e-05
0.030965;4.241344368793122e-05
0.031020000000000002;4.429830694549163e-05
0.031075000000000002;4.629008888695449e-05
0.03113;4.839633109446169e-05
0.031185;5.062522240303399e-05
0.03124;5.298566512312258e-05
0.031295;5.5487349195766194e-05
0.03135;5.8140835376021005e-05
0.031405;6.09576487125349e-05
0.03146;6.395038379407157e-05
0.031515;6.713282347290078e-05
0.03157;7.052007305858126e-05
0.031625;7.412871231141561e-05
0.03168;7.797696796548857e-05
0.031735;8.208490998851386e-05
0.03179;8.64746753582289e-05
0.031845;9.117072382227235e-05
0.0319;9.620013093743202e-05
0.031955000000000004;0.0001015929246868306
0.032010000000000004;0.00010738247319090489
0.032065;0.00011360593251189405
0.03212;0.00012030476536708856
0.032175;0.0001275253437963511
0.03223;0.00013531965158166998
0.032285;0.00014374610562641993
0.03234;0.000152870519748694
0.032395;0.00016276723965497818
0.03245;0.0001735204845402145
0.032505;0.00018522593920378827
0.03256;0.00019799265130473893
0.032615;0.0002119453021010692
0.032670000000000005;0.00022722693667223424
0.032725000000000004;0.00024400226247663014
0.032780000000000004;0.0002624616548883033
0.032835;0.00028282604746537686
0.03289;0.0003053529364356561
0.032945;0.00033034379786090373
0.033;0.0003581533086932034
0.033055;0.00038920088877673426
0.03311;0.0004239852532197749
0.033165;0.00046310290308523464
0.03322;0.0005072718159934243
0.033275;0.0005573620704011518
0.03333;0.000614435813876651
0.033385;0.0006797999681659515
0.033440000000000004;0.0007550765113184162
0.033495000000000004;0.0008422973432095876
0.03355;0.0009440340375906263
0.033605;0.0010635778949803678
0.03366;0.0012051937962378328
0.033715;0.0013744844337993738
0.03377;0.0015789231709549944
0.033825;0.0018286506865729838
0.03388;0.002137695339614498
0.033935;0.002525894806754302
0.03399;0.0030220184785094742
0.034045;0.003669027629572188
0.0341;0.004533317679840434
0.034155;0.005721782592208103
0.034210000000000004;0.007415248344477744
0.034265000000000004;0.00993889441945052
0.03432;0.013924599577344753
0.034375;0.02073119521874802
0.03443;0.03371383298545664
0.034485;0.06297697016425434
0.03454;0.14963845268928042
0.034595;0.5340022203326278
0.03465;0.7980604629483236
0.034705;0.2158129621051313
0.03476;0.08453653227175226
0.034815;0.04413176531850585
0.03487;0.02706446545108099
0.034925000000000005;0.018339628948365102
0.034980000000000004;0.01329307179158783
0.035035000000000004;0.01011237845173364
0.03509;0.007977376526547347
0.035145;0.006473661565161601
0.0352;0.005373646124036643
0.035255;0.004543914264575296
0.03531;0.0039020427839332027
0.035365;0.0033948686910539217
0.03542;0.0029868433104759595
0.035475;0.0026534577285126965
0.03553;0.0023773641643783654
0.035585;0.0021459998903854047
0.03564;0.0019500833166261112
0.035695000000000005;0.0017826345258771413
0.035750000000000004;0.0016383210935111527
0.035805000000000003;0.0015130112671988864
0.03586;0.0014034625996989709
0.035915;0.0013071010220494042
0.03597;0.0012218615071588387
0.036025;0.0011460714345456406
0.03608;0.0010783640469252957
0.036135;0.00101761343149839
0.03619;0.0009628851102169315
0.036245;0.0009133980929433994
0.0363;0.0008684954475293349
0.036355;0.0008276212668089723
0.03641;0.0007903024888027332
0.036465000000000004;0.0007561344336591462
0.036520000000000004;0.000724769212051401
0.036575;0.0006959063702784569
0.03663;0.000669285291111333
0.036685;0.0006446789828728214
0.03674;0.0006218889736857235
0.036795;0.0006007410912312055
0.03685;0.0005810819563518655
0.036905;0.0005627760554421379
0.03696;0.0005457032846950491
0.037015;0.000529756881031975
0.03707;0.0005148416714843316
0.037125;0.0005008725860723869
0.037180000000000005;0.00048777338968640364
0.037235000000000004;0.00047547559677091545
0.037290000000000004;0.0004639175392180376
0.037345;0.0004530435631704207
0.0374;0.0004428033346938352
0.037455;0.0004331512377244405
0.03751;0.00042404585049380587
0.037565;0.00041544948891870454
0.03762;0.0004073278073116457
0.037675;0.00039964944830765524
0.03773;0.000392385735171111
0.037785;0.0003855104007003681
0.03784;0.0003789993478212953
0.037895;0.0003728304376925264
0.037950000000000005;0.0003669833017549659
0.038005000000000004;0.0003614391746724099
0.038060000000000004;0.0003561807455419112
0.038115;0.0003511920251182326
0.03817;0.00034645822710555556
0.038225;0.0003419656618333109
0.03828;0.00033770164085633527
0.038335;0.00033365439121122386
0.03839;0.00032981297822436785
0.038445;0.00032616723590783773
0.0385;0.0003227077040996744
0.038555;0.00031942557161084023
0.03861;0.00031631262472902433
0.038665;0.00031336120050970553
0.038720000000000004;0.00031056414435095463
0.038775000000000004;0.0003079147714084074
0.03883;0.000305406831457481
0.038885;0.0003030344768550852
0.03894;0.00030079223329211173
0.038995;0.00029867497306216526
0.03905;0.00029667789060257803
0.039105;0.0002947964800895746
0.03916;0.0002930265148933765
0.039215;0.0002913640287193943
0.03927;0.0002898052982795829
0.039325;0.00028834682735468995
0.03938;0.00028698533212177005
0.039435000000000005;0.0002857177276344974
0.039490000000000004;0.0002845411153547256
0.039545000000000004;0.0002834527716439458
0.0396;0.0002824501371321514
0.039655;0.0002815308068895307
0.03971;0.0002806925213336872
0.039765;0.0002799331578112952
0.03982;0.00027925072279886615
0.039875;0.000278643344672538
0.03993;0.00027810926700110896
0.039985;0.0002776468423210871
0.04004;0.0002772545263558167
0.040095;0.00027693087264451437
0.04015;0.00027667452754969536
0.040205000000000005;0.00027648422561465285
0.040260000000000004;0.00027635878524471207
0.040315000000000004;0.0002762971046888559
0.04037;0.0002762981583004236
0.040425;0.0002763609930593166
0.04048;0.00027648472534691986
0.040535;0.00027666853800920364
0.04059;0.00027691167818920886
0.040645;0.00027721348052449953
0.0407;0.000277573230316572
0.040755;0.00027799041337911245
0.04081;0.00027846450154926303
0.040865;0.0002789950153776475
0.04092;0.0002795815326621192
0.040975000000000004;0.00028022368021925263
0.041030000000000004;0.0002809211319521369
0.041085;0.0002816736073280596
0.04114;0.00028248087000494487
0.041195;0.00028334272656786025
0.04125;0.0002842590253631472
0.041305;0.00028522965542315516
0.04136;0.00028625454547600806
0.041415;0.00028733366303582424
0.04147;0.0002884670135688962
0.041525;0.00028965463973214066
0.04158;0.00029089662068009013
0.041635;0.0002921930714371785
0.041690000000000005;0.00029354414233227327
0.041745000000000004;0.00029495001849264956
0.041800000000000004;0.00029641091939479905
0.041855;0.00029792709846973906
0.04191;0.00029949884276067335
0.041965;0.00030112647263080974
0.04202;0.0003028103415197673
0.042075;0.0003045508357467264
0.04213;0.00030634837435874725
0.042185;0.0003082034090230591
0.04224;0.00031011642396178423
0.042295;0.0003120879359282379
0.04235;0.0003141184942235253
0.042405;0.00031620868075261444
0.042460000000000005;0.000318359110119188
0.042515000000000004;0.0003205704297582548
0.042570000000000004;0.00032284332010624204
0.042625;0.0003251784948077429
0.04268;0.000327576700958618
0.042735;0.00033003871938504237
0.04279;0.0003325653649581734
0.042845;0.00033515748694428496
0.0429;0.00033781596939011846
0.042955;0.0003405417315434471
0.04301;0.0003433357283089012
0.043065;0.0003461989507388497
0.04312;0.0003491324265598771
0.043175;0.0003521372207345303
0.043230000000000005;0.0003552144360591584
0.043285000000000004;0.0003583652137975768
0.043340000000000004;0.0003615907343513183
0.043395;0.0003648922179667837
0.04345;0.0003682709254797159
0.043505;0.00037172815909759907
0.04356;0.00037526526322060564
0.043615;0.000378883625301709
0.04367;0.0003825846767467475
0.043725;0.000386369893855103
0.04378;0.00039024079880202824
0.043835;0.0003941989606633026
0.04389;0.00039824599648342223
0.043945000000000005;0.00040238357238810493
0.044000000000000004;0.0004066134047424978
0.044055000000000004;0.00041093726135588013
0.04411;0.00041535696273453556
0.044165;0.0004198743833836172
0.04422;0.0004244914531597757
0.044275;0.0004292101586757337
0.04433;0.00043403254475846446
0.044385;0.00043896071596241637
0.04444;0.000443996838139656
0.044495;0.0004491431400684523
0.04455;0.0004544019151423954
0.044605;0.00045977552312159443
0.04466;0.0004652663919484949
0.044715000000000005;0.0004708770196298164
0.044770000000000004;0.0004766099761873518
0.044825000000000004;0.00048246790567956974
0.04488;0.0004884535282965104
0.044935;0.0004945696425306623
0.04499;0.0005008191274261926
0.045045;0.0005072049449093187
0.0451;0.0005137301422029969
0.045155;0.0005203978543283201
0.04521;0.0005272113066963666
0.045265;0.0005341738177934281
0.04532;0.0005412888019628545
0.045375;0.0005485597722876091
0.04543;0.0005559903435766721
0.045485000000000005;0.0005635842354594564
0.045540000000000004;0.0005713452755922002
0.045595000000000004;0.0005792774029806963
0.04565;0.000587384671423314
0.045705;0.0005956712530795884
0.04576;0.0006041414421685229
0.045815;0.0006127996588018916
0.04587;0.0006216504529579847
0.045925;0.0006306985086007628
0.04598;0.0006399486479504713
0.046035;0.0006494058359116825
0.04609;0.0006590751846646429
0.046145;0.0006689619584269634
0.046200000000000005;0.0006790715783917625
0.046255000000000004;0.000689409627850057
0.046310000000000004;0.0006999818575041067
0.046365;0.0007107941909802997
0.04642;0.000721852730548582
0.046475;0.0007331637630579944
0.04653;0.0007447337660963978
0.046585;0.0007565694143840202
0.04664;0.000768677586410283
0.046695;0.0007810653713241677
0.04675;0.0007937400760887165
0.046805;0.0008067092329106749
0.04686;0.0008199806069568317
0.046915;0.0008335622043692145
0.046970000000000005;0.0008474622805922249
0.047025000000000004;0.000861689349024182
0.047080000000000004;0.0008762521900080288
0.047135;0.0008911598601754817
0.04719;0.0009064217021596581
0.047245;0.0009220473546927941
0.0473;0.0009380467631051936
0.047355;0.0009544301902433507
0.04741;0.0009712082278257537
0.047465;0.000988391808255949
0.04752;0.0010059922169117907
0.047575;0.0010240211049344858
0.04763;0.0010424905025373653
0.047685000000000005;0.001061412832860007
0.047740000000000005;0.0010808009263901263
0.047795000000000004;0.0011006680359809445
0.047850000000000004;0.0011210278524902235
0.047905;0.001141894521069621
0.04796;0.0011632826581339504
0.048015;0.001185207369042703
0.04807;0.001207684266525836
0.048125;0.0012307294898892672
0.04818;0.001254359725036431
0.048235;0.0012785922253440306
0.04829;0.0013034448334325016
0.048345;0.0013289360038743895
0.0484;0.0013550848268842628
0.048455000000000005;0.0013819110530376992
0.048510000000000005;0.0014094351190696106
0.048565000000000004;0.001437678174802848
0.048620000000000003;0.0014666621112633931
0.048675;0.0014964095900388244
0.04873;0.0015269440739422192
0.048785;0.0015582898590453258
0.04884;0.0015904721081491323
0.048895;0.0016235168857625128
0.04895;0.0016574511946664768
0.049005;0.0016923030141411737
0.04906;0.0017281013399423877
0.049115;0.0017648762261138371
0.04917;0.0018026588287306943
0.049225000000000005;0.0018414814516730276
0.049280000000000004;0.0018813775945339993
0.049335000000000004;0.0019223820027717234
0.04939;0.0019645307202252457
0.049445;0.0020078611441143156
0.0495;0.0020524120826570474
0.049555;0.0020982238154409164
0.04961;0.002145338156696881
0.049665;0.0021937985216279165
0.04972;0.0022436499959600483
0.049775;0.0022949394088863126
0.04983;0.002347715409589895
0.049885;0.002402028547541794
0.049940000000000005;0.002457931356779729
0.049995000000000005;0.002515478444386364
0.050050000000000004;0.0025747265834035796
0.050105000000000004;0.0026357348104255837
0.05016;0.0026985645281376773
0.050215;0.0027632796130751154
0.05027;0.0028299465289016055
0.050325;0.0028986344455201657
0.05038;0.0029694153643518495
0.050435;0.003042364250135369
0.05049;0.0031175591696300754
0.050545;0.0031950814376195697
0.0506;0.0032750157706492515
0.050655;0.003357450448948245
0.050710000000000005;0.0034424774870266683
0.050765000000000005;0.003530192813461073
0.050820000000000004;0.003620696460424295
0.050875000000000004;0.0037140927635409245
0.05093;0.0038104905727028406
0.050985;0.003910003474509047
0.05104;0.004012750027044185
0.051095;0.004118854007763183
0.05115;0.004228444675288771
0.051205;0.00434165704599845
0.05126;0.004458632186330674
0.051315;0.004579517521801606
0.05137;0.004704467163801274
0.051425;0.004833642255306796
0.051480000000000005;0.004967211336731553
0.051535000000000004;0.0051053507332206515
0.051590000000000004;0.005248244964786601
0.051645;0.00539608718079281
0.0517;0.005549079620391048
0.051755;0.0057074341006404595
0.05181;0.0058713725341606165
0.051865;0.006041127478312553
0.05192;0.006216942718041235
0.051975;0.00639907388468458
0.05203;0.006587789113206783
0.052085;0.006783369740531544
0.05214;0.006986111047817128
0.052195000000000005;0.007196323049767155
0.052250000000000005;0.007414331334282056
0.052305000000000004;0.007640477956029958
0.052360000000000004;0.007875122387792508
0.052415;0.008118642533733168
0.05247;0.008371435809075161
0.052525;0.00863392029103207
0.05258;0.008906535946210999
0.052635;0.009189745940145464
0.05269;0.009484038035055101
0.052745;0.009789926082439358
0.0528;0.010107951617655125
0.052855;0.010438685564206712
0.05291;0.010782730056124755
0.052965000000000005;0.011140720387520068
0.053020000000000005;0.011513327099142127
0.053075000000000004;0.011901258212623606
0.053130000000000004;0.012305261623984185
0.053185;0.012726127668960282
0.05324;0.013164691873829735
0.053295;0.013621837906542106
0.05335;0.014098500744290816
0.053405;0.014595670075055524
0.05346;0.015114393952193338
0.053515;0.01565578272283676
0.05357;0.01622101325269571
0.053625;0.016811333471900638
0.05368;0.017428067268700977
0.053735000000000005;0.018072619760274855
0.053790000000000004;0.018746482972526825
0.053845000000000004;0.0194512419636625
0.0539;0.02018858142950805
0.053955;0.020960292831940213
0.05401;0.0217682820957249
0.054065;0.02261457792303711
0.05412;0.02350134077962559
0.054175;0.024430872611497026
0.05423;0.02540562735637005
0.054285;0.026428222320169534
0.05434;0.027501450495242
0.054395;0.028628293903990906
0.054450000000000005;0.029811938059419663
0.054505000000000005;0.03105578764223641
0.054560000000000004;0.03236348350340821
0.054615000000000004;0.033738921110737896
0.05467;0.03518627056864785
0.054725;0.03670999835177546
0.05478;0.038314890905184355
0.054835;0.0400060802771066
0.05489;0.041789071963927386
0.054945;0.04366977516177561
0.055;0.0456545356344829
0.055055;0.04775017142333216
0.05511;0.049964011640376275
0.055165;0.05230393860315884
0.055220000000000005;0.054778433584579136
0.055275000000000005;0.057396626466566465
0.055330000000000004;0.06016834959941578
0.055385000000000004;0.06310419617924144
0.05544;0.06621558346293673
0.055495;0.06951482114082001
0.05555;0.07301518518119673
0.055605;0.07673099744370085
0.05566;0.08067771132811656
0.055715;0.08487200367639057
0.05577;0.08933187307321437
0.055825;0.09407674458762953
0.05588;0.09912758085636693
0.055935;0.10450699921788349
0.055990000000000005;0.11023939435170217
0.056045000000000005;0.11635106554451166
0.056100000000000004;0.12287034727303858
0.056155000000000004;0.1298277412397196
0.05621;0.13725604729387614
0.056265;0.1451904897831386
0.05632;0.15366883477036555
0.056375;0.16273149217409028
0.05643;0.17242159519739153
0.056485;0.18278504734654416
0.05654;0.19387052485343384
0.056595;0.20572941935090466
0.05665;0.21841570216950518
0.056705000000000005;0.23198568760397772
0.056760000000000005;0.24649766795899813
0.056815000000000004;0.2620113882002427
0.056870000000000004;0.27858732277693005
0.056925;0.2962857119464406
0.05698;0.3151653101937265
0.057035;0.3352817958285613
0.05709;0.3566857895723276
0.057145;0.379420432320324
0.0572;0.40351848006435515
0.057255;0.42899888938260006
0.05731;0.4558628924373379
0.057365;0.48408959862604733
0.05742;0.5136312131053943
0.057475000000000005;0.5444080315194301
0.057530000000000005;0.576303454583358
0.057585000000000004;0.6091593617420913
0.057640000000000004;0.6427722815866672
0.057695;0.6768908844366093
0.05775;0.7112153803953686
0.057805;0.745399411077108
0.05786;0.7790549511437244
0.057915;0.8117605677052943
0.05797;0.8430731146319734
0.058025;0.8725425776255697
0.05808;0.8997293716668121
0.058135;0.9242229860742897
0.05819;0.9456605499090542
0.058245000000000005;0.9637437268744465
0.058300000000000005;0.9782523979510854
0.058355000000000004;0.989053866168986
0.058410000000000004;0.9961067872954826
0.058465;0.9994596155490287
0.05852;0.999243952224613
0.058575;0.9956636953423249
0.05863;0.9889812332898718
0.058685;0.9795020689100379
0.05874;0.9675592100431742
0.058795;0.9534984599958345
0.05885;0.9376654470177462
0.058905;0.9203949076210798
0.058960000000000005;0.9020024355074656
0.059015000000000005;0.8827786595136684
0.059070000000000004;0.8629856356519322
0.059125000000000004;0.8428551303412337
0.05918;0.8225884247497657
0.059235;0.802357269391045
0.05929;0.7823056484867554
0.059345;0.7625520615659357
0.0594;0.7431920846897975
0.059455;0.7243010281378189
0.05951;0.705936556798537
0.059565;0.6881411815536249
0.05962;0.6709445639325491
0.059675;0.6543656025467159
0.059730000000000005;0.6384142891847855
0.059785000000000005;0.6230933360770748
0.059840000000000004;0.6083995848816065
0.059895000000000004;0.5943252134707606
0.05995;0.5808587595246785
0.060005;0.5679859810202509
0.06006;0.5556905735316466
0.060115;0.5439547632798495
0.06017;0.5327597934200552
0.060225;0.5220863193666119
0.06028;0.5119147271901273
0.060335;0.5022253873947851
0.06039;0.49299885474202815
0.060445;0.4842160232930562
0.060500000000000005;0.4758582444906092
0.060555000000000005;0.46790741490821375
0.060610000000000004;0.46034603925238277
0.060665000000000004;0.4531572733000535
0.06072;0.4463249506799592
0.060775;0.43983359674565614
0.06083;0.43366843222855295
0.060885;0.427815368887626
0.06094;0.4222609989755228
0.060995;0.41699258000999256
0.06105;0.41199801606199143
0.061105;0.4072658365430553
0.06116;0.4027851732831703
0.061215000000000006;0.39854573653357755
0.061270000000000005;0.39453779039869274
0.061325000000000005;0.3907521280949749
0.061380000000000004;0.38718004734708295
0.061435000000000003;0.38381332616036656
0.06149;0.38064419915035724
0.061545;0.37766533456313145
0.0616;0.37486981208198183
0.061655;0.372251101485554
0.06171;0.36980304219793714
0.061765;0.3675198237517448
0.06182;0.3653959671702025
0.061875;0.36342630726218594
0.06193;0.3616059758149114
0.061985000000000005;0.3599303856623425
0.062040000000000005;0.3583952156019858
0.062095000000000004;0.35699639612943956
0.062150000000000004;0.3557300959571922
0.062205;0.3545927092829249
0.06226;0.3535808437716963
0.062315;0.35269130921613456
0.06237;0.3519211068389127
0.062425;0.3512674192025518
0.06248;0.350727600692232
0.06253500000000001;0.35029916853841264
0.06259;0.34997979434719007
0.062645;0.3497672961075156
0.0627;0.3496596306457947
0.062755;0.34965488649955256
0.06281;0.34975127718337384
0.062865;0.3499471348213889
0.06292;0.3502409041220753
0.062975;0.3506311366722908
0.06303;0.35111648552861724
0.063085;0.3516957000853236
0.06314;0.35236762119935183
0.063195;0.3531311765537215
0.06325;0.35398537624177767
0.063305;0.35492930855565596
0.06336;0.35596213596326676
0.063415;0.3570830912587769
0.06347;0.3582914738726239
0.063525;0.35958664632755327
0.06358;0.360968030828066
0.063635;0.3624351059713136
0.06369;0.3639874035678671
0.063745;0.3656245055616841
0.0638;0.36734604103896856
0.06385500000000001;0.3691516833160632
0.06391000000000001;0.37104114709714536
0.06396500000000001;0.3730141856929577
0.06402000000000001;0.37507058829207074
0.06407500000000001;0.3772101772768319
0.06413;0.3794328055765299
0.064185;0.38173835405099393
0.06424;0.38412672889948135
0.064295;0.38659785909619176
0.06435;0.38915169390110504
0.064405;0.39178820135464376
0.06446;0.39450741091409575
0.064515;0.3973091650950662
0.06457;0.40019362186577384
0.064625;0.4031607422735018
0.06468;0.40621054201168816
0.064735;0.40934303925260795
0.06479;0.412558251600391
0.064845;0.4158561933503807
0.0649;0.4192368727472374
0.064955;0.4227002892158507
0.06501;0.42624643055509465
0.065065;0.42987527009385074
0.06512;0.43358676380731426
0.065175;0.4373808473930354
0.06523;0.4412574333063496
0.065285;0.44521640775583876
0.06534000000000001;0.44925762765967264
0.06539500000000001;0.4533809175643752
0.06545000000000001;0.4575860665281649
0.06550500000000001;0.4618728249715742
0.06556000000000001;0.46624090149883896
0.065615;0.47068995969400756
0.06567;0.4752196148967213
0.065725;0.4798294309628467
0.06578;0.48451891701658917
0.065835;0.48928752420082233
0.06589;0.49413464243343136
0.065945;0.4990595971783603
0.066;0.5040616462407179
0.066055;0.5091399765960237
0.06611;0.5142937012648906
0.066165;0.5195218562445488
0.06622;0.5248233975102623
0.066275;0.5301971980998904
0.06633;0.535642045295633
0.066385;0.5411566379180464
0.06644;0.5467395837480413
0.066495;0.5523893970926952
0.06655;0.5581044965122188
0.066605;0.5638832027249603
0.06666;0.569723736708487
0.066715;0.5756242180149408
0.06677;0.5815826633186559
0.066825;0.5875969852149495
0.06688000000000001;0.5936649912883419
0.06693500000000001;0.5997843834687299
0.06699000000000001;0.605952757693577
0.06704500000000001;0.6121676038937742
0.0671;0.6184263063204416
0.067155;0.6247261442289801
0.06721;0.6310642929358697
0.067265;0.6374378252624499
0.06732;0.6438437133789775
0.067375;0.6502788310604625
0.06743;0.6567399563641436
0.067485;0.6632237747367962
0.06754;0.6697268825579621
0.067595;0.6762457911228322
0.06765;0.6827769310665796
0.067705;0.6893166572286521
0.06776;0.6958612539537664
0.067815;0.7024069408230948
0.06787;0.7089498788059795
0.067925;0.715486176820279
0.06798;0.7220118986858062
0.068035;0.7285230704524371
0.06809;0.7350156880817902
0.068145;0.7414857254575564
0.0682;0.747929142697565
0.068255;0.7543418947370537
0.06831;0.7607199401502833
0.06836500000000001;0.7670592501748875
0.06842000000000001;0.7733558179010732
0.06847500000000001;0.7796056675855794
0.06853000000000001;0.7858048640484289
0.06858500000000001;0.7919495221088777
0.06864;0.7980358160155673
0.068695;0.804059988825216
0.06875;0.8100183616831725
0.068805;0.8159073429592568
0.06886;0.8217234371919917
0.068915;0.8274632537954615
0.06897;0.8331235154833122
0.069025;0.8387010663660979
0.06908;0.8441928796796097
0.069135;0.8495960651038851
0.06919;0.8549078756352789
0.069245;0.8601257139758308
0.0693;0.8652471384082702
0.069355;0.8702698681274631
0.06941;0.8751917880026279
0.069465;0.8800109527488942
0.06952;0.8847255904899666
0.069575;0.8893341056981144
0.06963;0.8938350815014856
0.069685;0.8982272813528609
0.06974;0.9025096500582035
0.069795;0.9066813141671243
0.06985000000000001;0.9107415817317323
0.06990500000000001;0.9146899414434203
0.06996000000000001;0.9185260611618736
0.07001500000000001;0.9222497858529735
0.07007000000000001;0.9258611349562325
0.070125;0.9293602992049781
0.07018;0.9327476369257319
0.070235;0.9360236698448915
0.07029;0.9391890784339695
0.070345;0.9422446968255513
0.0704;0.945191507334506
0.070455;0.9480306346197251
0.07051;0.9507633395230525
0.070565;0.9533910126226605
0.07062;0.955915167539014
0.070675;0.9583374340318475
0.07073;0.960659550927644
0.070785;0.9628833589175289
0.07084;0.965010793267723
0.070895;0.9670438764872306
0.07095;0.9689847110034898
0.071005;0.9708354719075925
0.07106;0.9725983998522636
0.071115;0.9742757942298562
0.07117;0.9758700068525247
0.071225;0.9773834365791553
0.07128;0.9788185259135688
0.071335;0.9801777623630533
0.07139000000000001;0.9814636940947833
0.07144500000000001;0.9826790076389138
0.07150000000000001;0.9838273978816079
0.07155500000000001;0.9731159460156237
0.07161000000000001;0.9722236613936656
0.071665;0.9719118573255465
0.07172;0.9718914327813837
0.071775;0.9720520515068424
0.07183;0.9723366609070896
0.071885;0.9727108798605193
0.07194;0.9731519464160058
0.071995;0.9736437984734931
0.07205;0.9741745684694744
0.072105;0.9747351800619833
0.07216;0.9753185040262705
0.072215;0.9759188215195721
0.07227;0.9765314672201085
0.072325;0.977152583195236
0.07238;0.9777789438431356
0.072435;0.9784078280850028
0.07249;0.979036923925278
0.072545;0.9796642557656862
0.0726;0.9802881280794387
0.072655;0.9809070810844848
0.07271;0.9815198553735524
0.072765;0.982125363336277
0.07282;0.982722665805188
0.07287500000000001;0.9833109527714489
0.07293000000000001;0.9838895273081356
0.07298500000000001;0.984457792048824
0.07304000000000001;0.9850152377217778
0.07309500000000001;0.9855614333528356
0.07315;0.9860960178343109
0.073205;0.9866186926208705
0.07326;0.9871292153620433
0.073315;0.9876273943184812
0.07337;0.9881130834383179
0.073425;0.9885861779929367
0.07348;0.9890466106894757
0.073535;0.9894943481920173
0.07359;0.9899293879949163
0.073645;0.99035175560105
0.0737;0.9907615019655196
0.073755;0.9911587011714306
0.07381;0.9915434483095997
0.073865;0.9919158575381546
0.07392;0.9922760603015729
0.073975;0.9926242036916609
0.07403;0.9929604489352623
0.074085;0.9932849699957643
0.07414;0.9935979522769856
0.074195;0.9938995914197042
0.07425;0.9941900921821384
0.074305;0.9944696673969178
0.07436000000000001;0.9947385369979019
0.07441500000000001;0.9949969271110299
0.07447000000000001;0.9952450692039831
0.07452500000000001;0.9954831992901697
0.07458000000000001;0.9957115571828806
0.074635;0.9959303857959731
0.07469;0.9961399304878773
0.074745;0.9963404384459233
0.0748;0.996532158108375
0.074855;0.9967153386217678
0.07491;0.9968902293313818
0.074965;0.9970570793028805
0.07502;0.997216136873286
0.075075;0.9973676492296639
0.07513;0.9975118620139996
0.075185;0.9976490189528224
0.07524;0.9977793615103782
0.075295;0.9979031285640403
0.07535;0.9980205561009706
0.075405;0.9981318769348595
0.07546;0.99823732044193
0.075515;0.9983371123151633
0.07557;0.9984314743359931
0.075625;0.9985206241626424
0.07568;0.9986047751343178
0.075735;0.9986841360906168
0.07579;0.998758911205424
0.07584500000000001;0.998829299834701
0.07590000000000001;0.9988954963775175
0.07595500000000001;0.9989576901498171
0.07601000000000001;0.9990160652703107
0.07606500000000001;0.9990708005580151
0.07612000000000001;0.9991220694409169
0.076175;0.9991700398753288
0.07623;0.9992148742754193
0.076285;0.9992567294525468
0.07634;0.9992957565639345
0.076395;0.9993321010703268
0.07645;0.9993659027022017
0.076505;0.9993972954342122
0.07656;0.9994264074674722
0.076615;0.999453361219373
0.07667;0.9994782733205603
0.076725;0.9995012546188217
0.07678;0.9995224101895126
0.076835;0.9995418393522735
0.07689;0.999559635693713
0.076945;0.999575887095856
0.077;0.9995906757699821
0.077055;0.9996040782956818
0.07711;0.9996161656649083
0.077165;0.999627003330527
0.07722;0.9996366512596491
0.077275;0.999645163990875
0.07733;0.9996525906956822
0.07738500000000001;0.999658975243561
0.07744000000000001;0.999664356270654
0.07749500000000001;0.9996687672517476
0.07755000000000001;0.9996722365752919
0.07760500000000001;0.9996747876213001
0.07766;0.9996764388418542
0.077715;0.9996772038439097
0.07777;0.9996770914742464
0.077825;0.9996761059061641
0.07788;0.9996742467276422
0.077935;0.9996715090306445
0.07799;0.9996678835010946
0.078045;0.9996633565090935
0.0781;0.9996579101987931
0.078155;0.9996515225772415
0.07821;0.9996441676013715
0.078265;0.9996358152620837
0.07832;0.9996264316640359
0.078375;0.9996159790994916
0.07843;0.9996044161138341
0.078485;0.9995916975598315
0.07854;0.9995777746364373
0.078595;0.9995625949065347
0.07865;0.999546102285716
0.078705;0.9995282369909035
0.07876;0.9995089354325967
0.078815;0.999488130026952
0.07887000000000001;0.999465748891829
0.07892500000000001;0.9994417153716675
0.07898000000000001;0.9994159473042118
0.07903500000000001;0.9993883558879083
0.07909000000000001;0.9993588439133262
0.07914500000000001;0.9993273029471821
0.0792;0.99929360872269
0.079255;0.9992576133136527
0.07931;0.9992191312161026
0.079365;0.9991779130915523
0.07942;0.9991335923542959
0.079475;0.9990855652428369
0.07953;0.9990326828259424
0.079585;0.9989722901146312
0.07964;0.9988961210606196
0.079695;0.9987568371518488
0.07975;0.9989330798052142
0.079805;0.9989081499169546
0.07986;0.9987956980854714
0.079915;0.9987116730373193
0.07997;0.9986334843728217
0.080025;0.9985558597144425
0.08008;0.9984768769747859
0.080135;0.9983956349984361
0.08019;0.9983116303305615
0.080245;0.9982245410206217
0.0803;0.998134137833448
0.08035500000000001;0.9980402431465346
0.08041000000000001;0.9979427101398171
0.08046500000000001;0.9978414115035105
0.08052000000000001;0.9977362329659412
0.08057500000000001;0.9976270694184255
0.08063000000000001;0.997513822513063
0.080685;0.9973963991327535
0.08074;0.9972747103968275
0.080795;0.9971486710062777
0.08085;0.997018198810009
0.080905;0.996883214518495
0.08096;0.9967436415176527
0.081015;0.9965994057520354
0.08107;0.9964504356566724
0.081125;0.9962966621234249
0.08118;0.996138018492016
0.081235;0.9959744405588137
0.08129;0.9958058665983883
0.081345;0.9956322373941648
0.0814;0.9954534962755817
0.081455;0.9952695891596733
0.08151;0.9950804645956315
0.081565;0.9948860738111591
0.08162;0.9946863707597408
0.081675;0.9944813121681447
0.08173;0.9942708575836094
0.081785;0.9940549694202664
0.08184;0.9938336130044981
0.08189500000000001;0.9936067566189096
0.08195000000000001;0.9933743715447231
0.08200500000000001;0.9931364321023763
0.08206000000000001;0.9928929156902526
0.08211500000000001;0.992643802821307
0.08217;0.9923890771576009
0.082225;0.9921287255425844
0.08228;0.9918627380311018
0.082335;0.9915911079170484
0.08239;0.9913138317586324
0.082445;0.9910309094012346
0.0825;0.990742343997788
0.082555;0.9904481420267073
0.08261;0.990148313307329
0.082665;0.9898428710128534
0.08272;0.989531831680788
0.082775;0.9892152152208985
0.08283;0.9888930449206744
0.082885;0.9885653474483009
0.08294;0.9882321528531424
0.082995;0.987893494563817
0.08305;0.9875494093837841
0.083105;0.9871999374845448
0.08316;0.9868451223964277
0.083215;0.9864850109970451
0.08327;0.9861196534973504
0.083325;0.985749103425459
0.08338000000000001;0.9853734176081523
0.08343500000000001;0.984992656150146
0.08349000000000001;0.9846068824111927
0.08354500000000001;0.9842161629809852
0.08360000000000001;0.9838205676519746
0.08365500000000001;0.9834201693900873
0.08371;0.9830150443034446
0.083765;0.9826052716090695
0.08382;0.9821909335976781
0.083875;0.9817721155965757
0.08393;0.9813489059307368
0.083985;0.9809213958820789
0.08404;0.9804896796470199
0.084095;0.9800538542923691
0.08415;0.9796140197095853
0.084205;0.9791702785674736
0.08426;0.9787227362633898
0.084315;0.9782715008729614
0.08437;0.9778166830984688
0.084425;0.9773583962158366
0.08448;0.9768967560204086
0.084535;0.9764318807714523
0.08459;0.9759638911355508
0.084645;0.9754929101288689
0.0847;0.9750190630584302
0.084755;0.9745424774623327
0.08481;0.9740632830491653
0.08486500000000001;0.9735816116364415
0.08492000000000001;0.9730975970883629
0.08497500000000001;0.9726113752527127
0.08503000000000001;0.9721230838971787
0.08508500000000001;0.9716328626450109
0.08514000000000001;0.9711408529101091
0.085195;0.9706471978315879
0.08525;0.9701520422079303
0.085305;0.9696555324323031
0.08536;0.9691578164181763
0.085415;0.9686590435478558
0.08547;0.9681593645900635
0.085525;0.9676589316401708
0.08558;0.9671578980513358
0.085635;0.9666564183669187
0.08569;0.9661546482529473
0.085745;0.9656527444305966
0.0858;0.9651508646086786
0.085855;0.964649167416275
0.08591;0.9641478123354981
0.085965;0.9636469596344902
0.08602;0.9631467703005611
0.086075;0.9626474059735425
0.08613;0.9621490288802755
0.086185;0.9616518017672879
0.08624;0.9611558878367135
0.086295;0.9606614506804817
0.08635;0.9601686542158772
0.08640500000000001;0.9596776626212505
0.08646000000000001;0.9591886402724804
0.08651500000000001;0.958701751679765
0.08657000000000001;0.9582171614250502
0.08662500000000001;0.9577350341000744
0.08668000000000001;0.957255534244928
0.086735;0.9567788262873298
0.08679;0.9563050744824905
0.086845;0.9558344428536486
0.0869;0.9553670951333014
0.086955;0.954903194705107
0.08701;0.9544429045465279
0.087065;0.9539863871721427
0.08712;0.9535338045777222
0.087175;0.9530853181850385
0.08723;0.9526410887874134
0.087285;0.9522012764960017
0.08734;0.951766040686853
0.087395;0.9513355399487076
0.08745;0.9509099320315807
0.087505;0.9504893737960526
0.08756;0.9500740211633687
0.087615;0.9496640290662742
0.08767;0.9492595514005618
0.087725;0.9488607409774251
0.08778;0.9484677494765084
0.087835;0.9480807273996876
0.08789000000000001;0.9476998240255817
0.08794500000000001;0.9473251873647771
0.08800000000000001;0.9469569641157263
0.08805500000000001;0.9465952996213677
0.08811000000000001;0.9462403378263773
0.08816500000000001;0.9458922212351054
0.08822;0.9455510908701539
0.088275;0.9452170862315491
0.08833;0.9448903452565648
0.088385;0.9445710042800859
0.08844;0.9442591979955773
0.088495;0.9439550594165911
0.08855;0.9436587198387744
0.088605;0.9433703088024258
0.08866;0.9430899540554978
0.088715;0.9428177815170622
0.08877;0.9425539152412208
0.088825;0.942298477381423
0.08888;0.9420515881551503
0.088935;0.9418133658089674
0.08899;0.9415839265839078
0.089045;0.941363384681136
0.0891;0.9411518522279192
0.089155;0.9409494392438063
0.08921;0.9407562536070481
0.089265;0.9405724010211884
0.08932;0.940397984981816
0.08937500000000001;0.9402331067434315
0.08943000000000001;0.9400778652864289
0.08948500000000001;0.9399323572841055
0.08954000000000001;0.9397966770697412
0.08959500000000001;0.9396709166036309
0.08965000000000001;0.9395551654401406
0.08970500000000001;0.9394495106946269
0.08976;0.9393540370103174
0.089815;0.9392688265250158
0.08987;0.9391939588376674
0.089925;0.9391295109747093
0.08998;0.939075557356186
0.090035;0.9390321697616087
0.09009;0.9389994172955006
0.090145;0.938977366352589
0.0902;0.9389660805826859
0.090255;0.9389656208550741
0.09031;0.9389760452225391
0.090365;0.93899740888486
0.09042;0.9390297641518236
0.090475;0.9390731604056947
0.09053;0.9391276440630826
0.090585;0.9391932585362133
0.09064;0.9392700441935544
0.090695;0.9393580383197284
0.09075;0.9394572750747541
0.090805;0.9395677854524694
0.09086;0.9396895972382219
0.09091500000000001;0.9398227349657278
0.09097000000000001;0.939967219873032
0.09102500000000001;0.940123069857625
0.09108000000000001;0.9402902994306106
0.09113500000000001;0.9404689196699135
0.09119000000000001;0.9406589381724981
0.091245;0.9408603590055626
0.0913;0.9410731826566571
0.091355;0.9412974059827351
0.09141;0.9415330221580461
0.091465;0.9417800206208967
0.09152;0.9420383870191908
0.091575;0.9423081031547891
0.09163;0.9425891469265583
0.091685;0.9428814922721852
0.09174;0.9431851091086393
0.091795;0.9434999632712981
0.09185;0.9438260164517106
0.091905;0.9441632261339118
0.09196;0.9445115455293596
0.092015;0.9448709235103511
0.09207;0.9452413045419817
0.092125;0.9456226286125776
0.09218;0.9460148311625752
0.092235;0.9464178430118265
0.09229;0.9468315902853366
0.092345;0.9472559943373232
0.09240000000000001;0.9476909716737012
0.09245500000000001;0.948136433872846
0.09251000000000001;0.948592287504689
0.09256500000000001;0.9490584340481127
0.09262000000000001;0.9495347698065912
0.09267500000000001;0.9500211858221239
0.09273;0.9505175677873492
0.092785;0.9510237959559273
0.09284;0.9515397450511103
0.092895;0.9520652841724753
0.09295;0.9526002767008993
0.093005;0.9531445802016308
0.09306;0.9536980463255721
0.093115;0.9542605207086807
0.09317;0.954831842869535
0.093225;0.9554118461050367
0.09328;0.9560003573842571
0.093335;0.9565971972404018
0.09339;0.9572021796609569
0.093445;0.9578151119759216
0.0935;0.9584357947442722
0.093555;0.959064021638505
0.09361;0.9596995793274163
0.093665;0.9603422473570304
0.09372;0.9609917980297455
0.093775;0.9616479962816987
0.09383;0.9623105995583998
0.09388500000000001;0.9629793576885737
0.09394000000000001;0.9636540127563832
0.09399500000000001;0.9643342989719614
0.09405000000000001;0.9650199425402142
0.09410500000000001;0.9657106615282062
0.09416000000000001;0.9664061657308777
0.09421500000000001;0.9671061565352643
0.09427;0.9678103267833376
0.094325;0.9685183606333684
0.09438;0.9692299334200252
0.094435;0.9699447115131716
0.09449;0.9706623521754487
0.094545;0.9713825034188027
0.0946;0.9721048038598765
0.094655;0.9728288825745213
0.09471;0.9735543589514082
0.094765;0.9742808425448587
0.09482;0.975007932927049
0.094875;0.9757352195396128
0.09493;0.9764622815448251
0.094985;0.9771886876764709
0.09504;0.9779139960905014
0.095095;0.9786377542156595
0.09515;0.9793594986041594
0.095205;0.9800787547826466
0.09526;0.9807950371035142
0.095315;0.9815078485968017
0.09537000000000001;0.9822166808228296
0.09542500000000001;0.9829210137257424
0.09548000000000001;0.9836203154881589
0.09553500000000001;0.984314042387152
0.09559000000000001;0.9850016386517219
0.09564500000000001;0.9856825363219995
0.09570000000000001;0.9863561551104452
0.095755;0.9870219022652009
0.09581;0.9876791724359343
0.095865;0.9883273475423201
0.09592;0.9889657966455699
0.095975;0.9895938758231168
0.09603;0.9902109280469027
0.096085;0.9908162830654486
0.09614;0.9914092572900929
0.096195;0.9919891536856507
0.09625;0.9925552616658949
0.096305;0.993106856994138
0.09636;0.9936432016893212
0.096415;0.9941635439379236
0.09647;0.9946671180121032
0.096525;0.9951531441944619
0.09658;0.9956208287097781
0.096635;0.996069363664218
0.09669;0.9964979269923223
0.096745;0.996905682412309
0.0968;0.9972917793900657
0.096855;0.9976553531123452
0.09691000000000001;0.997995524469579
0.09696500000000001;0.9983114000488053
0.09702000000000001;0.998602072137221
0.09707500000000001;0.9988666187368344
0.09713000000000001;0.9991041035907338
0.09718500000000001;0.9993135762214737
0.09724000000000001;0.9994940719821788
0.097295;0.9996446121207703
0.09735;0.9997642038580441
0.097405;0.999851840479956
0.09746;0.9999065014448673
0.097515;0.9999271525061811
0.09757;0.9999127458510015
0.097625;0.9998622202554396
0.09768;0.9997745012570636
0.097735;0.9996485013451964
0.09779;0.9994831201695329
0.097845;0.9992772447678135
0.0979;0.9990297498130376
0.097955;0.9987394978808581
0.09801;0.9984053397380204
0.098065;0.9980261146515856
0.09812;0.9976006507209436
0.098175;0.9971277652318612
0.09823;0.9966062650339104
0.098285;0.9960349469416793
0.09834;0.9954125981602766
0.09839500000000001;0.9947379967357843
0.09845000000000001;0.9940099120311648
0.09850500000000001;0.9932271052282184
0.09856000000000001;0.9923883298560069
0.09861500000000001;0.9914923323464169
0.09867000000000001;0.990537852617217
0.09872500000000001;0.9895236246831671
0.09878;0.9884483772956006
0.098835;0.987310834610908
0.09889;0.9861097168883353
0.098945;0.9848437412175085
0.099;0.9835116222759154
0.099055;0.9821120731168181
0.09911;0.9806438059877629
0.099165;0.9791055331799586
0.09922;0.9774959679087531
0.099275;0.9758138252253434
0.09933;0.9740578229598605
0.099385;0.9722266826959182
0.09944;0.9703191307765828
0.099495;0.9683338993418626
0.09955;0.9662697273975406
0.099605;0.9641253619152643
0.09966;0.9618995589637256
0.099715;0.959591084870665
0.09977;0.9571987174154176
0.099825;0.9547212470516114
0.09988000000000001;0.9521574781596328
0.09993500000000001;0.9495062303283331
0.09999000000000001;0.9467663396654186
0.10004500000000001;0.9439366601359586
0.10010000000000001;0.9410160649281359
0.10015500000000001;0.9380034478457814
0.10021000000000001;0.934897724726462
0.100265;0.931697834884549
0.10032;0.9284027425780537
0.100375;0.9250114384982798
0.10043;0.9215229412810729
0.100485;0.9179362990385174
0.10054;0.9142505909097027
0.100595;0.9104649286293242
0.10065;0.9065784581124485
0.100705;0.9025903610541877
0.10076;0.8984998565424434
0.100815;0.8943062026822252
0.10087;0.8900086982296828
0.100925;0.8856066842341019
0.10098;0.8810995456859659
0.101035;0.8764867131691138
0.10109;0.871767664514981
0.101145;0.8669419264569223
0.1012;0.8620090762822834
0.101255;0.8569687434803492
0.10131;0.8518206113835576
0.101365;0.8465644188000161
0.10142000000000001;0.8411999616347887
0.10147500000000001;0.8357270944976943
0.10153000000000001;0.8301457322952398
0.10158500000000001;0.8244558518042969
0.10164000000000001;0.8186574932252583
0.10169500000000001;0.8127507617124089
0.10175000000000001;0.8067358288795109
0.101805;0.800612934279393
0.10186;0.7943823868567795
0.101915;0.7880445663768476
0.10197;0.7815999248377887
0.102025;0.7750489878922157
0.10208;0.7683923563533791
0.102135;0.761630708040538
0.10219;0.7547648010047174
0.102245;0.7477954839307047
0.1023;0.7407237704873673
0.102355;0.733554321738467
0.10241;0.7262771985492036
0.102465;0.7189032122368109
0.10252;0.7114318733260575
0.102575;0.7038638594053627
0.10263;0.6962005282444289
0.102685;0.688443362732649
0.10274;0.6805939391366755
0.102795;0.6726539224088183
0.10285;0.6646250653500312
0.10290500000000001;0.6565092085802897
0.10296000000000001;0.6483082806892642
0.10301500000000001;0.6400242983983646
0.10307000000000001;0.6316593666781122
0.10312500000000001;0.6232156787994584
0.10318000000000001;0.6146955163095545
0.10323500000000001;0.6061012489266635
0.10329;0.5974353343515539
0.103345;0.5887003179932521
0.1034;0.579898832607399
0.103455;0.5710335978462611
0.10351;0.5621074197192543
0.103565;0.5531231899629903
0.10362;0.5440838853202676
0.103675;0.5349925667270291
0.10373;0.5258523784071563
0.103785;0.5166665468740528
0.10384;0.5074383798390691
0.103895;0.4981712650261538
0.10395;0.48886866889255454
0.104005;0.4795341352552574
0.10406;0.4701712838232779
0.104115;0.460783808635241
0.10417;0.4513754764028703
0.104225;0.4419501247597006
0.10428;0.4325116604157873
0.104335;0.4230640572178712
0.10439000000000001;0.4136113541157586
0.10444500000000001;0.4041576530347594
0.10450000000000001;0.39470711665450653
0.10455500000000001;0.38526396609468305
0.10461000000000001;0.3758324785076308
0.10466500000000001;0.36641698457857313
0.10472000000000001;0.3570218659336991
0.10477500000000001;0.34765155245658347
0.10483;0.33831051951351715
0.104885;0.32900328508827287
0.10494;0.3197344068269248
0.104995;0.31050847899346073
0.10505;0.30133012933663
0.105105;0.2922040158692841
0.10516;0.28313482356063513
0.105215;0.2741272609424948
0.10527;0.2651860566306459
0.105325;0.25631595576218574
0.10538;0.24752171635037545
0.105435;0.2388081055578905
0.10549;0.2301798958903359
0.105545;0.22164186131122998
0.1056;0.21319877328039039
0.105655;0.20485539671754951
0.10571;0.19661648589307582
0.105765;0.18848678024815038
0.10582;0.18047100014696324
0.105875;0.1725738425630785
0.10593000000000001;0.1647999767033198
0.10598500000000001;0.1571540395719248
0.10604000000000001;0.14964063147836656
0.10609500000000001;0.14226431149266597
0.10615000000000001;0.13502959285156446
0.10620500000000001;0.12794093832034256
0.10626000000000001;0.12100275551420842
0.106315;0.11421939218437381
0.10637;0.10759513147381532
0.106425;0.10113418714812589
0.10648;0.09484069880733938
0.106535;0.08871872708479184
0.10659;0.08277224883948134
0.106645;0.07700515234895802
0.1067;0.07142123250966288
0.106755;0.06602418605260085
0.10681;0.06081760678200123
0.106865;0.05580498084543549
0.10692;0.05098968204390091
0.106975;0.04637496719089204
0.10703;0.041963971529657716
0.107085;0.037759704218333655
0.10714;0.03376504389261895
0.107195;0.029982734316410083
0.10725;0.026415380130376233
0.107305;0.023065442709461786
0.10736;0.019935236139688443
0.10741500000000001;0.01702692332539319
0.10747000000000001;0.014342512237866454
0.10752500000000001;0.011883852316307614
0.10758000000000001;0.009652631032443886
0.10763500000000001;0.007650370629704246
0.10769000000000001;0.005878425048008461
0.10774500000000001;0.004337977045153038
0.1078;0.003030035525430219
0.107855;0.0019554330860587377
0.10791;0.0011148237916797578
0.107965;0.0005086811868010867
0.10802;0.00013729655579351865
0.108075;7.774394900139051e-07
0.10813;9.904641703733309e-05
0.108185;0.00043184016104691567
0.10824;0.0009987087735198155
0.108295;0.0017990154093327436
0.10835;0.0028319361934114272
0.108405;0.004096460436903291
0.10846;0.00559139115690988
0.108515;0.00731534590345897
0.10857;0.009266757896508512
0.108625;0.011443877474917855
0.10868;0.013844773858222284
0.108735;0.01646733722121119
0.10879;0.01930928108024756
0.108845;0.022368144989199673
0.10890000000000001;0.02564129754188283
0.10895500000000001;0.029125939676828055
0.10901000000000001;0.032819108279146414
0.10906500000000001;0.036717680073326035
0.10912000000000001;0.0408183757994781
0.10917500000000001;0.045117764664991115
0.10923000000000001;0.049612269062057936
0.10928500000000001;0.054298169541039165
0.10934;0.05917161002833433
0.109395;0.06422860327682368
0.10945;0.0694650365358655
0.109505;0.07487667742732051
0.10956;0.08045918001297678
0.109615;0.08620809103857172
0.10967;0.0921188563383486
0.109725;0.09818682738429325
0.10978;0.1044072679630535
0.109835;0.11077536096358176
0.10989;0.11728621525804911
0.109945;0.1239348726583387
0.11;0.13071631493034633
0.110055;0.13762547084811114
0.11011;0.1446572232698902
0.110165;0.15180641621842814
0.11022;0.15906786194745115
0.110275;0.1664363479772973
0.11033;0.1739066440822108
0.110385;0.1814735092126429
0.11044000000000001;0.18913169833620969
0.11049500000000001;0.1968759691814278
0.11055000000000001;0.20470108886890934
0.11060500000000001;0.21260184041544825
0.11066000000000001;0.22057302909696105
0.11071500000000001;0.2286094886569945
0.11077000000000001;0.23670608734833304
0.110825;0.24485773379601955
0.11088;0.2530593826708929
0.110935;0.26130604016373205
0.11099;0.26959276925072967
0.111045;0.27791469474219943
0.1111;0.2862670081073062
0.111155;0.2946449720681408
0.11121;0.30304392495789506
0.111265;0.31145928483867014
0.11132;0.3198865533749058
0.111375;0.3283213194600459
0.11143;0.33675926259435857
0.111485;0.34519615601286757
0.11154;0.3536278695634152
0.111595;0.3620503723351024
0.11165;0.37045973503871454
0.111705;0.3788521321413434
0.11176;0.38722384375758395
0.111815;0.3955712573013308
0.11187;0.4038908689016614
0.11192500000000001;0.41217928458803804
0.11198000000000001;0.4204332212496615
0.11203500000000001;0.4286495073746946
0.11209000000000001;0.4368250835758255
0.11214500000000001;0.4449570029081991
0.11220000000000001;0.4530424309871734
0.11225500000000001;0.4610786459127404
0.11231000000000001;0.4690630380083361
0.112365;0.4769931093817351
0.11242;0.4848664733159158
0.112475;0.492680853498174
0.11253;0.5004340830955157
0.112585;0.5081241036843849
0.11264;0.5157489640445816
0.112695;0.5233068188223647
0.11275;0.5307959270756634
0.112805;0.5382146507056013
0.11286;0.5455614527848986
0.112915;0.552834895790424
0.11297;0.560033639748119
0.113025;0.5671564402979095
0.11308;0.5742021466865808
0.113135;0.5811696996957864
0.11319;0.5880581295127911
0.113245;0.5948665535506069
0.1133;0.6015941742248069
0.113355;0.6082402766932972
0.11341000000000001;0.614804226565538
0.11346500000000001;0.6212854675872523
0.11352000000000001;0.6276835193064441
0.11357500000000001;0.6339979747264792
0.11363000000000001;0.6402284979512457
0.11368500000000001;0.6463748218275752
0.11374000000000001;0.6524367455898002
0.11379500000000001;0.6584141325107257
0.11385;0.6643069075634224
0.113905;0.670115055097663
0.11396;0.6758386165348527
0.114015;0.681477688084878
0.11407;0.687032418487866
0.114125;0.6925030067840835
0.11418;0.6978897001147724
0.114235;0.703192791555773
0.11429;0.7084126179870959
0.114345;0.7135495579997521
0.1144;0.7186040298421814
0.114455;0.7235764894074338
0.11451;0.7284674282630446
0.114565;0.7332773717244992
0.11462;0.7380068769734346
0.114675;0.7426565312219989
0.11473;0.7472269499223445
0.114785;0.7517187750257204
0.11484;0.7561326732860683
0.11489500000000001;0.7604693346136774
0.11495000000000001;0.7647294704759615
0.11500500000000001;0.7689138123466397
0.11506000000000001;0.7730231102029044
0.11511500000000001;0.7770581310707488
0.11517000000000001;0.7810196576178642
0.11522500000000001;0.7849084867941575
0.11528000000000001;0.7887254285192322
0.11533500000000001;0.7924713044164772
0.11539;0.7961469465932521
0.115445;0.7997531964664554
0.1155;0.8032909036329484
0.115555;0.806760924784068
0.11561;0.8101641226634219
0.115665;0.8135013650672996
0.11572;0.8167735238867657
0.115775;0.8199814741906158
0.11583;0.8231260933483068
0.115885;0.8262082601919661
0.11594;0.8292288542165047
0.115995;0.8321887548169795
0.11605;0.835088840562108
0.116105;0.8379299885031694
0.11616;0.840713073517125
0.116215;0.8434389676831267
0.11627;0.8461085396913334
0.116325;0.8487226542831909
0.11638;0.851282171722089
0.11643500000000001;0.8537879472934827
0.11649000000000001;0.85624083083354
0.11654500000000001;0.8586416662853551
0.11660000000000001;0.8609912912817651
0.11665500000000001;0.863290536753934
0.11671000000000001;0.8655402265646707
0.11676500000000001;0.8677411771657242
0.11682000000000001;0.8698941972780475
0.116875;0.872000087594274
0.11693;0.8740596405025031
0.116985;0.8760736398305864
0.11704;0.8780428606100856
0.117095;0.8799680688591344
0.11715;0.8818500213834543
0.117205;0.8836894655946961
0.11726;0.8854871393454286
0.117315;0.8872437707800874
0.11737;0.8889600782011056
0.117425;0.8906367699496366
0.11748;0.8922745443001667
0.117535;0.8938740893683664
0.11759;0.8954360830316531
0.117645;0.8969611928617428
0.1177;0.8984500760687257
0.117755;0.8999033794560349
0.11781;0.901321739385809
0.117865;0.9027057817541009
0.11792000000000001;0.9040561219754705
0.11797500000000001;0.9053733649763965
0.11803000000000001;0.9066581051971655
0.11808500000000001;0.9079109266016385
0.11814000000000001;0.9091324026946216
0.11819500000000001;0.9103230965462444
0.11825000000000001;0.9114835608231406
0.11830500000000001;0.9126143378258775
0.11836;0.913715959532369
0.118415;0.914788947646883
0.11847;0.9158338136542766
0.118525;0.9168510588792042
0.11858;0.9178411745499123
0.118635;0.9188046418663602
0.11869;0.9197419320723705
0.118745;0.9206535065315609
0.1188;0.9215398168067388
0.118855;0.9224013047425839
0.11891;0.9232384025513075
0.118965;0.9240515329011277
0.11902;0.9248411090072894
0.119075;0.9256075347254644
0.11913;0.9263512046473171
0.119185;0.9270725041980333
0.11924;0.9277718097356747
0.119295;0.9284494886521708
0.11935;0.9291058994757658
0.11940500000000001;0.9297413919748078
0.11946000000000001;0.9303563072627183
0.11951500000000001;0.9309509779040009
0.11957000000000001;0.9315257280211805
0.11962500000000001;0.9320808734025244
0.11968000000000001;0.9326167216104537
0.11973500000000001;0.9331335720905292
0.11979000000000001;0.9336317162809039
0.11984500000000001;0.9341114377221652
0.1199;0.9345730121674324
0.119955;0.9350167076927014
0.12001;0.9354427848072621
0.120065;0.9358514965641974
0.12012;0.9362430886708467
0.120175;0.9366177995991787
0.12023;0.9369758606960152
0.120285;0.937317496293053
0.12034;0.9376429238166322
0.120395;0.9379523538971674
0.12045;0.93824599047827
0.120505;0.9385240309254373
0.12056;0.9387866661343177
0.120615;0.939034080638507
0.12067;0.9392664527168489
0.120725;0.9394839545001716
0.12078;0.939686752077503
0.120835;0.9398750056016675
0.12089;0.9400488693942735
0.12094500000000001;0.9402084920500939
0.12100000000000001;0.9403540165407662
0.12105500000000001;0.9404855803178512
0.12111000000000001;0.940603315415184
0.12116500000000001;0.9407073485505725
0.12122000000000001;0.9407978012267292
0.12127500000000001;0.940874789831536
0.12133000000000001;0.9409384257375764
0.121385;0.9409888154009072
0.12144;0.9410260604591203
0.121495;0.9410502578286565
0.12155;0.9410614998013506
0.121605;0.9410598741402617
0.12166;0.9410454641747216
0.121715;0.9410183488946331
0.12177;0.9409786030440348
0.121825;0.9409262972138932
0.12188;0.9408614979341386
0.121935;0.9407842677649739
0.12199;0.9406946653873964
0.122045;0.9405927456930205
0.1221;0.9404785598731037
0.122155;0.940352155506874
0.12221;0.940213576649095
0.122265;0.9400628639169156
0.12232;0.9399000545759613
0.122375;0.9397251826257298
0.12243000000000001;0.9395382788842459
0.12248500000000001;0.9393393710720197
0.12254000000000001;0.9391284838952557
0.12259500000000001;0.9389056391283854
0.12265000000000001;0.9386708556958934
0.12270500000000001;0.9384241497534191
0.12276000000000001;0.9381655347681889
0.12281500000000001;0.9378950216074716
0.12287000000000001;0.9376126185922828
0.122925;0.9373183315947885
0.12298;0.9370121641225596
0.123035;0.9366941173835344
0.12309;0.9363641903650987
0.123145;0.9360223799099363
0.1232;0.9356686807910902
0.123255;0.9353030857863187
0.12331;0.9349255857517775
0.123365;0.9345361696950335
0.12342;0.934134824847436
0.123475;0.9337215367358126
0.12353;0.9332962892535103
0.123585;0.9328590647308186
0.12364;0.9324098440046785
0.123695;0.9319486064878058
0.12375;0.931475330237113
0.123805;0.9309899920215085
0.12386;0.9304925673890175
0.12391500000000001;0.9299830307332864
0.12397000000000001;0.9294613553594004
0.12402500000000001;0.9289275135490529
0.12408000000000001;0.928381476625056
0.12413500000000001;0.927823215015215
0.12419000000000001;0.927252698315495
0.12424500000000001;0.9266698953525615
0.12430000000000001;0.9260747742456402
0.12435500000000001;0.9254673024676815
0.12441;0.9248474469058959
0.124465;0.9242151739215605
0.12452;0.9235704494091662
0.124575;0.9229132388548952
0.12463;0.922243507394342
0.124685;0.9215612198696056
0.12474;0.9208663408856342
0.124795;0.9201588348658625
0.12485;0.919438666107159
0.124905;0.9187057988340094
0.12496;0.9179601972520136
0.12501500000000002;0.9172018256006078
0.12507000000000001;0.9164306482050724
0.12512500000000001;0.9156466295277852
0.12518;0.9148497342187036
0.125235;0.9140399271650871
0.12529;0.9132171735404739
0.125345;0.9123814388528377
0.1254;0.9115326889919938
0.125455;0.9106708902761629
0.12551;0.9097960094978396
0.125565;0.9089080139686738
0.12562;0.9080068715637103
0.125675;0.9070925507647379
0.12573;0.906165020702716
0.125785;0.9052242511995239
0.12584;0.9042702128087385
0.125895;0.9033028768555912
0.12595;0.9023222154760713
0.126005;0.9013282016551407
0.12606;0.9003208092640756
0.126115;0.8993000130969068
0.12617;0.8982657889059964
0.126225;0.8972181134366656
0.12628;0.8961569644609559
0.126335;0.8950823208104488
0.12639;0.8939941624081598
0.126445;0.8928924702995186
0.1265;0.8917772266824082
0.126555;0.8906484149362422
0.12661;0.8895060196501154
0.126665;0.8883500266500013
0.12672;0.8871804230249679
0.126775;0.8859971971524553
0.12683;0.8848003387225647
0.126885;0.8835898387613722
0.12694;0.882365689653306
0.126995;0.8811278851624612
0.12705;0.8798764204530257
0.127105;0.8786112921086457
0.12716;0.8773324981508371
0.127215;0.8760400380563799
0.12727;0.8747339127737612
0.127325;0.8734141247385673
0.12738;0.8720806778879268
0.127435;0.8707335776739326
0.12749;0.8693728310760623
0.127545;0.8679984466126299
0.1276;0.8666104343512235
0.127655;0.8652088059181307
0.12771000000000002;0.863793574506818
0.12776500000000002;0.8623647548853807
0.12782000000000002;0.8609223634030265
0.12787500000000002;0.8594664179955764
0.12793000000000002;0.8579969381899556
0.12798500000000002;0.8565139451077612
0.12804000000000001;0.8550174614678241
0.12809500000000001;0.853507511587811
0.12815000000000001;0.8519841213848685
0.128205;0.8504473183753231
0.12826;0.848897131673444
0.128315;0.8473335919892226
0.12837;0.8457567316252942
0.128425;0.8441665844728737
0.12848;0.8425631860068209
0.128535;0.8409465732797822
0.12859;0.8393167849154654
0.128645;0.837673861100999
0.1287;0.8360178435784845
0.128755;0.8343487756356113
0.12881;0.8326667020955231
0.128865;0.8309716693057754
0.12892;0.8292637251266017
0.128975;0.8275429189179251
0.12903;0.8258093015275284
0.129085;0.8240629252740497
0.12914;0.8223038439350757
0.129195;0.8205321127301711
0.12925;0.8187477883051592
0.129305;0.8169509287153641
0.12936;0.8151415934085263
0.129415;0.81331984320737
0.12947;0.8114857402918642
0.129525;0.8096393481816956
0.12958;0.8077807317192331
0.129635;0.805909957053624
0.12969;0.8040270916272513
0.129745;0.8021322041662117
0.1298;0.8002253646786504
0.129855;0.7983066444668315
0.12991;0.796376116165587
0.129965;0.794433853832737
0.13002;0.7924799331477999
0.130075;0.790514431853724
0.13013;0.7885374307957281
0.130185;0.7865490166125504
0.13024;0.7845492897914611
0.130295;0.7825383946015946
0.13035;0.780516677397932
0.130405;0.7784864076415767
0.13046;0.9621837798198924
0.130515;0.7743871682437035
0.13057;0.7723175328993601
0.130625;0.7702398837571748
0.13068000000000002;0.7681519595726739
0.13073500000000002;0.7660535539445844
0.13079000000000002;0.7639446809206788
0.13084500000000002;0.761825403083543
0.13090000000000002;0.7596957983624618
0.13095500000000002;0.7575559508845527
0.13101000000000002;0.7554059478183314
0.13106500000000001;0.753245878094455
0.13112000000000001;0.7510758318163735
0.131175;0.7488958999567968
0.13123;0.7467061741839025
0.131285;0.7445067467512153
0.13134;0.7422977104205264
0.131395;0.7400791584030967
0.13145;0.7378511843111955
0.131505;0.7356138821159457
0.13156;0.7333673461090351
0.131615;0.7311116708669365
0.13167;0.7288469512167685
0.131725;0.7265732822033462
0.13178;0.7242907590571086
0.131835;0.7219994771626277
0.13189;0.7196995320277161
0.131945;0.7173910192529046
0.132;0.7150740345013664
0.132055;0.7127486734691636
0.13211;0.710415031855862
0.132165;0.7080732053354505
0.13222;0.7057232895276107
0.132275;0.7033653799693356
0.13233;0.7009995720868533
0.132385;0.698625961167913
0.13244;0.6962446423344414
0.132495;0.693855710515538
0.13255;0.6914592604208819
0.132605;0.6890553865144853
0.13266;0.686644182988861
0.132715;0.6842257437396345
0.13277;0.681800162340506
0.132825;0.6793675320187073
0.13288;0.6769279456308757
0.132935;0.6744814956393566
0.13299;0.6720282740890452
0.133045;0.669568372584585
0.1331;0.6671018822681611
0.133155;0.6646288937977456
0.13321;0.6621494973257969
0.133265;0.6596637824785505
0.13332;0.6571718383357713
0.133375;0.6546737534110829
0.13343;0.6521696156327735
0.133485;0.6496595123251836
0.13354;0.6471435301906606
0.133595;0.6446217552920255
0.13365;0.642094273035649
0.13370500000000002;0.6395611681550529
0.13376000000000002;0.6370225246951493
0.13381500000000002;0.6344784259970007
0.13387000000000002;0.6319289546832221
0.13392500000000002;0.6293741926439542
0.13398000000000002;0.6268142210233902
0.13403500000000002;0.6242491202070379
0.13409000000000001;0.6216789698094286
0.13414500000000001;0.6191038486625663
0.1342;0.6165238348049101
0.134255;0.6139390054710339
0.13431;0.61134943708188
0.134365;0.6087552052356577
0.13442;0.6061563846993253
0.134475;0.6035530494007885
0.13453;0.6009452724216602
0.134585;0.5983331259906872
0.13464;0.5957166814778223
0.134695;0.5930960093889018
0.13475;0.5904711793610354
0.134805;0.587842260158573
0.13486;0.5852093196697385
0.134915;0.5825724249039235
0.13497;0.5799316419896262
0.135025;0.5772870361730302
0.13508;0.5746386718172263
0.135135;0.5719866124020966
0.13519;0.5693309205248596
0.135245;0.5666716579012434
0.1353;0.5640088853673089
0.135355;0.5613426628819561
0.13541;0.5586730495300326
0.135465;0.5560001035261568
0.13552;0.5533238822190932
0.135575;0.5506444420968866
0.13563;0.5479618387926052
0.135685;0.5452761270906701
0.13574;0.5425873609339429
0.135795;0.5398955934313504
0.13585;0.5372008768662877
0.135905;0.5345032627054894
0.13596;0.53180280160877
0.136015;0.5290995434391532
0.13607;0.5263935372738834
0.136125;0.5236848314159237
0.13618;0.5209734734061809
0.136235;0.5182595100362724
0.13629;0.5155429873620845
0.136345;0.5128239507178026
0.1364;0.5101024447307316
0.136455;0.5073785133366312
0.13651;0.504652199795757
0.136565;0.5019235467095301
0.13662;0.4991925960376105
0.13667500000000002;0.49645938911634024
0.13673000000000002;0.4937239666768128
0.13678500000000002;0.4909863688641165
0.13684000000000002;0.4882466352574009
0.13689500000000002;0.48550480489003106
0.13695000000000002;0.48276091627087425
0.13700500000000002;0.48001500740585423
0.13706000000000002;0.4772671158203003
0.13711500000000001;0.47451727858195336
0.13717000000000001;0.4717655323244143
0.137225;0.46901191327145025
0.13728;0.46625645726171266
0.137335;0.46349919977419424
0.13739;0.4607401759542656
0.137445;0.45797942064034713
0.1375;0.45521696839115167
0.137555;0.4524528535136009
0.13761;0.44968711009130824
0.137665;0.4469197720137089
0.13772;0.444150873005744
0.137775;0.4413804466582278
0.13783;0.43860852645875864
0.137885;0.43583514582326877
0.13794;0.4330603381281703
0.137995;0.4302841367430725
0.13805;0.42750657506415507
0.138105;0.42472768654809845
0.13816;0.4219475047466031
0.138215;0.41916606334159817
0.13827;0.4163833961807761
0.138325;0.4135995373140611
0.13838;0.4108145210304816
0.138435;0.4080283818955502
0.13849;0.405241154789392
0.138545;0.4024528749453253
0.1386;0.3996635779890855
0.138655;0.3968732999785357
0.13871;0.3940820774440295
0.138765;0.3912899474292861
0.13882;0.38849694753280206
0.138875;0.38570311594984136
0.13893;0.382908491514955
0.138985;0.38011311374504425
0.13904;0.37731702288296665
0.139095;0.37452025994158544
0.13915;0.3717228667484722
0.139205;0.3689248859910115
0.13926;0.3661263612620209
0.139315;0.36332733710591436
0.13937;0.3605278590652822
0.139425;0.3577279737280158
0.13948;0.35492772877482665
0.139535;0.35212717302725544
0.13959;0.3493263564961265
0.139645;0.34652533043042205
0.13970000000000002;0.3437241473665578
0.13975500000000002;0.34092286117810094
0.13981000000000002;0.3381215271258185
0.13986500000000002;0.3353202019081795
0.13992000000000002;0.3325189437121391
0.13997500000000002;0.32971781226431535
0.14003000000000002;0.3269168688824727
0.14008500000000002;0.32411617652728764
0.14014000000000001;0.3213157998544881
0.14019500000000001;0.31851580526714673
0.14025;0.31571626096830147
0.140305;0.3129172370137741
0.14036;0.3101188053652006
0.140415;0.3073210399432343
0.14047;0.30452401668087714
0.140525;0.30172781357700784
0.14058;0.2989325107499394
0.140635;0.2961381904910718
0.14069;0.2933449373186162
0.140745;0.2905528380312812
0.1408;0.28776198176196566
0.140855;0.28497246003142296
0.14091;0.2821843668017705
0.140965;0.2793977985299254
0.14102;0.276612854220876
0.141075;0.27382963548074457
0.14113;0.27104824656957693
0.141185;0.2682687944539042
0.14124;0.26549138885895607
0.141295;0.26271614232048035
0.14135;0.25994317023618924
0.141405;0.2571725909166954
0.14146;0.254404525635988
0.141515;0.2516390986813054
0.14157;0.24887643740239557
0.141625;0.24611667226011422
0.14168;0.24335993687432964
0.141735;0.24060636807097763
0.14179;0.23785610592834136
0.141845;0.23510929382239873
0.1419;0.232366078471207
0.141955;0.22962660997829418
0.14201;0.22689104187489545
0.142065;0.22415953116112178
0.14212;0.22143223834583028
0.142175;0.21870932748525027
0.14223;0.21599096622020308
0.142285;0.21327732581191727
0.14234;0.21056858117635002
0.142395;0.2078649109168522
0.14245;0.20516649735526132
0.142505;0.20247352656118142
0.14256;0.19978618837949064
0.142615;0.1971046764559291
0.14267;0.19442918826071262
0.14272500000000002;0.19175992511006565
0.14278000000000002;0.1890970921856537
0.14283500000000002;0.1864408985517146
0.14289000000000002;0.18379155716995912
0.14294500000000002;0.18114928491195623
0.14300000000000002;0.17851430256914597
0.14305500000000002;0.17588683486019832
0.14311000000000001;0.17326711043573628
0.14316500000000001;0.17065536188026342
0.14322000000000001;0.16805182571131144
0.143275;0.165456742375617
0.14333;0.16287035624227933
0.143385;0.16029291559280354
0.14344;0.15772467260795786
0.143495;0.15516588335134582
0.14355;0.152616807749585
0.143605;0.15007770956903035
0.14366;0.14754885638896267
0.143715;0.14503051957114796
0.14377;0.14252297422564475
0.143825;0.14002649917284996
0.14388;0.13754137690165064
0.143935;0.13506789352362075
0.14399;0.1326063387231799
0.144045;0.13015700570365032
0.1441;0.12772019112911126
0.144155;0.12529619506204584
0.14421;0.12288532089662704
0.144265;0.1204878752876399
0.14432;0.11810416807497984
0.144375;0.11573451220362214
0.14443;0.1133792236390883
0.144485;0.1110386212782445
0.14454;0.10871302685555286
0.144595;0.10640276484456516
0.14465;0.10410816235473962
0.144705;0.10182954902350838
0.14476;0.09956725690355316
0.144815;0.0973216203453626
0.14487;0.09509297587490835
0.144925;0.09288166206656816
0.14498;0.0906880194112395
0.145035;0.08851239017964338
0.14509;0.08635511828086542
0.145145;0.08421654911610837
0.1452;0.0820970294277289
0.145255;0.07999690714359246
0.14531;0.07791653121674687
0.145365;0.07585625146050114
0.14542;0.07381641837898884
0.145475;0.07179738299322663
0.14553;0.06979949666282724
0.145585;0.06782311090334406
0.14564;0.06586857719947682
0.14569500000000002;0.06393624681413843
0.14575000000000002;0.0620264705935308
0.14580500000000002;0.060139598768403205
0.14586000000000002;0.058275980751543
0.14591500000000002;0.056435964931738275
0.14597000000000002;0.05461989846429904
0.14602500000000002;0.0528281270583497
0.14608000000000002;0.05106099476105919
0.14613500000000001;0.04931884373900489
0.14619000000000001;0.04760201405691052
0.146245;0.04591084345389659
0.1463;0.044245667117599086
0.146355;0.042606817456298
0.14641;0.04099462386941178
0.146465;0.03940941251658066
0.14652;0.03785150608573606
0.146575;0.036321223560288815
0.14663;0.03481887998615242
0.146685;0.0333447862385996
0.14674;0.03189924878963248
0.146795;0.03048256947623499
0.14685;0.029095045270049233
0.146905;0.027736968049047277
0.14696;0.02640862437181126
0.147015;0.025110295255233974
0.14707;0.023842255956398287
0.147125;0.022604775759672725
0.14718;0.021398117770183356
0.147235;0.020222538715020683
0.14729;0.01907828875386141
0.147345;0.01796561130108832
0.1474;0.01688474286185894
0.147455;0.015835912885418312
0.14751;0.014819343639605766
0.147565;0.01383525011176152
0.14762;0.012883839943011354
0.147675;0.011965313404222844
0.14773;0.011079863426504775
0.147785;0.010227675701277337
0.14784;0.009408928872416674
0.147895;0.008623794850576315
0.14795;0.0078724392921909
0.148005;0.007155022303711662
0.14806;0.0064716994584182565
0.148115;0.00582262325426509
0.14817;0.005207945204642462
0.148225;0.0046278188545561165
0.14828;0.004082404177506252
0.148335;0.0035718740782765797
0.14839;0.003096424187209465
0.148445;0.002656287940779663
0.1485;0.002251760415835959
0.148555;0.0018832371714917434
0.14861;0.0015512798671458747
0.148665;0.0012567319190187013
0.14872000000000002;0.0010009329148676766
0.14877500000000002;0.0007861411218742107
0.14883000000000002;0.0006164309995943739
0.14888500000000002;0.0004997895664996211
0.14894000000000002;0.0004536603439423349
0.14899500000000002;0.0005223326698330442
0.14905000000000002;0.0008471871170491526
0.14910500000000002;0.002102510582100362
0.14916000000000001;0.01293430879985029
0.14921500000000001;0.053608688043267766
0.14927;0.003566443835673342
0.149325;0.0013623702177170327
0.14938;0.0009310126955513116
0.149435;0.000880957713903375
0.14949;0.0009785323677687977
0.149545;0.0011577748240848222
0.1496;0.0013941526259074468
0.149655;0.001676765018868132
0.14971;0.002000100461211772
0.149765;0.0023610704828639743
0.14982;0.0027577846569977606
0.149875;0.003188989378628352
0.14993;0.0036537890168501616
0.149985;0.00415149801351273
0.15004;0.004681558108501857
0.150095;0.005243489890680189
0.15015;0.005836863348181995
0.150205;0.00646127938509865
0.15026;0.007116357902324174
0.150315;0.007801729934699785
0.15037;0.008517032366504146
0.150425;0.00926190432766586
0.15048;0.010035984710704665
0.150535;0.010838910450573483
0.15059;0.0116703153336255
0.150645;0.012529829180020312
0.1507;0.013417077293894922
0.150755;0.014331680108395584
0.15081;0.015273252974501156
0.150865;0.016241406057283095
0.15092;0.017235744313428607
0.150975;0.01825586753088847
0.15103;0.019301370416471404
0.151085;0.020371842720811977
0.15114;0.021466869392673855
0.151195;0.02258603075640225
0.15125;0.023728902707778807
0.151305;0.02489505692448482
0.15136;0.026084061088248046
0.151415;0.027295479116202843
0.15147;0.028528871399575065
0.151525;0.029783795048041302
0.15158;0.031059804138445102
0.151635;0.03235644996673698
0.15169000000000002;0.03367328130217707
0.15174500000000002;0.03500984464292731
0.15180000000000002;0.0363656844723862
0.15185500000000002;0.03774034351555456
0.15191000000000002;0.039133362994903366
0.15196500000000002;0.04054428288522155
0.15202000000000002;0.04197264216701911
0.15207500000000002;0.04341797907795195
0.15213000000000002;0.044879831362065616
0.15218500000000001;0.046357736516442274
0.15224000000000001;0.04785123203479041
0.152295;0.04935985564789218
0.15235;0.05088314556053321
0.152405;0.052420640684660645
0.15246;0.05397188086854883
0.152515;0.0555364071217859
0.15257;0.057113761835826456
0.152625;0.058703488999993926
0.15268;0.06030513441267374
0.152735;0.06191824588766664
0.15279;0.06354237345545155
0.152845;0.06517706955927803
0.1529;0.06682188924598774
0.152955;0.06847639035141723
0.15301;0.07014013368035536
0.153065;0.07181268318090786
0.15312;0.07349360611324193
0.153175;0.07518247321265635
0.15323;0.07687885884689763
0.153285;0.07858234116773087
0.15334;0.08029250225668445
0.153395;0.08200892826499756
0.15345;0.08373120954774632
0.153505;0.08545894079212678
0.15356;0.08719172113992717
0.153615;0.08892915430421959
0.15367;0.09067084868024033
0.153725;0.09241641745055786
0.15378;0.09416547868450482
0.153835;0.09591765543196992
0.15389;0.0976725758115671
0.153945;0.09942987309326425
0.154;0.10118918577551395
0.154055;0.10295015765694743
0.15411;0.10471243790277032
0.154165;0.10647568110584399
0.15422;0.10823954734259629
0.154275;0.11000370222385418
0.15433;0.11176781694064727
0.154385;0.11353156830511144
0.15444;0.1152946387865818
0.154495;0.11705671654296122
0.15455;0.11881749544749727
0.154605;0.12057667511102792
0.15466;0.12233396089983074
0.15471500000000002;0.12408906394918898
0.15477000000000002;0.12584170117270532
0.15482500000000002;0.127591595267543
0.15488000000000002;0.12933847471555218
0.15493500000000002;0.1310820737803446
0.15499000000000002;0.13282213250013786
0.15504500000000002;0.13455839667586722
0.15510000000000002;0.13629061785292015
0.15515500000000002;0.13801855329116666
0.15521000000000001;0.139741965901678
0.15526500000000001;0.14146062402597592
0.15532;0.14317429950131358
0.155375;0.1448828031730293
0.15543;0.14658585710151706
0.155485;0.14828329921382738
0.15554;0.149974916454297
0.155595;0.15166051037883924
0.15565;0.15333988852687402
0.155705;0.15501286396122319
0.15576;0.15667925514796044
0.155815;0.15833888588805148
0.15587;0.15999158526042262
0.155925;0.1616371875675324
0.15598;0.16327553228086494
0.156035;0.16490646398555905
0.15609;0.1665298323238778
0.156145;0.16814549193746478
0.1562;0.16975330240837067
0.156255;0.17135312819897142
0.15631;0.17294483859071588
0.156365;0.17452830762196206
0.15642;0.17610341402482257
0.156475;0.177670041161133
0.15653;0.1792280769576858
0.156585;0.18077741384075224
0.15664;0.1823179486699417
0.156695;0.183849582671532
0.15675;0.18537222137131232
0.156805;0.1868857745269922
0.15686;0.18839015606026513
0.156915;0.18988528398859167
0.15697;0.19137108035671982
0.157025;0.19284747116809753
0.15708;0.19431438631610728
0.157135;0.19577175951528264
0.15719;0.19721952823252326
0.157245;0.19865763361833919
0.1573;0.2000860204381903
0.157355;0.20150463700400012
0.15741;0.20291343510579743
0.157465;0.20431236994366309
0.15752;0.20570140005988657
0.157575;0.20708048727145184
0.15763;0.20844959660287427
0.157685;0.20980869621941378
0.15774000000000002;0.21115775736072176
0.15779500000000002;0.21249675427488193
0.15785000000000002;0.21382566415298937
0.15790500000000002;0.21514446706418838
0.15796000000000002;0.21645314589126918
0.15801500000000002;0.21775168626681843
0.15807000000000002;0.21904007650989954
0.15812500000000002;0.22031830756341786
0.15818000000000002;0.22158637293203112
0.15823500000000001;0.22284426862075637
0.15829000000000001;0.22409199307418481
0.158345;0.22532954711640546
0.1584;0.22655693389162962
0.158455;0.2277741588054575
0.15851;0.2289812294669289
0.158565;0.2301781556312627
0.15862;0.23136494914335373
0.158675;0.23254162388199562
0.15873;0.23370819570487367
0.158785;0.23486468239433
0.15884;0.2360111036038524
0.158895;0.23714748080541923
0.15895;0.23827383723752424
0.159005;0.23939019785407112
0.15906;0.24049658927398931
0.159115;0.24159303973169247
0.15917;0.2426795790282725
0.159225;0.24375623848351838
0.15928;0.244823050888721
0.159335;0.24588005046025987
0.15939;0.246927272793967
0.159445;0.24796475482029792
0.1595;0.24899253476028604
0.159555;0.25001065208225626
0.15961;0.2510191474593302
0.159665;0.2520180627277081
0.15972;0.25300744084571203
0.159775;0.25398732585360656
0.15983;0.25495776283415156
0.159885;0.25591879787393884
0.15994;0.2568704780254699
0.159995;0.257812851269962
0.16005;0.2587459664808947
0.160105;0.25966987338830116
0.16016;0.26058462254375947
0.160215;0.26149026528611213
0.16027;0.2623868537078938
0.160325;0.26327444062244204
0.16038;0.2641530795317223
0.160435;0.26502282459482196
0.16049;0.2658837305971259
0.160545;0.2667358529201492
0.1606;0.2675792475120452
0.160655;0.2684139708587575
0.16071000000000002;0.2692400799557982
0.16076500000000002;0.2700576322806835
0.16082000000000002;0.27086668576597694
0.16087500000000002;0.271667298772954
0.16093000000000002;0.27245953006586787
0.16098500000000002;0.2732434387868166
0.16104000000000002;0.27401908443120343
0.16109500000000002;0.2747865268237627
0.16115000000000002;0.27554582609516065
0.16120500000000001;0.2762970426591758
0.16126000000000001;0.27704023719039117
0.16131500000000001;0.27777547060247393
0.16137;0.27850280402695865
0.161425;0.27922229879256727
0.16148;0.2799340164050333
0.161535;0.28063801852745834
0.16159;0.2813343669611378
0.161645;0.2820231236268908
0.1617;0.28270435054686593
0.161755;0.2833781098268242
0.16181;0.284044463638879
0.161865;0.2847034742046843
0.16192;0.2853552037790878
0.161975;0.2859997146341994
0.16203;0.2866370690439066
0.162085;0.28726732926878606
0.16214;0.28789055754145804
0.162195;0.2885068160523411
0.16225;0.2891161669357509
0.162305;0.289718672256469
0.16236;0.2903143939966253
0.162415;0.29090339404298615
0.16247;0.291485734174605
0.162525;0.2920614760508048
0.16258;0.2926306811995395
0.162635;0.29319341100609303
0.16269;0.2937497267020912
0.162745;0.29429968935486667
0.1628;0.29484335985712257
0.162855;0.2953807989169303
0.16291;0.29591206704802947
0.162965;0.2964372245603988
0.16302;0.29695633155116535
0.163075;0.29746944789576185
0.16313;0.29797663323938994
0.163185;0.2984779469887418
0.16324;0.29897344830399214
0.163295;0.2994631960910551
0.16335;0.2999472489940865
0.163405;0.30042566538825405
0.16346;0.3008985033727179
0.163515;0.30136582076389357
0.16357;0.30182767508889896
0.163625;0.3022841235792593
0.16368;0.3027352231648196
0.16373500000000002;0.3031810304678733
0.16379000000000002;0.3036216017975111
0.16384500000000002;0.30405699314414647
0.16390000000000002;0.3044872601742804
0.16395500000000002;0.30491245822542923
0.16401000000000002;0.30533264230123386
0.16406500000000002;0.30574786706680934
0.16412000000000002;0.3061581868442027
0.16417500000000002;0.3065636556080766
0.16423000000000001;0.3069643269815406
0.16428500000000001;0.307360254232149
0.16434;0.3077514902680785
0.164395;0.3081380876344307
0.16445;0.30852009850973905
0.164505;0.3088975747025748
0.16456;0.3092705676482359
0.164615;0.3096391284058739
0.16467;0.3100033076553045
0.164725;0.3103631556942905
0.16478;0.3107187224358812
0.164835;0.3110700574057889
0.16489;0.3114172097399825
0.164945;0.311760228182354
