1e-20;5.74307189941051e-14
5.500000000000001e-05;6.118443076870751e-14
0.00011000000000000002;6.519060280773172e-14
0.000165;6.94666164406137e-14
0.00022;7.403106774589012e-14
0.000275;7.89038524830628e-14
0.00033;8.410625679819429e-14
0.00038500000000000003;8.966105405950862e-14
0.00044;9.559260819485013e-14
0.000495;1.0192698391765259e-13
0.00055;1.0869206424247489e-13
0.0006050000000000001;1.1591767570328908e-13
0.00066;1.2363572169968294e-13
0.000715;1.3188032440405315e-13
0.0007700000000000001;1.406879756697843e-13
0.000825;1.5009769738227497e-13
0.00088;1.6015121169262267e-13
0.0009350000000000001;1.7089312156587937e-13
0.00099;1.8237110206188784e-13
0.0010450000000000001;1.9463610274239644e-13
0.0011;2.0774256156669828e-13
0.001155;2.2174863059052587e-13
0.0012100000000000001;2.367164137256133e-13
0.001265;2.52712216737008e-13
0.00132;2.6980680955934356e-13
0.0013750000000000001;2.880757008877916e-13
0.00143;3.075994248484592e-13
0.001485;3.284638393650315e-13
0.0015400000000000001;3.5076043560921225e-13
0.001595;3.7458665764550414e-13
0.00165;4.0004623104789363e-13
0.0017050000000000001;4.2724949886171066e-13
0.00176;4.563137628057439e-13
0.001815;4.873636270338766e-13
0.0018700000000000001;5.205313410944264e-13
0.001925;5.559571379143707e-13
0.00198;5.937895616744948e-13
0.002035;6.341857793057214e-13
0.0020900000000000003;6.773118679981135e-13
0.002145;7.23343069526346e-13
0.0022;7.724640003384727e-13
0.002255;8.248688041545806e-13
0.00231;8.807612312488572e-13
0.002365;9.40354625552984e-13
0.0024200000000000003;1.0038717971662322e-12
0.002475;1.0715447536736208e-12
0.00253;1.1436142587826508e-12
0.002585;1.2203291810378525e-12
0.00264;1.3019455886407008e-12
0.002695;1.3887255385006734e-12
0.0027500000000000003;1.4809354984002648e-12
0.002805;1.5788443302982863e-12
0.00286;1.6827207500998006e-12
0.002915;1.7928301643117932e-12
0.00297;1.909430766555439e-12
0.003025;2.0327687564303855e-12
0.0030800000000000003;2.1630725192251773e-12
0.003135;2.3005455768275786e-12
0.00319;2.4453580871511674e-12
0.003245;2.5976366306531057e-12
0.0033;2.7574519770098195e-12
0.003355;2.924804471581404e-12
0.0034100000000000003;3.099606618496563e-12
0.003465;3.281662363387181e-12
0.00352;3.4706424919531657e-12
0.003575;3.6660554583754166e-12
0.00363;3.867212837238403e-12
0.0036850000000000003;4.0731884508626935e-12
0.0037400000000000003;4.282770056734525e-12
0.003795;4.494402282463903e-12
0.00385;4.7061192627378485e-12
0.003905;4.915465157454213e-12
0.00396;5.119400404614918e-12
0.004015;5.314191176098288e-12
0.00407;5.495279047683372e-12
0.004125;5.6571273529835684e-12
0.0041800000000000006;5.793040047548757e-12
0.004235;5.894948144532282e-12
0.00429;5.953157872309169e-12
0.004345;5.956053617557153e-12
0.0044;5.889747416726571e-12
0.004455;5.73766519579041e-12
0.00451;5.480058064601301e-12
0.0045650000000000005;5.093424639851254e-12
0.00462;4.549827382602362e-12
0.004675;3.8160816921000425e-12
0.00473;2.8527885322036352e-12
0.004785;1.613152729036882e-12
0.0048400000000000006;4.091180152688946e-14
0.004895;2.026314661905881e-06
0.00495;4.291068609544356e-06
0.005005;6.764180511602559e-06
0.00506;9.462431097886254e-06
0.005115;1.2403980030976112e-05
0.00517;1.5608493151876272e-05
0.0052250000000000005;1.9097279383661852e-05
0.00528;2.2893440334789247e-05
0.005335;2.7022034502609323e-05
0.00539;3.151025787121062e-05
0.005445;3.638764281234253e-05
0.0055000000000000005;4.168627739409699e-05
0.005555;4.7441047447732404e-05
0.00561;5.368990403226044e-05
0.005665;6.047415927074418e-05
0.00572;6.783881391486003e-05
0.005775000000000001;7.583292043451177e-05
0.00583;8.45099859325797e-05
0.0058850000000000005;9.3928419763805e-05
0.00594;0.00010415203140184854
0.005995;0.0001152505848642528
0.00605;0.0001273004168878581
0.006105;0.00014038512706892467
0.0061600000000000005;0.00015459634936198832
0.006215;0.00017003461570271175
0.00627;0.00018681032411220684
0.006325;0.00020504482549326764
0.00638;0.00022487164549435975
0.006435000000000001;0.00024643786034617593
0.00649;0.00026990564854206914
0.0065450000000000005;0.0002954540437169657
0.0066;0.0003232809181843436
0.006655;0.00035360523143114237
0.00671;0.00038666958360617296
0.006765;0.0004227431208356396
0.0068200000000000005;0.0004621248472941757
0.006875;0.0005051474086147269
0.00693;0.0005521814227718538
0.006985;0.0006036404484386671
0.00704;0.0006599866975118484
0.007095000000000001;0.0007217376186525627
0.00715;0.0007894735031246981
0.0072050000000000005;0.000863846293906629
0.00726;0.0009455898153016871
0.007315;0.0010355316846609225
0.007370000000000001;0.0011346072224131271
0.007425;0.0012438757439713454
0.0074800000000000005;0.0013645397006124703
0.007535;0.0014979672404061063
0.00759;0.0016457188903176597
0.007645;0.0018095792240144424
0.0077;0.0019915945862524044
0.007755000000000001;0.002194118206591005
0.00781;0.0024198643693703233
0.007865;0.0026719737356677583
0.00792;0.0029540924664255806
0.007975;0.0032704685146832026
0.00803;0.003626069394266986
0.008085;0.004026726968432357
0.00814;0.0044793164401032955
0.008195000000000001;0.0049919789123437815
0.00825;0.005574399830454189
0.008305;0.006238159609203477
0.008360000000000001;0.006997178211612236
0.008415;0.00786828298929736
0.00847;0.008871939611555546
0.008525;0.010033200721660635
0.00858;0.011382948040147577
0.008635;0.01295953397650097
0.00869;0.014810972995110111
0.008745000000000001;0.016997898115814127
0.0088;0.019597595180662165
0.008855;0.02270957464766343
0.00891;0.02646336627835232
0.008965;0.031029572718727003
0.00902;0.036635770067860875
0.009075;0.04358972313176985
0.009130000000000001;0.05231379721529168
0.009185;0.06339673017277218
0.00924;0.07767258391586535
0.009295000000000001;0.09634237507285603
0.00935;0.1211619710695004
0.009405;0.15472847068522347
0.00946;0.2008947982020367
0.009515000000000001;0.26528102473610754
0.00957;0.3555681362846109
0.009625;0.48030331937214626
0.009680000000000001;0.6426300595806148
0.009735;0.823710298917098
0.00979;0.964612397360781
0.009845;0.9935490506325201
0.0099;0.9031908682206933
0.009955;0.7554163555264894
0.01001;0.608850378959782
0.010065000000000001;0.4876950383508929
0.01012;0.39430106098618056
0.010175;0.3237614905774326
0.01023;0.27039730678557206
0.010285;0.22958026363069525
0.01034;0.19790490173591643
0.010395;0.17294641124070942
0.010450000000000001;0.15298808902595
0.010505;0.13680708393560587
0.01056;0.12352235524714647
0.010615000000000001;0.11249048769315816
0.01067;0.10323492102159662
0.010725;0.09539772677905438
0.01078;0.08870645836543858
0.010835000000000001;0.08295109973410333
0.01089;0.07796783296216997
0.010945;0.07362745916567373
0.011000000000000001;0.06982703290042559
0.011055;0.06648374323636268
0.01111;0.06353038501750699
0.011165;0.06091196926343437
0.01122;0.05858315912485318
0.011275;0.05650631081108538
0.01133;0.054649962558950535
0.011385000000000001;0.05298765876986496
0.01144;0.05149702727665056
0.011495;0.05015904951394627
0.011550000000000001;0.04895747895660159
0.011605;0.047878374444137665
0.01166;0.04690972321019151
0.011715;0.046041134465851195
0.011770000000000001;0.045263588858527014
0.011825;0.04456923247235618
0.01188;0.04395120655710938
0.011935000000000001;0.04340350608664264
0.01199;0.042920861711958525
0.012045;0.042498640801181875
0.0121;0.04213276413247426
0.012155000000000001;0.04181963548718524
0.01221;0.04155608192523728
0.012265;0.04133930294635206
0.012320000000000001;0.041166827075389406
0.012375;0.0410364746769112
0.01243;0.0409463260178486
0.012485000000000001;0.040894693769466875
0.01254;0.04088009927911001
0.012595;0.04090125205547517
0.01265;0.04095703200358444
0.012705000000000001;0.04104647402139988
0.01276;0.04116875463233615
0.012815;0.041323180379466466
0.012870000000000001;0.04150917774987907
0.012925;0.041726284433240855
0.01298;0.04197414174826093
0.013035;0.04225248809569451
0.013090000000000001;0.0425611533174129
0.013145;0.042900053858806415
0.0132;0.043269188646691596
0.013255000000000001;0.04366863560768031
0.01331;0.044098548762782776
0.013365;0.044559155843351524
0.01342;0.04505075638141927
0.013475;0.04557372023437968
0.01353;0.046128486509958586
0.013585;0.046715562862527746
0.013640000000000001;0.04733552513643469
0.013695;0.04798901733587377
0.01375;0.04867675190443313
0.013805000000000001;0.049399510300455335
0.01386;0.050158143857150866
0.013915;0.05095357491882394
0.01397;0.05178679824685052
0.014025000000000001;0.052658882690977724
0.01408;0.05357097312338532
0.014135;0.05452429263458903
0.014190000000000001;0.055520144991837946
0.014245;0.056559917362035535
0.0143;0.05764508330256729
0.014355;0.05877720602460691
0.014410000000000001;0.05995794193466997
0.014465;0.06118904446123531
0.01452;0.06247236817425711
0.014575000000000001;0.0638098732063056
0.01463;0.06520362998505011
0.014685;0.06665582428742128
0.014740000000000001;0.06816876262671714
0.014795;0.06974487798435958
0.01485;0.07138673589868616
0.014905;0.07309704092359974
0.014960000000000001;0.07487864347005721
0.015015;0.07673454704370013
0.01507;0.07866791589181861
0.015125000000000001;0.08068208307265422
0.01518;0.08278055895945248
0.015235;0.0849670401911333
0.01529;0.08724541908001719
0.015345000000000001;0.08961979348578399
0.0154;0.09209447716275178
0.015455;0.09467401058489272
0.015510000000000001;0.09736317224987939
0.015565;0.10016699045952358
0.01562;0.10309075556883383
0.015675;0.10614003269030116
0.01573;0.10932067483250736
0.015785;0.11263883644397174
0.01584;0.11610098732268677
0.015895;0.11971392683990906
0.01595;0.12348479841249335
0.016005000000000002;0.127421104141631
0.01606;0.13153071951605178
0.016115;0.13582190805563835
0.01617;0.14030333574459755
0.016225;0.1449840850735102
0.01628;0.1498736684744137
0.016335000000000002;0.15498204089304146
0.016390000000000002;0.16031961119653623
0.016445;0.16589725206288966
0.0165;0.17172630793921662
0.016555;0.17781860058915366
0.01661;0.18418643167456472
0.016665;0.19084258173349
0.016720000000000002;0.19780030482241395
0.016775;0.20507331798909598
0.01683;0.21267578462902142
0.016885;0.22062229065745348
0.01694;0.2289278122976057
0.016995;0.2376076741470227
0.01705;0.2466774960394569
0.017105000000000002;0.256153127071885
0.01716;0.2660505650182053
0.017215;0.2763858592097661
0.01727;0.28717499483278397
0.017325;0.29843375648443815
0.01738;0.3101775687525956
0.017435;0.32242131155224635
0.017490000000000002;0.3351791079815626
0.017545;0.34846408257098826
0.0176;0.36228808801013695
0.017655;0.3766613987783914
0.01771;0.3915923705969947
0.017765;0.40708706529978755
0.01782;0.42314884160671734
0.017875000000000002;0.43977791341448935
0.01793;0.4569708786080393
0.017985;0.4747202230660449
0.01804;0.49301380648288157
0.018095;0.5118343388451234
0.01815;0.5311588588499746
0.018205;0.5509582281658775
0.018260000000000002;0.5711966581208534
0.018315;0.5918312880194739
0.01837;0.6128118366651225
0.018425;0.6340803505817876
0.01848;0.6555710736480967
0.018535;0.6772104631025628
0.018590000000000002;0.6989173758926895
0.018645000000000002;0.7206034468696646
0.0187;0.742173676192485
0.018755;0.7635272373937825
0.01881;0.7845585099068503
0.018865;0.805158330634057
0.01892;0.8252154487124518
0.018975000000000002;0.8446181565327731
0.019030000000000002;0.8632560589886863
0.019085;0.8810219326845796
0.01914;0.8978136182719078
0.019195;0.9135358830412135
0.01925;0.9281021881009883
0.019305;0.9414362951502186
0.019360000000000002;0.953473653033638
0.019415;0.9641625121596628
0.01947;0.9734647269363925
0.019525;0.9813562203644254
0.01958;0.9878271004648321
0.019635;0.9928814340291788
0.01969;0.9965366981307519
0.019745000000000002;0.9988229429213384
0.0198;0.9997817096636147
0.019855;0.9994647551994874
0.01991;0.9979326379238299
0.019965;0.9952532209081021
0.02002;0.9915001454385761
0.020075;0.986751323423902
0.020130000000000002;0.9810874905211695
0.020185;0.9745908540997456
0.02024;0.967343861946038
0.020295;0.9594281094754318
0.02035;0.9509233956062967
0.020405;0.9419069306967177
0.02046;0.9324526942455369
0.020515000000000002;0.9226309355106591
0.02057;0.9125078067956115
0.020625;0.9021451168301945
0.02068;0.8916001903012195
0.020735;0.880925819032372
0.02079;0.8701702904056773
0.020845000000000002;0.8593774792122109
0.020900000000000002;0.8485869900702061
0.020955;0.8378343387320293
0.02101;0.8271511619134401
0.021065;0.816565446633438
0.02112;0.8061017713902248
0.021175;0.7957815527689512
0.021230000000000002;0.7856232922520201
0.021285000000000002;0.7756428190628833
0.02134;0.7658535258102992
0.021395;0.7562665945126222
0.02145;0.7468912112736892
0.021505;0.7377347684604495
0.02156;0.7288030537103147
0.021615000000000002;0.7201004254795114
0.021670000000000002;0.711629975150336
0.021725;0.7033936759492373
0.02178;0.695392519106151
0.021835;0.6876266378125138
0.02189;0.68009541962356
0.021945;0.6727976080057366
0.022000000000000002;0.6657313937585128
0.022055;0.6588944970482519
0.02211;0.6522842407847986
0.022165;0.6458976160514732
0.02222;0.6397313402721629
0.022275;0.6337819087647095
0.02233;0.6280456402926012
0.022385000000000002;0.6225187171873036
0.02244;0.6171972205729603
0.022495;0.6120771611844567
0.02255;0.6071545062310332
0.022605;0.6024252027187461
0.02266;0.5978851976096218
0.022715;0.5935304551602176
0.022770000000000002;0.5893569717511031
0.022825;0.5853607884882045
0.02288;0.5815380018300594
0.022935;0.57788477246896
0.02299;0.5743973326712231
0.023045;0.5710719922602848
0.023100000000000002;0.5679051434071035
0.023155000000000002;0.5648932643746716
0.02321;0.562032922347763
0.023265;0.5593207754643497
0.02332;0.5567535741525924
0.023375;0.554328161865355
0.02343;0.5520414752937876
0.023485000000000002;0.5498905441323724
0.023540000000000002;0.5478724904591613
0.023595;0.5459845277875396
0.02365;0.5442239598391931
0.023705;0.54258817908194
0.02376;0.5410746650707526
0.023815;0.5396809826255046
0.023870000000000002;0.5384047798749281
0.023925000000000002;0.5372437861923056
0.02398;0.5361958100452913
0.024035;0.5352587367792548
0.02409;0.5344305263507517
0.024145;0.5337092110257716
0.0242;0.5330928930551341
0.024255000000000002;0.5325797423375449
0.024310000000000002;0.5321679940795541
0.024365;0.5318559464598991
0.02442;0.531641958304778
0.024475;0.5315244467793602
0.02453;0.5315018850999467
0.024585;0.5315728002704408
0.024640000000000002;0.5317357708459479
0.024695;0.5319894247258014
0.02475;0.5323324369777833
0.024805;0.532763527694707
0.02486;0.5332814598843622
0.024915;0.5338850373932668
0.024970000000000003;0.5345731028644546
0.025025000000000002;0.5353445357294264
0.02508;0.5361982502338789
0.025135;0.537133193497061
0.02519;0.5381483436040465
0.025245;0.5392427077305574
0.0253;0.5404153202994076
0.025355000000000003;0.5416652411680702
0.025410000000000002;0.5429915538464382
0.025465;0.5443933637440558
0.02552;0.5458697964460194
0.025575;0.5474199960167733
0.02563;0.5490431233310217
0.025685;0.5507383544310531
0.025740000000000002;0.5525048789098175
0.025795000000000002;0.5543418983190924
0.02585;0.5562486246021934
0.025905;0.5582242785507773
0.02596;0.5602680882852521
0.026015;0.5623792877585057
0.02607;0.5645571152827074
0.026125000000000002;0.5668008120789709
0.026180000000000002;0.5691096208499048
0.026235;0.5714827843749902
0.02629;0.5739195441289823
0.026345;0.5764191389235628
0.0264;0.5789808035725678
0.026455;0.5816037675812701
0.026510000000000002;0.5842872538602772
0.026565000000000002;0.5870304774646715
0.02662;0.5898326443592609
0.026675;0.5926929502107454
0.02673;0.5956105792078618
0.026785;0.5985847029105914
0.02684;0.6016144791296996
0.026895000000000002;0.6046990508378528
0.02695;0.6078375451138618
0.027005;0.6110290721214959
0.02706;0.6142727241246123
0.027115;0.6175675745402417
0.02717;0.6209126770315544
0.027225000000000003;0.6243070646426374
0.027280000000000002;0.6277497489770676
0.027335;0.6312397194225007
0.02739;0.6347759424233056
0.027445;0.6383573608038247
0.0275;0.641982893144301
0.027555;0.6456514332123247
0.027610000000000003;0.6493618494519731
0.027665000000000002;0.6531129845336322
0.02772;0.6569036549670797
0.027775;0.6607326507808466
0.02783;0.6645987352707452
0.027885;0.6685006448209834
0.02794;0.6724370888012142
0.027995000000000003;0.6764067495433499
0.028050000000000002;0.6804082824021827
0.028105;0.6844403159047701
0.02816;0.6885014519936827
0.028215;0.6925902663708837
0.02827;0.6967053089495989
0.028325;0.7008451044240901
0.028380000000000002;0.7050081529693903
0.028435000000000002;0.7091929310867626
0.02849;0.7133978926156931
0.028545;0.7176214699408059
0.0286;0.7218620754319683
0.028655;0.7261181031717086
0.02871;0.7303879310459761
0.028765000000000002;0.7346699233085783
0.028820000000000002;0.7389624337802077
0.028875;0.7432638099227061
0.02893;0.7475723981538471
0.028985;0.7518865509697864
0.02904;0.756204636774217
0.029095;0.760525053877019
0.029150000000000002;0.7648462511070515
0.029205000000000002;0.7691667592563967
0.02926;0.7734852408908774
0.029315;0.7778005725472451
0.02937;0.7821119866556667
0.029425;0.7864193295041155
0.029480000000000003;0.7907235590764395
0.029535000000000002;0.7950277774316475
0.02959;0.7993395709061708
0.029645;0.8036769576507301
0.0297;0.8080860199151286
0.029755;0.8127061598845768
0.02981;0.81811520813151
0.029865000000000003;0.8291038065942744
0.029920000000000002;1.7538879535953573
0.029975;0.8371482313545252
0.03003;0.8347167387716122
0.030085;0.8375035763172844
0.03014;0.8410644976363617
0.030195;0.8448295815725871
0.030250000000000003;0.848654563788879
0.030305000000000002;0.852488415788418
0.03036;0.8563087562020708
0.030415;0.8601040580389229
0.03047;0.8638675532913871
0.030525;0.8675948032722933
0.03058;0.8712826152130612
0.030635000000000003;0.8749285155038269
0.030690000000000002;0.8785304753642631
0.030745;0.8820867598048799
0.0308;0.8855958405876981
0.030855;0.889056344140753
0.03091;0.8924670193988649
0.030965;0.8958267174240946
0.031020000000000002;0.8991343782074512
0.031075000000000002;0.9023890219622508
0.03113;0.9055897432868304
0.031185;0.9087357071897139
0.03124;0.9118261463374115
0.031295;0.9148603591086734
0.03135;0.9178377081791955
0.031405;0.920757619450559
0.03146;0.9236195811959691
0.031515;0.9264231433339843
0.03157;0.9291679167683901
0.031625;0.9318535727500699
0.03168;0.9344798422300962
0.031735;0.9370465151818343
0.03179;0.9395534398768183
0.031845;0.9420005221037016
0.0319;0.9443877243233749
0.031955000000000004;0.9467150647559847
0.032010000000000004;0.948982616397554
0.032065;0.9511905059656036
0.03212;0.9533389127744529
0.032175;0.9554280675416715
0.03223;0.9574582511281394
0.032285;0.9594297932146411
0.03234;0.9613430709184287
0.032395;0.9631985073536429
0.03245;0.9649965701396982
0.032505;0.9667377698619323
0.03256;0.968422658489204
0.032615;0.9700518277528697
0.032670000000000005;0.9716259074920618
0.032725000000000004;0.9731455639698665
0.032780000000000004;0.974611498165199
0.032835;0.9760244440451281
0.03289;0.9773851668222437
0.032945;0.9786944612016653
0.033;0.9799531496221605
0.033055;0.9811620804957433
0.03311;0.9823221264499031
0.033165;0.9834341825765575
0.03322;0.9844991646916228
0.033275;0.9855180076088629
0.03333;0.9864916634315919
0.033385;0.9874210998655321
0.033440000000000004;0.9883072985559681
0.033495000000000004;0.9891512534520862
0.03355;0.9899539692013157
0.033605;0.9907164595760705
0.03366;0.9914397459352718
0.033715;0.992124855722739
0.03377;0.9927728210043131
0.033825;0.9933846770454718
0.03388;0.9939614609308243
0.033935;0.9945042102269093
0.03399;0.9950139616893112
0.034045;0.995491750015084
0.0341;0.9959386066411917
0.034155;0.9963555585895787
0.034210000000000004;0.996743627359302
0.034265000000000004;0.9971038278659278
0.03432;0.997437167428413
0.034375;0.9977446448033492
0.03443;0.9980272492664812
0.034485;0.9982859597412358
0.03454;0.9985217439738272
0.034595;0.9987355577544814
0.03465;0.9989283441841917
0.034705;0.9991010329863118
0.03476;0.999254539862236
0.034815;0.9993897658902825
0.03487;0.9995075969670799
0.034925000000000005;0.9996089032901418
0.034980000000000004;0.9996945388809462
0.035035000000000004;0.9997653411473377
0.03509;0.9998221304841263
0.035145;0.9998657099108252
0.0352;0.9998968647453222
0.035255;0.999916362312349
0.03531;0.9999249516855461
0.035365;0.9999233634619362
0.03542;0.9999123095675715
0.035475;0.9998924830932082
0.03553;0.9998645581587506
0.035585;0.9998291898052956
0.03564;0.9997870139135971
0.035695000000000005;0.9997386471477848
0.035750000000000004;0.9996846869231433
0.035805000000000003;0.9996257113968783
0.03586;0.9995622794806956
0.035915;0.9994949308741257
0.03597;0.9994241861175656
0.036025;0.9993505466639019
0.03608;0.9992744949678039
0.036135;0.9991964945916583
0.03619;0.9991169903271622
0.036245;0.9990364083317171
0.0363;0.9989551562786945
0.036355;0.9988736235207011
0.03641;0.9987921812650572
0.036465000000000004;0.9987111827606506
0.036520000000000004;0.9986309634954541
0.036575;0.9985518414039055
0.03663;0.9984741170835308
0.036685;0.9983980740200781
0.03674;0.9983239788205776
0.036795;0.9982520814536756
0.03685;0.9981826154967173
0.036905;0.9981157983889881
0.03696;0.9980518316906035
0.037015;0.9979909013466491
0.03707;0.9979331779559247
0.037125;0.9978788170440372
0.037180000000000005;0.9978279593403628
0.037235000000000004;0.9977807310584632
0.037290000000000004;0.9977372441796438
0.037345;0.9976975967393206
0.0374;0.9976618731158222
0.037455;0.9976301443214058
0.03751;0.9976024682951476
0.037565;0.9975788901975182
0.03762;0.9975594427063363
0.037675;0.9975441463139442
0.03773;0.997533009625352
0.037785;0.9975260296572052
0.03784;0.9975231921373621
0.037895;0.9975244718049558
0.037950000000000005;0.9975298327107692
0.038005000000000004;0.997539228517811
0.038060000000000004;0.9975526028019309
0.038115;0.9975698893524146
0.03817;0.9975910124724058
0.038225;0.9976158872790849
0.03828;0.9976444200035007
0.038335;0.9976765082900096
0.03839;0.9977120414951942
0.038445;0.9977509009862313
0.0385;0.9977929604386746
0.038555;0.9978380861335
0.03861;0.9978861372534386
0.038665;0.9979369661785836
0.038720000000000004;0.9979904187810721
0.038775000000000004;0.9980463347189835
0.03883;0.9981045477292644
0.038885;0.9981648859197365
0.03894;0.9982271720600953
0.038995;0.9982912238718845
0.03905;0.9983568543174193
0.039105;0.9984238718875907
0.03916;0.9984920808885412
0.039215;0.9985612817271972
0.03927;0.9986312711955585
0.039325;0.9987018427537885
0.03938;0.9987727868120104
0.039435000000000005;0.9988438910108106
0.039490000000000004;0.9989149405003979
0.039545000000000004;0.9989857182183935
0.0396;0.9990560051662288
0.039655;0.9991255806840691
0.03971;0.9991942227243118
0.039765;0.9992617081235408
0.03982;0.9993278128729952
0.039875;0.9993923123874378
0.03993;0.9994549817724624
0.039985;0.9995155960901915
0.04004;0.9995739306233495
0.040095;0.999629761137695
0.04015;0.9996828641428125
0.040205000000000005;0.999733017151245
0.040260000000000004;0.9997799989359998
0.040315000000000004;0.9998235897863958
0.04037;0.9998635717623334
0.040425;0.9998997289469838
0.04048;0.9999318476979426
0.040535;0.9999597168969399
0.04059;0.9999831281981767
0.040645;1.000001876275368
0.0407;1.0000157590676453
0.040755;1.0000245780244696
0.04081;1.0000281383496958
0.040865;1.0000262492450351
0.04092;1.0000187241531724
0.040975000000000004;1.0000053810007767
0.041030000000000004;0.9999860424418161
0.041085;0.9999605361014923
0.04114;0.9999286948213195
0.041195;0.999890356905814
0.04125;0.9998453663714015
0.041305;0.9997935731982563
0.04136;0.9997348335857986
0.041415;0.9996690102127737
0.04147;0.9995959725028831
0.041525;0.9995155968971234
0.04158;0.9994277671340628
0.041635;0.999332374539496
0.041690000000000005;0.999229318327018
0.041745000000000004;0.9991185059112091
0.041800000000000004;0.9989998532352276
0.041855;0.9988732851146308
0.04191;0.9987387355991518
0.041965;0.99859614835383
0.04202;0.998445477059911
0.042075;0.9982866858342105
0.04213;0.9981197496617408
0.042185;0.9979446548284778
0.04224;0.997761399324222
0.042295;0.9975699931465716
0.04235;0.9973704583390254
0.042405;0.9971628283147609
0.042460000000000005;0.9969471450223806
0.042515000000000004;0.9967234475829607
0.042570000000000004;0.9964916922513133
0.042625;0.9907646499544134
0.04268;0.9912965702768296
0.042735;0.9916596999194315
0.04279;0.9919506865774258
0.042845;0.9922007007962994
0.0429;0.9924244577447167
0.042955;0.9926303016166222
0.04301;0.9928235422940036
0.043065;0.9930078545959311
0.04312;0.9931859601808511
0.043175;0.9933599977500451
0.043230000000000005;0.993531742040907
0.043285000000000004;0.9937027435309966
0.043340000000000004;0.9938744243584714
0.043395;0.9940481494853458
0.04345;0.9942252841285826
0.043505;0.9944072444198606
0.04356;0.9945955461755022
0.043615;0.994791855670596
0.04367;0.9949980460080042
0.043725;0.9952162628631909
0.04378;0.9954490040365607
0.043835;0.9956992183942065
0.04389;0.9959704315706417
0.043945000000000005;0.9962669084920762
0.044000000000000004;0.9965938667675879
0.044055000000000004;0.9969577609511816
0.04411;0.9973666666699921
0.044165;0.9978308073988583
0.04422;0.9983632881700427
0.044275;0.9989811347458596
0.04433;0.9997067925107397
0.044385;1.0005703323110136
0.04444;1.0016127698763675
0.044495;1.0028911872299973
0.04455;1.0044868598706418
0.044605;1.0065185731309427
0.04466;1.0091652562348938
0.044715000000000005;1.0127061222550644
0.044770000000000004;1.017595475907439
0.044825000000000004;1.0246105528656313
0.04488;1.0351648877503035
0.044935;1.0520309661432456
0.04499;1.0811838844101138
0.045045;1.1370783431784144
0.0451;1.259220488894201
0.045155;1.5527530234031874
0.04521;1.9784168332952512
0.045265;1.7036626653937497
0.04532;1.336450648158418
0.045375;1.1761776038957932
0.04543;1.1045430272186094
0.045485000000000005;1.0680088490707869
0.045540000000000004;1.0471969198904554
0.045595000000000004;1.034306475175561
0.04565;1.0257989944829133
0.045705;1.0199011699683533
0.04576;1.0156502073365585
0.045815;1.0124884607067905
0.04587;1.0100754094126403
0.045925;1.0081937932735154
0.04598;1.006699783946258
0.046035;1.0054951249944042
0.04609;1.0045108503553153
0.046145;1.0036973995155047
0.046200000000000005;1.0030184138726346
0.046255000000000004;1.0024467284362506
0.046310000000000004;1.0019617145050685
0.046365;1.001547477183344
0.04642;1.0011916074126854
0.046475;1.0008843018227973
0.04653;1.000617731527338
0.046585;1.0003855825168564
0.04664;1.000182716319276
0.046695;1.0000049162466436
0.04675;0.9998486954059495
0.046805;0.9997111498610767
0.04686;0.9995898451970993
0.046915;0.9994827280699485
0.046970000000000005;0.9993880566384696
0.047025000000000004;0.999304345403918
0.047080000000000004;0.9992303211413207
0.047135;0.9991648874419444
0.04719;0.9991070959936966
0.047245;0.9990561231729697
0.0473;0.9990112508525496
0.047355;0.998971850578283
0.04741;0.9989373704542028
0.047465;0.9989073242180115
0.04752;0.9988812820979498
0.047575;0.9988588631259753
0.04763;0.9988397286476133
0.047685000000000005;0.9988235768197586
0.047740000000000005;0.9988101379279093
0.047795000000000004;0.9987991703859476
0.047850000000000004;0.9987904573068866
0.047905;0.9987838035530671
0.04796;0.9987790331905663
0.048015;0.9987759872855454
0.04807;0.9987745219909631
0.048125;0.9987745068805716
0.04818;0.9987758234943171
0.048235;0.9987783640648694
0.04829;0.9987820303999796
0.048345;0.9987867328991344
0.0484;0.9987923896863657
0.048455000000000005;0.9987989258437089
0.048510000000000005;0.9988062727322127
0.048565000000000004;0.9988143673891561
0.048620000000000003;0.9988231519918768
0.048675;0.9988325733798896
0.04873;0.9988425826281301
0.048785;0.9988531346651914
0.04884;0.9988641879311712
0.048895;0.9988757040704742
0.04895;0.998887647655597
0.049005;0.9988999859383048
0.04906;0.9989126886251778
0.049115;0.9989257276747955
0.04917;0.9989390771142426
0.049225000000000005;0.9989527128728393
0.049280000000000004;0.9989666126312391
0.049335000000000004;0.998980755684404
0.04939;0.9989951228167357
0.049445;0.9990096961887309
0.0495;0.9990244592331206
0.049555;0.9990393965603738
0.04961;0.9990544938722028
0.049665;0.9990697378823841
0.04972;0.9990851162442652
0.049775;0.9991006174842395
0.04983;0.9991162309407111
0.049885;0.999131946707962
0.049940000000000005;0.999147755584559
0.049995000000000005;0.9991636490258486
0.050050000000000004;0.9991796191001429
0.050105000000000004;0.9991956584483889
0.05016;0.9992117602468641
0.050215;0.9992279181727608
0.05027;0.999244126372368
0.050325;0.9992603794316395
0.05038;0.9992766723489123
0.050435;0.9992930005097042
0.05049;0.9993093596632789
0.050545;0.999325745900973
0.0506;0.9993421556360377
0.050655;0.9993585855849589
0.050710000000000005;0.999375032750081
0.050765000000000005;0.9993914944034806
0.050820000000000004;0.9994079680719568
0.050875000000000004;0.9994244515230857
0.05093;0.9994409427522486
0.050985;0.9994574399705439
0.05104;0.9994739415935702
0.051095;0.9994904462309471
0.05115;0.9995069526766
0.051205;0.9995234598996826
0.05126;0.9995399670361408
0.051315;0.9995564733809178
0.05137;0.9995729783805383
0.051425;0.9995894816263842
0.051480000000000005;0.9996059828484212
0.051535000000000004;0.999622481909228
0.051590000000000004;0.9996389787985984
0.051645;0.9996554736284896
0.0517;0.9996719666282867
0.051755;0.9996884581405027
0.05181;0.9997049486167121
0.051865;0.9997214386138855
0.05192;0.9997379287909192
0.051975;0.9997544199055303
0.05203;0.9997709128113266
0.052085;0.9997874084551862
0.05214;0.9998039078748433
0.052195000000000005;0.9998204121966838
0.052250000000000005;0.9998369226337813
0.052305000000000004;0.9998534404840983
0.052360000000000004;0.9998699671289142
0.052415;0.9998865040314118
0.05247;0.9999030527354378
0.052525;0.9999196148644508
0.05258;0.9999361921206177
0.052635;0.9999527862840638
0.05269;0.9999693992122681
0.052745;0.9999860328396247
0.0528;1.0000026891771283
0.052855;1.000019370312187
0.05291;1.0000360784085884
0.052965000000000005;1.0000528157065853
0.053020000000000005;1.000069584523099
0.053075000000000004;1.0000863872520636
0.053130000000000004;1.00010322636488
0.053185;1.0001201044109849
0.05324;1.0001370240185514
0.053295;1.0001539878952854
0.05335;1.0001709988293594
0.053405;1.0001880596904462
0.05346;1.000205173430875
0.053515;1.0002223430868733
0.05357;1.0002395717799721
0.053625;1.0002568627184656
0.05368;1.000274219199044
0.053735000000000005;1.0002916446084604
0.053790000000000004;1.0003091424254393
0.053845000000000004;1.000326716222526
0.0539;1.0003443696682168
0.053955;1.0003621065291302
0.05401;1.0003799306722674
0.054065;1.0003978460674838
0.05412;1.0004158567899948
0.054175;1.0004339670230753
0.05423;1.00045218106084
0.054285;1.000470503311186
0.05434;1.000488938298849
0.054395;1.0005074906686149
0.054450000000000005;1.000526165188656
0.054505000000000005;1.0005449667540216
0.054560000000000004;1.0005639003902804
0.054615000000000004;1.0005829712573047
0.05467;1.0006021846532187
0.054725;1.0006215460185097
0.05478;1.0006410609403051
0.054835;1.000660735156817
0.05489;1.0006805745619765
0.054945;1.000700585210236
0.055;1.000720773321581
0.055055;1.000741145286712
0.05511;1.0007617076724697
0.055165;1.0007824672274228
0.055220000000000005;1.0008034308877158
0.055275000000000005;1.0008246057831132
0.055330000000000004;1.0008459992433119
0.055385000000000004;1.000867618804458
0.05544;1.0008894722159452
0.055495;1.0009115674474696
0.05555;1.0009339126963523
0.055605;1.000956516395149
0.05566;1.0009793872195571
0.055715;1.0010025340966286
0.05577;1.0010259662132985
0.055825;1.001049693025249
0.05588;1.0010737242661227
0.055935;1.0010980699570884
0.055990000000000005;1.0011227404167897
0.056045000000000005;1.0011477462716738
0.056100000000000004;1.0011730984667406
0.056155000000000004;1.0011988082767076
0.05621;1.0012248873176177
0.056265;1.0012513475589047
0.05632;1.0012782013359482
0.056375;1.0013054613631196
0.05643;1.0013331407473465
0.056485;1.001361253002258
0.05654;1.0013898120628177
0.056595;1.001418832300651
0.05665;1.0014483285399058
0.056705000000000005;1.0014783160737966
0.056760000000000005;1.0015088106818102
0.056815000000000004;1.0015398286476067
0.056870000000000004;1.0015713867776683
0.056925;1.001603502420661
0.05698;1.0016361934876403
0.057035;1.0016694784730424
0.05709;1.001703376476539
0.057145;1.0017379072257746
0.0572;1.001773091100034
0.057255;1.00180894915485
0.05731;1.0018455031476072
0.057365;1.0018827755641533
0.05742;1.001920789646457
0.057475000000000005;1.0019595694213523
0.057530000000000005;1.0019991397303702
0.057585000000000004;1.002039526260686
0.057640000000000004;1.0020807555771976
0.057695;1.002122855155742
0.05775;1.0021658534174063
0.057805;1.0022097797639637
0.05786;1.0022546646143276
0.057915;1.0023005394419793
0.05797;1.0023474368132685
0.058025;1.0023953904263678
0.05808;1.0024444351507236
0.058135;1.0024946070666378
0.05819;1.0025459435046162
0.058245000000000005;1.0025984830838395
0.058300000000000005;1.0026522657490817
0.058355000000000004;1.002707332805018
0.058410000000000004;1.002763726946533
0.058465;1.0028214922832508
0.05852;1.0028806743557939
0.058575;1.0029413201403916
0.05863;1.0030034780373411
0.058685;1.0030671978370151
0.05874;1.00313253065483
0.058795;1.0031995288230782
0.05885;1.0032682457227482
0.058905;1.0033387355311725
0.058960000000000005;1.003411052850742
0.059015000000000005;1.003485252168044
0.059070000000000004;1.003561387068222
0.059125000000000004;1.0036395090915058
0.05918;1.003719666058515
0.059235;1.003801899593427
0.05929;1.0038862414119436
0.059345;1.003972707665338
0.0594;1.0040612901476542
0.059455;1.0041519422965812
0.05951;1.0042445562688085
0.059565;1.0043389241342018
0.05962;1.0044346695637092
0.059675;1.0045311218365016
0.059730000000000005;1.0046270700366937
0.059785000000000005;1.0047202493545508
0.059840000000000004;1.0048061708971419
0.059895000000000004;1.0048751422914821
0.05995;1.0049034551336116
0.060005;1.0048210629303407
0.06006;1.0043445267453708
0.060115;1.0012703201338853
0.06017;0.4315001406006181
0.060225;0.9994940740676983
0.06028;1.0043282196835268
0.060335;1.0053297436172441
0.06039;1.0057872268087245
0.060445;1.0060906566276058
0.060500000000000005;1.0063360139676139
0.060555000000000005;1.0065565122639937
0.060610000000000004;1.006766296730512
0.060665000000000004;1.0069723352649298
0.06072;1.0071784705629252
0.060775;1.0073870334320658
0.06083;1.0075995635034696
0.060885;1.0078171612750555
0.06094;1.0080406728905253
0.060995;1.0082707930995523
0.06105;1.0085081256497117
0.061105;1.0087532203651512
0.06116;1.0090065968943656
0.061215000000000006;1.009268760553615
0.061270000000000005;1.0095402133393494
0.061325000000000005;1.0098214619149022
0.061380000000000004;1.0101130236666347
0.061435000000000003;1.0104154315141973
0.06149;1.0107292379149824
0.061545;1.0110550183533882
0.0616;1.01139337451219
0.061655;1.0117449372637917
0.06171;1.0121103695806657
0.061765;1.0124903694391165
0.06182;1.012885672773803
0.061875;1.013297056529693
0.06193;1.0137253418509033
0.061985000000000005;1.0141713974415352
0.062040000000000005;1.014636143131024
0.062095000000000004;1.015120553675393
0.062150000000000004;1.0156256628256122
0.062205;1.0161525676950358
0.06226;1.0167024334592185
0.062315;1.0172764984233797
0.06237;1.017876079495366
0.062425;1.0185025781049477
0.06248;1.019157486613867
0.06253500000000001;1.019842395265163
0.06259;1.0205589997249953
0.062645;1.02130910927539
0.0627;1.0220946557223782
0.062755;1.0229177030905428
0.06281;1.0237804581825334
0.062865;1.0246852820904764
0.06292;1.0256347027554376
0.062975;1.0266314286816678
0.06303;1.0276783639239186
0.063085;1.0287786244792168
0.06314;1.0299355562289796
0.063195;1.0311527545937211
0.06325;1.0324340860805636
0.063305;1.0337837119242752
0.06336;1.0352061140450077
0.063415;1.036706123571122
0.06347;1.0382889522037564
0.063525;1.0399602267308279
0.06358;1.0417260270331357
0.063635;1.0435929279636964
0.06369;1.045568045524086
0.063745;1.0476590878087992
0.0638;1.0498744112404557
0.06385500000000001;1.0522230826752892
0.06391000000000001;1.0547149480203746
0.06396500000000001;1.0573607080707796
0.06402000000000001;1.0601720023463124
0.06407500000000001;1.0631615017836058
0.06413;1.0663430112178631
0.064185;1.069731582669319
0.06424;1.0733436405287808
0.064295;1.0771971198110195
0.06435;1.0813116187094083
0.064405;1.085708566731566
0.06446;1.090411409714036
0.064515;1.0954458129892823
0.06457;1.100839883890796
0.064625;1.106624414605393
0.06468;1.1128331460795364
0.064735;1.1195030532114427
0.06479;1.1266746508490195
0.064845;1.1343923190831315
0.0649;1.1427046448667113
0.064955;1.1516647749630873
0.06501;1.1613307724518218
0.065065;1.1717659652693813
0.06512;1.1830392702498087
0.065175;1.1952254695114293
0.06523;1.2084054073905508
0.065285;1.222666064977217
0.06534000000000001;1.2381004551365173
0.06539500000000001;1.2548072631830245
0.06545000000000001;1.2728901366863234
0.06550500000000001;1.2924565020362895
0.06556000000000001;1.3136157556959995
0.065615;1.3364766457138284
0.06567;1.361143626690498
0.065725;1.387711943864325
0.06578;1.416261187340283
0.065835;1.446847068048704
0.06589;1.479491220253345
0.065945;1.5141689541352925
0.066;1.550795092831028
0.066055;1.5892083573340385
0.06611;1.6291552261880862
0.066165;1.6702747865606395
0.06622;1.7120867560864976
0.066275;1.753985472367579
0.06633;1.7952430244226425
0.066385;1.8350245817573827
0.06644;1.8724181038664898
0.066495;1.9064788340708216
0.06655;1.9362863872605423
0.066605;1.9610092665592938
0.06666;1.9799690515088724
0.066715;1.9926951823228933
0.06677;1.9989618964722526
0.066825;1.998801565203828
0.06688000000000001;1.992492825380614
0.06693500000000001;1.9805263684252856
0.06699000000000001;1.9635548029990053
0.06704500000000001;1.9423348071864297
0.0671;1.9176696396484605
0.067155;1.8903584064019474
0.06721;1.8611560297638055
0.067265;1.830745387957882
0.06732;1.7997211098143637
0.067375;1.7685832426504535
0.06743;1.7377384408420578
0.067485;1.7075062854361998
0.06754;1.6781286380508809
0.067595;1.6497803757198375
0.06765;1.6225803193898618
0.067705;1.5966015830801294
0.06776;1.5718809010224375
0.067815;1.5484267317656013
0.06787;1.5262261014288998
0.067925;1.5052502491034538
0.06798;1.485459192403768
0.068035;1.4668053547868358
0.06809;1.4492363998176048
0.068145;1.4326974093663358
0.0682;1.4171325284731222
0.068255;1.402486183014999
0.06831;1.3887039596121453
0.06836500000000001;1.3757332216640445
0.06842000000000001;1.363523521616844
0.06847500000000001;1.3520268577276249
0.06853000000000001;1.3411978136680898
0.06858500000000001;1.3309936111408591
0.06864;1.3213740990473313
0.068695;1.312301697418735
0.06875;1.3037413100838253
0.068805;1.2956602167012345
0.06886;1.2880279521613716
0.068915;1.2808161793190496
0.06897;1.2739985594366123
0.069025;1.2675506234982739
0.06908;1.261449646625262
0.069135;1.2556745271129495
0.06919;1.2502056710773048
0.069245;1.2450248832993376
0.0693;1.2401152645608897
0.069355;1.2354611155506037
0.06941;1.2310478472650623
0.069465;1.2268618977228252
0.06952;1.2228906547367588
0.069575;1.2191223844444985
0.06963;1.2155461652703208
0.069685;1.2121518269799973
0.06974;1.2089298944886206
0.069795;1.2058715360872392
0.06985000000000001;1.202968515765064
0.06990500000000001;1.2002131493185368
0.06996000000000001;1.1975982639546665
0.07001500000000001;1.1951171611137485
0.07007000000000001;1.1927635822544862
0.070125;1.1905316773623993
0.07018;1.1884159759598727
0.070235;1.1864113604130546
0.07029;1.1845130413466929
0.070345;1.1827165349932045
0.0704;1.181017642316287
0.070455;1.1794124297626631
0.07051;1.177897211507682
0.070565;1.1764685330717937
0.07062;1.1751231561954316
0.070675;1.1738580448692366
0.07073;1.1726703524254618
0.070785;1.171557409604483
0.07084;1.1705167135174896
0.070895;1.1695459174334906
0.07095;1.1686428213245428
0.071005;1.1678053631091065
0.07106;1.1670316105382217
0.071115;1.1663197536740753
0.07117;1.1656680979147152
0.071225;1.1650750575225481
0.07128;1.1645391496177624
0.071335;1.1640589886011452
0.07139000000000001;1.163633280973563
0.07144500000000001;1.1632608205221482
0.07150000000000001;1.1629404838456043
0.07155500000000001;1.1626712261933203
0.07161000000000001;1.1624520775949683
0.071665;1.1622821392590819
0.07172;1.162160580220861
0.071775;1.1620866342208696
0.07183;1.1620595967978007
0.071885;1.1620788225795875
0.07194;1.1621437227584692
0.071995;1.1622537627365161
0.07205;1.162408459929104
0.072105;1.1626073817146734
0.07216;1.1628501435199243
0.072215;1.163136407030179
0.07227;1.163465878515382
0.072325;1.1638383072626313
0.07238;1.1642534841067371
0.072435;1.164711240050634
0.07249;1.1652114449678745
0.072545;1.1657540063797174
0.0726;1.16633886829963
0.072655;1.1669660101381387
0.07271;1.1676354456611706
0.072765;1.1683472219950763
0.07282;1.169101418671595
0.07287500000000001;1.1698981467059613
0.07293000000000001;1.1707375477012636
0.07298500000000001;1.1716197929720555
0.07304000000000001;1.1725450826798667
0.07309500000000001;1.1735136449731074
0.07315;1.1745257351232112
0.073205;1.175581634648459
0.07326;1.1766816504160664
0.073315;1.1778261137121693
0.07337;1.1790153792679872
0.073425;1.1802498242286623
0.07348;1.181529847048638
0.073535;1.1828558662938018
0.07359;1.1842283193247014
0.073645;1.1856476608261721
0.0737;1.187114361132971
0.073755;1.1886289042734277
0.07381;1.1901917855997595
0.073865;1.1918035087643593
0.07392;1.1934645815534408
0.073975;1.1951755094626253
0.07403;1.196936784050545
0.074085;1.1987488563230686
0.07414;1.2006120495969244
0.074195;1.2025258956977913
0.07425;1.2674793121805292
0.074305;1.269593088685526
0.07436000000000001;1.2711707734027833
0.07441500000000001;1.2724802577101508
0.07447000000000001;1.2736158132737292
0.07452500000000001;1.274623703442215
0.07458000000000001;1.2755304437595143
0.074635;1.2763526122466424
0.07469;1.2771011030233654
0.074745;1.2777832480797264
0.0748;1.278403983423493
0.074855;1.2789665368135963
0.07491;1.27947285512147
0.074965;1.2799238802953967
0.07502;1.2803197323565956
0.075075;1.2806598325723575
0.07513;1.2809429864919784
0.075185;1.2811674389833294
0.07524;1.2813309089830895
0.075295;1.2814306089764953
0.07535;1.2814632525201923
0.075405;1.281425052012335
0.07546;1.2813117081677454
0.075515;1.281118392138556
0.07557;1.2808397208497382
0.075625;1.280469725843655
0.07568;1.2800018157155328
0.075735;1.2794287320512818
0.07579;1.2787424986360532
0.07584500000000001;1.2779343635770295
0.07590000000000001;1.2769947338702583
0.07595500000000001;1.275913101835016
0.07601000000000001;1.2746779627365843
0.07606500000000001;1.2732767228186441
0.07612000000000001;1.2716955968685746
0.076175;1.2699194943439849
0.07623;1.267931892997904
0.076285;1.2657146988575143
0.07634;1.2632480913413193
0.076395;1.2605103522509606
0.07645;1.2574776773562224
0.076505;1.2541239693215076
0.07656;1.2504206108183655
0.076615;1.24633621686103
0.07667;1.241836365726407
0.076725;1.2368833083278967
0.07678;1.2314356566678355
0.076835;1.2254480530860672
0.07689;1.2188708235612193
0.076945;1.2116496204563023
0.077;1.2037250630155483
0.077055;1.195032387851369
0.07711;1.1855011269035494
0.077165;1.1750548372637697
0.07722;1.163610916263211
0.077275;1.151080546807668
0.07733;1.1373688326347509
0.07738500000000001;1.12237520148037
0.07744000000000001;1.1059941764783812
0.07749500000000001;1.0881166426195295
0.07755000000000001;1.0686317653548416
0.07760500000000001;1.0474297511016772
0.07766;1.0244056716098902
0.077715;0.999464600658953
0.07777;0.9725283238477299
0.077825;0.9435438673916733
0.07788;0.9124940317131695
0.077935;0.8794099868083965
0.07799;0.8443857619942196
0.078045;0.8075941172429486
0.0781;0.7693028026201909
0.078155;0.729889608765406
0.07821;0.689853944377853
0.078265;0.6498220729933006
0.07832;0.6105428037831394
0.078375;0.5728706194012365
0.07843;0.5377341905918203
0.078485;0.5060901049311192
0.07854;0.47886430288492954
0.078595;0.4568866967677037
0.07865;0.4408269607945569
0.078705;0.43114063652391016
0.07876;0.4280338641049069
0.078815;0.4314521818534611
0.07887000000000001;0.4410945992579509
0.07892500000000001;0.45644970677532853
0.07898000000000001;0.47684715132976874
0.07903500000000001;0.5015161713221818
0.07909000000000001;0.5296431806999627
0.07914500000000001;0.5604221599730496
0.0792;0.593094093567756
0.079255;0.6269741514900505
0.07931;0.6614672506511321
0.079365;0.6960738455937753
0.07942;0.730388325712487
0.079475;0.7640924042260239
0.07953;0.7969455759392737
0.079585;0.8287742723336926
0.07964;0.8594608776331447
0.079695;0.8889333593351245
0.07975;0.9171559413212966
0.079805;0.944121010541012
0.07986;0.9698422886967665
0.079915;0.9943492022067003
0.07997;1.0176823305162421
0.080025;1.0398897903519968
0.08008;1.0610244106070594
0.080135;1.0811415610865225
0.08019;1.1002975127352081
0.080245;1.118548223604175
0.0803;1.1359484614805084
0.08035500000000001;1.1525511895995038
0.08041000000000001;1.1684071555832904
0.08046500000000001;1.183564635530268
0.08052000000000001;1.1980692950510758
0.08057500000000001;1.2119641371765142
0.08063000000000001;1.2252895136652142
0.080685;1.2380831815415403
0.08074;1.250380390916046
0.080795;1.2622139934739376
0.08085;1.2736145636313625
0.080905;1.2846105263977363
0.08096;1.2952282875615522
0.081015;1.3054923630327848
0.08107;1.3154255051072152
0.081125;1.3250488241244973
0.08118;1.3343819045276655
0.081235;1.3434429147299911
0.08129;1.352248710491592
0.081345;1.36081493172314
0.0814;1.3691560927887574
0.081455;1.3772856664884912
0.08151;1.3852161619727499
0.081565;1.392959196888148
0.08162;1.4005255640806031
0.081675;1.407925293193897
0.08173;1.4151677075037103
0.081785;1.422261476321573
0.08184;1.4292146632921798
0.08189500000000001;1.4360347708938923
0.08195000000000001;1.442728781435249
0.08200500000000001;1.4493031948234818
0.08206000000000001;1.4557640633626434
0.08211500000000001;1.462117023821513
0.08217;1.468367326993862
0.082225;1.4745198649563507
0.08228;1.4805791962144095
0.082335;1.4865495689102108
0.08239;1.4924349422532734
0.082445;1.498239006321078
0.0825;1.5039652003643798
0.082555;1.509616729741084
0.08261;1.515196581591582
0.082665;1.520707539359228
0.08272;1.526152196250635
0.082775;1.5315329677222203
0.08283;1.5368521030722817
0.082885;1.5421116962109296
0.08294;1.547313695674032
0.082995;1.5524599139416346
0.08305;1.5575520361161928
0.083105;1.5625916280112362
0.08316;1.5675801436966885
0.083215;1.5725189325432078
0.08327;1.5774092458044136
0.083325;1.5822522427722008
0.08338000000000001;1.587048996538067
0.08343500000000001;1.5918004993897872
0.08349000000000001;1.5965076678710381
0.08354500000000001;1.601171347528868
0.08360000000000001;1.6057923173718234
0.08365500000000001;1.610371294060056
0.08371;1.6149089358464561
0.083765;1.619405846286652
0.08382;1.6238625777341726
0.083875;1.6282796346355681
0.08393;1.6326574766395243
0.083985;1.636996521532248
0.08404;1.6412971480110137
0.084095;1.6455596983063847
0.08415;1.6497844806630193
0.084205;1.6539717716881186
0.08426;1.6581218185758264
0.084315;1.6622348412151633
0.08437;1.6663110341888014
0.084425;1.670350568668975
0.08448;1.6743535942166587
0.084535;1.6783202404895574
0.08459;1.6822506188639623
0.084645;1.6861448239753802
0.0847;1.6900029351820645
0.084755;1.6938250179556855
0.08481;1.6976111252028758
0.08486500000000001;1.7013612985209805
0.08492000000000001;1.7050755693913844
0.08497500000000001;1.7087539603133188
0.08503000000000001;1.712396485880885
0.08508500000000001;1.716003153805971
0.08514000000000001;1.7195739658893334
0.085195;1.7231089189422397
0.08525;1.7266080056604647
0.085305;1.7300712154529567
0.08536;1.7334985352266752
0.085415;1.7368899501294779
0.08547;1.7402454442525594
0.085525;1.7435650012940171
0.08558;1.746848605184927
0.085635;1.7500962406792722
0.08569;1.7533078939089146
0.085745;1.7564835529049998
0.0858;1.759623208086677
0.085855;1.7627268527184519
0.08591;1.7657944833370662
0.085965;1.7688261001489287
0.08602;1.7718217073990787
0.086075;1.774781313712572
0.08613;1.777704932409168
0.086185;1.7805925817921888
0.08624;1.783444285412334
0.086295;1.786260072307328
0.08635;1.789039977218088
0.08640500000000001;1.7917840407822225
0.08646000000000001;1.794492309705629
0.08651500000000001;1.7971648369127846
0.08657000000000001;1.7998016816766518
0.08662500000000001;1.8024029097286505
0.08668000000000001;1.8049685933495567
0.086735;1.8074988114419432
0.08679;1.8099936495847508
0.086845;1.8124532000707632
0.0869;1.8148775619275044
0.086955;1.8172668409222459
0.08701;1.819621149551754
0.087065;1.8219406070173174
0.08712;1.8242253391857395
0.087175;1.826475478536809
0.08723;1.8286911640979047
0.087285;1.8308725413662086
0.08734;1.8330197622192408
0.087395;1.8351329848140845
0.08745;1.8372123734760035
0.087505;1.8392580985769527
0.08756;1.8412703364044103
0.087615;1.8432492690212054
0.08767;1.8451950841167288
0.087725;1.8471079748500927
0.08778;1.8489881396856775
0.087835;1.8508357822215968
0.08789000000000001;1.852651111011507
0.08794500000000001;1.8544343393802054
0.08800000000000001;1.8561856852335483
0.08805500000000001;1.8579053708629634
0.08811000000000001;1.8595936227451735
0.08816500000000001;1.8612506713373467
0.08822;1.8628767508682196
0.088275;1.8644720991254724
0.08833;1.866036957239801
0.088385;1.8675715694659845
0.08844;1.86907618296135
0.088495;1.8705510475618745
0.08855;1.8719964155563604
0.088605;1.8734125414588927
0.08866;1.8747996817799093
0.088715;1.8761580947961385
0.08877;1.8774880403196874
0.088825;1.8787897794665163
0.08888;1.8800635744245362
0.088935;1.8813096882215279
0.08899;1.8825283844931293
0.089045;1.8837199272510396
0.0891;1.884884580651651
0.089155;1.8860226087652265
0.08921;1.8871342753458262
0.089265;1.8882198436020754
0.08932;1.889279575968927
0.08937500000000001;1.890313733880438
0.08943000000000001;1.8913225775438463
0.08948500000000001;1.892306365714748
0.08954000000000001;1.8932653554737053
0.08959500000000001;1.894199802004182
0.08965000000000001;1.8951099583718445
0.08970500000000001;1.8959960753053335
0.08976;1.8968584009784777
0.089815;1.8976971807938907
0.08987;1.8985126571680038
0.089925;1.8993050693174969
0.08998;1.900074653047029
0.090035;1.9008216405382952
0.09009;1.9015462601402058
0.090145;1.9022487361602962
0.0902;1.9029292886570495
0.090255;1.9035881332332059
0.09031;1.9042254808298102
0.090365;1.9048415375209162
0.09042;1.9054365043087675
0.090475;1.9060105769193145
0.09053;1.9065639455978416
0.090585;1.907096794904565
0.09064;1.907609303509917
0.090695;1.9081016439893521
0.09075;1.9085739826174275
0.090805;1.909026479160821
0.09086;1.9094592866701312
0.09091500000000001;1.909872551270063
0.09097000000000001;1.9102664119477637
0.09102500000000001;1.9106410003389322
0.09108000000000001;1.9109964405113509
0.09113500000000001;1.911332848745558
0.09119000000000001;1.9116503333121346
0.091245;1.9119489942453332
0.0913;1.9122289231125256
0.091355;1.9124902027790707
0.09141;1.9127329071680772
0.091465;1.912957101014611
0.09152;1.9131628396137472
0.091575;1.9133501685620207
0.09163;1.9135191234914861
0.091685;1.9136697297960128
0.09174;1.9138020023489537
0.091795;1.913915945211598
0.09185;1.914011551331626
0.091905;1.9140888022308316
0.09196;1.9141476676812756
0.092015;1.9141881053689778
0.09207;1.9142100605442738
0.092125;1.9142134656578782
0.09218;1.9141982399815378
0.092235;1.9141642892123036
0.09229;1.9141115050592097
0.092345;1.9140397648111156
0.09240000000000001;1.9139489308844706
0.09245500000000001;1.913838850349591
0.09251000000000001;1.9137093544339734
0.09256500000000001;1.9135602580011037
0.09262000000000001;1.9133913590031257
0.09267500000000001;1.9132024379055697
0.09273;1.9129932570822583
0.092785;1.9127635601784347
0.09284;1.9125130714399337
0.092895;1.9122414950061286
0.09295;1.9119485141642245
0.093005;1.9116337905622995
0.09306;1.9112969633782977
0.093115;1.9109376484420353
0.09317;1.9105554373069775
0.093225;1.9101498962684513
0.09328;1.9097205653245861
0.093335;1.9092669570760878
0.09339;1.908788555560646
0.093445;1.90828481501745
0.0935;1.9077551585770147
0.093555;1.9071989768710387
0.09361;1.906615626556787
0.093665;1.9060044287499027
0.09372;1.905364667359217
0.093775;1.9046955873165683
0.09383;1.9039963926941148
0.09388500000000001;1.9032662447010413
0.09394000000000001;1.9025042595509134
0.09399500000000001;1.9017095061902405
0.09405000000000001;1.9008810038780797
0.09410500000000001;1.9000177196057026
0.09416000000000001;1.8991185653443452
0.09421500000000001;1.8981823951083092
0.09427;1.897208001819395
0.094325;1.8961941139576501
0.09438;1.895139391982179
0.094435;1.8940424245042473
0.09449;1.8929017241936
0.094545;1.89171572339722
0.0946;1.890482769448005
0.094655;1.8892011196388818
0.09471;1.8878689358358647
0.094765;1.886484278701198
0.09482;1.8850451014952851
0.094875;1.8835492434233043
0.09493;1.8819944224896321
0.094985;1.8803782278196894
0.09504;1.8786981114055246
0.095095;1.8769513792275259
0.09515;1.875135181700376
0.095205;1.8732465033870058
0.09526;1.8712821519190859
0.095315;1.8692387460574362
0.09537000000000001;1.867112702819647
0.09542500000000001;1.8649002235960643
0.09548000000000001;1.8625972791681742
0.09553500000000001;1.8601995935362052
0.09559000000000001;1.857702626454518
0.09564500000000001;1.8551015545648217
0.09570000000000001;1.8523912510080165
0.095755;1.8495662633855374
0.09581;1.8466207899304303
0.095865;1.8435486537375296
0.09592;1.8403432748902888
0.095975;1.8369976403097485
0.09603;1.833504271138838
0.096085;1.8298551874623876
0.09614;1.8260418701513905
0.096195;1.822055219607481
0.09625;1.817885511173474
0.096305;1.8135223469661348
0.09636;1.808954603880999
0.096415;1.804170377515951
0.09647;1.799156921762986
0.096525;1.793900583825903
0.09658;1.7883867344416104
0.096635;1.7825996931130763
0.09669;1.7765226482105183
0.096745;1.7701375718664798
0.0968;1.7634251296881216
0.096855;1.7563645854431444
0.09691000000000001;1.7489337010548185
0.09696500000000001;1.7411086324795593
0.09702000000000001;1.7328638223519508
0.09707500000000001;1.724171890687151
0.09713000000000001;1.7150035254534428
0.09718500000000001;1.7053273754959801
0.09724000000000001;1.6951099491448691
0.097295;1.6843155229160187
0.09735;1.6729060660666786
0.097405;1.6608411884565042
0.09746;1.6480781212604276
0.097515;1.6345717426602138
0.09757;1.6202746637909773
0.097625;1.605137394027114
0.09768;1.5891086092408568
0.097735;1.5721355520201539
0.09779;1.5541645990214612
0.097845;1.535142037608864
0.0979;1.5150151015453615
0.097955;1.4937333234136188
0.09801;1.4712502690608866
0.098065;1.4475257257099066
0.09812;1.4225284189744027
0.098175;1.3962393327149096
0.09823;1.3686556965132195
0.098285;1.339795684653783
0.09834;1.309703833113566
0.09839500000000001;1.2784571217594654
0.09845000000000001;1.2461715823178157
0.09850500000000001;1.213009174510918
0.09856000000000001;1.1791845220415367
0.09861500000000001;1.1449709218371966
0.09867000000000001;1.1107048485433417
0.09872500000000001;1.0767879989098943
0.09878;1.043685799476148
0.098835;1.011921291228632
0.09889;0.9820634681455787
0.098945;0.954709535316373
0.099;0.9304611882037492
0.099055;0.9098958634947999
0.09911;0.8935348661864302
0.099165;0.8818111571746938
0.09922;0.8750401689177844
0.099275;0.8733970995994027
0.09933;0.8769036050982215
0.099385;0.8854256978825576
0.09944;0.8986831688830186
0.099495;0.9162692836735179
0.09955;0.9376782019173577
0.099605;0.9623367839331612
0.09966;0.9896372863664041
0.099715;1.018967854430711
0.09977;1.0497385148737048
0.099825;1.0814013362949155
0.09988000000000001;1.1134643459408442
0.09993500000000001;1.1454995329431497
0.09999000000000001;1.1771457627948425
0.10004500000000001;1.2081076782712754
0.10010000000000001;1.2381517118875136
0.10015500000000001;1.2671002459550678
0.10021000000000001;1.2948247890558604
0.100265;1.3212388414150478
0.10032;1.3462909301433346
0.100375;1.3699581282124829
0.10043;1.3922402367244857
0.100485;1.4131547094060344
0.10054;1.4327323278509165
0.100595;1.4510135904559203
0.10065;1.4680457514883003
0.100705;1.483880434006982
0.10076;1.4985717370521268
0.100815;1.51217476019583
0.10087;1.5247444747018823
0.100925;1.5363348784084274
0.10098;1.546998379854069
0.101035;1.5567853653830939
0.10109;1.565743910568142
0.101145;1.5739196040709074
0.1012;1.5813554579540572
0.101255;1.5880918834744402
0.10131;1.5941667155945431
0.101365;1.5996152729294517
0.10142000000000001;1.6044704426977798
0.10147500000000001;1.6087627825591997
0.10153000000000001;1.612520633084179
0.10158500000000001;1.615770236091739
0.10164000000000001;1.6185358552743199
0.10169500000000001;1.620839896462607
0.10175000000000001;1.622703025615762
0.101805;1.624144283192527
0.10186;1.6251811940000513
0.101915;1.625829871955377
0.10197;1.6261051194514946
0.102025;1.626020521213132
0.10208;1.625588532670355
0.102135;1.62482056298204
0.10219;1.6237270529152104
0.102245;1.6223175478367822
0.1023;1.6206007661071533
0.102355;1.6185846631844942
0.10241;1.6162764917580745
0.102465;1.6136828582308405
0.10252;1.610809775868129
0.102575;1.6076627149221074
0.10263;1.604246650031596
0.102685;1.6005661051854871
0.10274;1.5966251965248615
0.102795;1.5924276732460307
0.10285;1.5879769568527216
0.10290500000000001;1.5832761789923762
0.10296000000000001;1.5783282180975902
0.10301500000000001;1.573135735040709
0.10307000000000001;1.5677012079963601
0.10312500000000001;1.562026966693341
0.10318000000000001;1.5561152262250342
0.10323500000000001;1.549968120573871
0.10329;1.5435877359928845
0.103345;1.5369761443739163
0.1034;1.530135436718406
0.103455;1.523067756812742
0.10351;1.5157753351950118
0.103565;1.5082605234847055
0.10362;1.5005258291301544
0.103675;1.4925739506103946
0.10373;1.4844078131099103
0.103785;1.4760306046629705
0.10384;1.4674458127436452
0.103895;1.458657261252697
0.10395;1.4496691478278194
0.104005;1.4404860813763871
0.10406;1.4311131197009783
0.104115;1.4215558070570171
0.10417;1.4118202114505647
0.104225;1.4019129614492463
0.10428;1.3918412822463693
0.104335;1.381613030680856
0.10439000000000001;1.3712367288808953
0.10444500000000001;1.3607215961627184
0.10450000000000001;1.3500775787811645
0.10455500000000001;1.3393153770940929
0.10461000000000001;1.3284464696725868
0.10466500000000001;1.3174831338595048
0.10472000000000001;1.306438462256079
0.10477500000000001;1.295326374596396
0.10483;1.28416162445918
0.104885;1.272959800261056
0.10494;1.2617373199805537
0.104995;1.2505114190777813
0.10505;1.2393001311004157
0.105105;1.2281222605067301
0.10516;1.2169973472879403
0.105215;1.205945623038859
0.10527;1.1949879582068366
0.105325;1.1841458003438552
0.10538;1.1734411032958876
0.105435;1.162896247386133
0.10549;1.1525339507828796
0.105545;1.1423771723873608
0.1056;1.1324490067289212
0.105655;1.1227725715120132
0.10571;1.1133708886180613
0.105765;1.1042667595221674
0.10582;1.0954826362349157
0.105875;1.0870404890194811
0.10593000000000001;1.0789616722600366
0.10598500000000001;1.0712667899636383
0.10604000000000001;1.0639755624611484
0.10609500000000001;1.0571066959299469
0.10615000000000001;1.0506777563875147
0.10620500000000001;1.0447050498010917
0.10626000000000001;1.039203509919019
0.106315;1.034186595357711
0.10637;1.029666197371592
0.106425;1.0256525595955621
0.10648;1.0221542108819648
0.106535;1.0191779121611035
0.10659;1.0167286180397834
0.106645;1.0148094536221444
0.1067;1.0134217067961762
0.106755;1.0125648359847224
0.10681;1.012236493116614
0.106865;1.0124325613391028
0.10692;1.0131472067716987
0.106975;1.014372943399596
0.10703;1.016100710026405
0.107085;1.0183199580545852
0.10714;1.0210187487403148
0.107195;1.024183858479118
0.10725;1.0278008906207508
0.107305;1.0318543922848136
0.10736;1.036327974653068
0.10741500000000001;1.0412044352465213
0.10747000000000001;1.0464658807536587
0.10752500000000001;1.0520938490571716
0.10758000000000001;1.0580694292060038
0.10763500000000001;1.0643733781946978
0.10769000000000001;1.0709862335384355
0.10774500000000001;1.0778884207656765
0.1078;1.0850603550882723
0.107855;1.0924825366471829
0.10791;1.100135638867583
0.107965;1.1080005895881821
0.10802;1.116058644752479
0.108075;1.1242914545650347
0.10813;1.1326811221190194
0.108185;1.141210254595275
0.10824;1.1498620072136376
0.108295;1.158620120187113
0.10835;1.1674689489873689
0.108405;1.1763934882758305
0.10846;1.1853793898911698
0.108515;1.1944129753086756
0.10857;1.203481243004492
0.108625;1.2125718711655873
0.10868;1.2216732161872366
0.108735;1.2307743073953814
0.10879;1.2398648384204207
0.108845;1.2489351556340764
0.10890000000000001;1.2579762440433233
0.10895500000000001;1.2669797110140073
0.10901000000000001;1.2759377681738118
0.10906500000000001;1.28484321182065
0.10912000000000001;1.2936894021364673
0.10917500000000001;1.3024702414825693
0.10923000000000001;1.3111801520259816
0.10928500000000001;1.3198140529232447
0.10934;1.3283673372629619
0.109395;1.3368358489462693
0.10945;1.3452158596626278
0.109505;1.3535040460977128
0.10956;1.3616974674913378
0.109615;1.3697935436458388
0.10967;1.377790033468487
0.109725;1.3856850141178017
0.10978;1.3934768608090018
0.109835;1.4011642273226335
0.10989;1.4087460272490864
0.109945;1.4162214159923376
0.11;1.4235897735475547
0.110055;1.4308506880600815
0.11011;1.438003940166387
0.110165;1.4450494881126696
0.11022;1.4519874536411896
0.110275;1.4588181086313508
0.11033;1.4655418624784875
0.110385;1.472159250191046
0.11044000000000001;1.47867092118439
0.11049500000000001;1.485077628747987
0.11055000000000001;1.4913802201612678
0.11060500000000001;1.4975796274327264
0.11066000000000001;1.5036768586360063
0.11071500000000001;1.5096729898167565
0.11077000000000001;1.515569157443499
0.110825;1.5213665513764438
0.11088;1.5270664083280283
0.110935;1.5326700057896796
0.11099;1.5381786563997832
0.111045;1.5435937027284117
0.1111;1.5489165124554871
0.111155;1.5541484739191465
0.11121;1.559290992012756
0.111265;1.5643454844092906
0.11132;1.5693133780928186
0.111375;1.5741961061779344
0.11143;1.5789951049986182
0.111485;1.5837118114490636
0.11154;1.5883476605598108
0.111595;1.5929040832933374
0.11165;1.597382504544221
0.111705;1.6017843413297541
0.11176;1.60611100115747
0.111815;1.6103638805571638
0.11187;1.6145443637652521
0.11192500000000001;1.618653821550394
0.11198000000000001;1.622693610169563
0.11203500000000001;1.626665070444507
0.11209000000000001;1.6305695269490172
0.11214500000000001;1.634408287297607
0.11220000000000001;1.6381826415267968
0.11225500000000001;1.64189386155994
0.11231000000000001;1.6455432007465682
0.112365;1.649131893466301
0.11242;1.6526611547862085
0.112475;1.6561321801571531
0.11253;1.6595461451291433
0.112585;1.6629042050538603
0.11264;1.6662074947180154
0.112695;1.6694571277945796
0.11275;1.6726541958561254
0.112805;1.6757997662730781
0.11286;1.6788948767799274
0.112915;1.681940516418753
0.11297;1.684937478232394
0.113025;1.6918184617382204
0.11308;1.6951788768138834
0.113135;1.6983378531451327
0.11319;1.7013761481243121
0.113245;1.7043225690324855
0.1133;1.7071917670287822
0.113355;1.7099926399683032
0.11341000000000001;1.712731225839597
0.11346500000000001;1.7154119496600742
0.11352000000000001;1.7180382428747427
0.11357500000000001;1.7206128832657464
0.11363000000000001;1.7231381958596872
0.11368500000000001;1.7256161787353297
0.11374000000000001;1.728048585543853
0.11379500000000001;1.730436981742345
0.11385;1.7327827841640022
0.113905;1.7350872896370637
0.11396;1.7373516961817477
0.114015;1.7395771190419067
0.11407;1.7417646030374194
0.114125;1.743915132241926
0.11418;1.7460296376805815
0.114235;1.748109003537908
0.11429;1.750154072228157
0.114345;1.7521656485854933
0.1144;1.7541445033647802
0.114455;1.7560913761965378
0.11451;1.7580069781049623
0.114565;1.759891993673206
0.11462;1.761747082921094
0.114675;1.763572882946676
0.11473;1.7653700093722362
0.114785;1.7671390576272274
0.11484;1.7688806040944614
0.11489500000000001;1.7705952071407032
0.11495000000000001;1.7722834080491907
0.11500500000000001;1.7739457318683647
0.11506000000000001;1.7755826881887953
0.11511500000000001;1.7771947718582972
0.11517000000000001;1.7787824636435212
0.11522500000000001;1.7803462308453324
0.11528000000000001;1.7818865278739566
0.11533500000000001;1.7834037967892702
0.11539;1.7848984678107678
0.115445;1.786370959801432
0.1155;1.7878216807289582
0.115555;1.7892510281078715
0.11561;1.7906593894254104
0.115665;1.7920471425543099
0.11572;1.7934146561549704
0.115775;1.79476229007011
0.11583;1.7960903957144299
0.115885;1.7973993164623063
0.11594;1.7986893880365797
0.115995;1.799960938901675
0.11605;1.8012142906649147
0.116105;1.802449758490054
0.11616;1.803667651527926
0.116215;1.8048682733698687
0.11627;1.8060519225304306
0.116325;1.8072188929675321
0.11638;1.808369474649532
0.11643500000000001;1.8095039541811098
0.11649000000000001;1.8106226155023883
0.11654500000000001;1.8117257406793452
0.11660000000000001;1.8128136108081085
0.11665500000000001;1.8138865070615884
0.11671000000000001;1.814944711914708
0.11676500000000001;1.8159885105947369
0.11682000000000001;1.817018192816846
0.116875;1.8180340548832297
0.11693;1.8190364022489636
0.116985;1.8200255526913376
0.11704;1.8210018402660482
0.117095;1.8219656202980623
0.11715;1.8229172757457808
0.117205;1.8238572254054626
0.11726;1.8247859346061264
0.117315;1.8257039293086987
0.11737;1.8266118149019037
0.117425;1.8275103015304854
0.11748;1.8284002385524671
0.117535;1.8292826617296465
0.11759;1.830158857882515
0.117645;1.8310304522531253
0.1177;1.831899520804059
0.117755;1.8327687123470628
0.11781;1.8336412929520676
0.117865;1.8345207314809902
0.11792000000000001;1.83540816525623
0.11797500000000001;1.8362895708246727
0.11803000000000001;1.8370612811662068
0.11808500000000001;1.8368804096366966
0.11814000000000001;1.815530210960142
0.11819500000000001;1.7755298566524986
0.11825000000000001;1.8286329411009168
0.11830500000000001;1.8345304640752598
0.11836;1.8369276353117419
0.118415;1.83841812524619
0.11847;1.8395490224327649
0.118525;1.8405002538269382
0.11858;1.8413471345722285
0.118635;1.8421264487502491
0.11869;1.842858211238761
0.118745;1.8435542230705526
0.1188;1.8442218897274456
0.118855;1.8448660966474146
0.11891;1.8454902023733433
0.118965;1.8460965973437269
0.11902;1.846687034419876
0.119075;1.847262832778782
0.11913;1.8478250082697438
0.119185;1.8483743593681032
0.11924;1.8489115253961539
0.119295;1.8494370269036713
0.11935;1.8499512942691463
0.11940500000000001;1.8504546883415076
0.11946000000000001;1.8509475155910438
0.11951500000000001;1.8514300394012542
0.11957000000000001;1.8519024886024587
0.11962500000000001;1.8523650640033718
0.11968000000000001;1.8528179434491885
0.11973500000000001;1.8532612857810307
0.11979000000000001;1.8536952339666055
0.11984500000000001;1.854119917598732
0.1199;1.854535454906758
0.119955;1.854941954389153
0.12001;1.8553395161488746
0.120065;1.8557282329935116
0.12012;1.8561081913479018
0.120175;1.8564794720162054
0.12023;1.8568421508221655
0.120285;1.8571962991502424
0.12034;1.857541984405602
0.120395;1.857879270407195
0.12045;1.8582082177254728
0.120505;1.8585288839739527
0.12056;1.8588413240621713
0.120615;1.8591455904161536
0.12067;1.859441733171395
0.120725;1.8597298003425708
0.12078;1.8600098379733243
0.120835;1.8602818902690483
0.12089;1.8605459997149716
0.12094500000000001;1.8608022071816592
0.12100000000000001;1.8610505520194824
0.12105500000000001;1.8612910721435507
0.12111000000000001;1.8615238041103244
0.12116500000000001;1.8617487831868613
0.12122000000000001;1.8619660434136514
0.12127500000000001;1.8621756176617288
0.12133000000000001;1.8623775376847755
0.121385;1.8625718341666424
0.12144;1.8627585367649577
0.121495;1.862937674151045
0.12155;1.8631092740466475
0.121605;1.8632733632577239
0.12166;1.8634299677055584
0.121715;1.863579112455531
0.12177;1.863720821743599
0.121825;1.8638551190008639
0.12188;1.8639820268761984
0.121935;1.8641015672572634
0.12199;1.8642137612898715
0.122045;1.8643186293959495
0.1221;1.8644161912901231
0.122155;1.8645064659950372
0.12221;1.8645894718554883
0.122265;1.8646652265514638
0.12232;1.8647337471101268
0.122375;1.8647950499167998
0.12243000000000001;1.8648491507250309
0.12248500000000001;1.8648960646657888
0.12254000000000001;1.864935806255761
0.12259500000000001;1.8649683894049212
0.12265000000000001;1.8649938274232665
0.12270500000000001;1.8650121330268472
0.12276000000000001;1.8650233183431
0.12281500000000001;1.8650273949154557
0.12287000000000001;1.8650243737073446
0.122925;1.8650142651055515
0.12298;1.8649970789229122
0.123035;1.8649728244004835
0.12309;1.8649415102091065
0.123145;1.8649031444503883
0.1232;1.8648577346571609
0.123255;1.8648052877934138
0.12331;1.8647458102536563
0.123365;1.8646793078618404
0.12342;1.8646057858697092
0.123475;1.8645252489547262
0.12353;1.8644377012174604
0.123585;1.864343146178543
0.12364;1.864241586775118
0.123695;1.8641330253568773
0.12375;1.8640174636816211
0.123805;1.863894902910356
0.12386;1.863765343601994
0.12391500000000001;1.8636287857075595
0.12397000000000001;1.8634852285640309
0.12402500000000001;1.8633346708877085
0.12408000000000001;1.863177110767151
0.12413500000000001;1.8630125456557691
0.12419000000000001;1.8628409723639048
0.12424500000000001;1.8626623870505654
0.12430000000000001;1.862476785214723
0.12435500000000001;1.862284161686214
0.12441;1.8620845106162431
0.124465;1.8618778254674617
0.12452;1.86166409900367
0.124575;1.8614433232791199
0.12463;1.8612154896274016
0.124685;1.8609805886499522
0.12474;1.8607386102041787
0.124795;1.8604895433911592
0.12485;1.860233376542987
0.124905;1.859970097209702
0.12496;1.8596996921458424
0.12501500000000002;1.8594221472965924
0.12507000000000001;1.8591374477835727
0.12512500000000001;1.8588455778902004
0.12518;1.8585465210467023
0.125235;1.8582402598147014
0.12529;1.8579267758714533
0.125345;1.8576060499936635
0.1254;1.8572780620409424
0.125455;1.8569427909388343
0.12551;1.8566002146615037
0.125565;1.8562503102140135
0.12562;1.8558930536141804
0.125675;1.8555284198741082
0.12573;1.855156382981266
0.125785;1.8547769158792164
0.12584;1.8543899904479322
0.125895;1.8539955774837222
0.12595;1.8535936466787752
0.126005;1.853184166600303
0.12606;1.8527671046692806
0.126115;1.8523424271388051
0.12617;1.8519100990720605
0.126225;1.8514700843198573
0.12628;1.851022345497825
0.126335;1.850566843963153
0.12639;1.8501035397909837
0.126445;1.8496323917503599
0.1265;1.8491533572798164
0.126555;1.8486663924625353
0.12661;1.8481714520011407
0.126665;1.8476684891920454
0.12672;1.8471574558994666
0.126775;1.8466383025289625
0.12683;1.846110978000633
0.126885;1.845575429721904
0.12694;1.8450316035599086
0.126995;1.8444794438134726
0.12705;1.8439188931847186
0.127105;1.843349892750268
0.12716;1.8427723819320683
0.127215;1.842186298467789
0.12727;1.841591578380895
0.127325;1.8409881559502939
0.12738;1.8403759636796189
0.127435;1.8397549322661328
0.12749;1.8391249905692775
0.127545;1.8384860655788355
0.1276;1.8378380823827567
0.127655;1.8371809641346144
0.12771000000000002;1.83651463202071
0.12776500000000002;1.8358390052268814
0.12782000000000002;1.8351540009049239
0.12787500000000002;1.8344595341387409
0.12793000000000002;1.8337555179101477
0.12798500000000002;1.833041863064395
0.12804000000000001;1.8323184782754203
0.12809500000000001;1.8315852700107833
0.12815000000000001;1.8308421424963788
0.128205;1.8300889976808934
0.12826;1.8293257352000478
0.128315;1.8285522523405906
0.12837;1.8277684440041593
0.128425;1.826974202670929
0.12848;1.8261694183631425
0.128535;1.8253539786084942
0.12859;1.8245277684034638
0.128645;1.8236906701765148
0.1287;1.822842563751346
0.128755;1.8219833263100613
0.12881;1.8211128323564252
0.128865;1.8202309536791434
0.12892;1.8193375593153231
0.128975;1.818432515513999
0.12903;1.8175156856999222
0.129085;1.8165869304375915
0.12914;1.8156461073955457
0.129195;1.8146930713110612
0.12925;1.8137276739552517
0.129305;1.8127497640986043
0.12936;1.8117591874771282
0.129415;1.8107557867591044
0.12947;1.809739401512492
0.129525;1.8087098681731468
0.12958;1.8076670200139084
0.129635;1.8066106871146181
0.12969;1.8055406963332086
0.129745;1.80445687127793
0.1298;1.8033590322808681
0.129855;1.802246996372823
0.12991;1.8011205772596863
0.129965;1.7999795853004854
0.13002;1.7988238274871755
0.130075;1.7976531074263664
0.13013;1.7964672253230842
0.130185;1.7952659779668614
0.13024;1.7940491587201381
0.130295;1.792816557509324
0.13035;1.7915679608186348
0.130405;1.790303151686905
0.13046;1.7890219097076523
0.130515;1.7877240110325199
0.13057;1.7864092283784632
0.130625;1.7850773310388182
0.13068000000000002;1.7837280848986103
0.13073500000000002;1.7823612524543178
0.13079000000000002;1.7809765928384365
0.13084500000000002;1.779573861849092
0.13090000000000002;1.7781528119851688
0.13095500000000002;1.7767131924871078
0.13101000000000002;1.775254749383907
0.13106500000000001;1.7737772255466004
0.13112000000000001;1.7722803607486948
0.131175;1.7707638917339115
0.13123;1.7692275522917809
0.131285;1.7676710733414351
0.13134;1.766094183024153
0.131395;1.7644966068052401
0.13145;1.7628780675856326
0.131505;1.7612382858238917
0.13156;1.7595769796691836
0.131615;1.7578938651058207
0.13167;1.756188656110015
0.131725;1.7544610648195484
0.13178;1.7527108017170678
0.131835;1.7509375758277035
0.13189;1.749141094931843
0.131945;1.7473210657937823
0.132;1.7454771944071958
0.132055;1.7436091862581895
0.13211;1.7417167466069485
0.132165;1.7397995807888225
0.13222;1.7378573945359082
0.132275;1.7358898943201064
0.13233;1.7338967877187337
0.132385;1.7318777838037325
0.13244;1.7298325935556749
0.132495;1.7277609303036747
0.13255;1.725662510192447
0.132605;1.7235370526777465
0.13266;1.7213842810514217
0.132715;1.7192039229975133
0.13277;1.7169957111806182
0.132825;1.7147593838679511
0.13288;1.7124946855865437
0.132935;1.7102013678170127
0.13299;1.7078791897253238
0.133045;1.7055279189340744
0.1331;1.7031473323348418
0.133155;1.7007372169430466
0.13321;1.698297370796931
0.133265;1.6958276039022089
0.13332;1.6933277392238022
0.133375;1.6907976137264678
0.13343;1.688237079465487
0.133485;1.6856460047292308
0.13354;1.6830242752348712
0.133595;1.6803717953787796
0.13365;1.6776884895428905
0.13370500000000002;1.6749743034583942
0.13376000000000002;1.6722292056279928
0.13381500000000002;1.6694531888077828
0.13387000000000002;1.666646271549857
0.13392500000000002;1.6638084998064588
0.13398000000000002;1.6609399485964365
0.13403500000000002;1.6580407237346184
0.13409000000000001;1.6551109636244237
0.13414500000000001;1.6521508411139048
0.1342;1.6491605654151407
0.134255;1.6461403840866295
0.13431;1.6430905850780604
0.134365;1.6400114988365067
0.13442;1.636903500472628
0.134475;1.6337670119852974
0.13453;1.6306025045424348
0.134585;1.627410500815389
0.13464;1.6241915773638589
0.134695;1.620946367067639
0.13475;1.6176755616009646
0.134805;1.6143799139445572
0.13486;1.6110602409299282
0.134915;1.6077174258096238
0.13497;1.604352420846456
0.135025;1.6009662499140065
0.13508;1.5975600110996426
0.135135;1.5941348793007233
0.13519;1.5906921088036097
0.135245;1.5872330358339897
0.1353;1.583759081066395
0.135355;1.580271752079598
0.13541;1.5767726457434688
0.135465;1.5732634505220915
0.13552;1.569745948676627
0.135575;1.5662220183506304
0.13563;1.5626936355193013
0.135685;1.5591628757831686
0.13574;1.5556319159858567
0.135795;1.5521030356345713
0.13585;1.5485786181009575
0.135905;1.5450611515793964
0.13596;1.5415532297789456
0.136015;1.5380575523245859
0.13607;1.5345769248429222
0.136125;1.5311142587072413
0.13618;1.527672570416521
0.136235;1.52425498058316
0.13629;1.5208647125043588
0.136345;1.5175050902924676
0.1364;1.5141795365404414
0.136455;1.5108915694994203
0.13651;1.5076447997467826
0.136565;1.5044429263244714
0.13662;1.5012897323293275
0.13667500000000002;1.4981890799394482
0.13673000000000002;1.4951449048629595
0.13678500000000002;1.4921612101985706
0.13684000000000002;1.4892420597005875
0.13689500000000002;1.4863915704444743
0.13695000000000002;1.483613904893213
0.13700500000000002;1.4809132623686483
0.13706000000000002;1.4782938699368517
0.13711500000000001;1.4757599727212474
0.13717000000000001;1.4733158236622859
0.137225;1.4709656727478848
0.13728;1.468713755744208
0.137335;1.4665642824619889
0.13739;1.46452142459924
0.137445;1.462589303207022
0.1375;1.4607719758300655
0.137555;1.459073423379967
0.13761;1.4574975368036445
0.137665;1.4560481036146442
0.13772;1.4547287943594416
0.137775;1.453543149095005
0.13783;1.4524945639573463
0.137885;1.4515862779035729
0.13794;1.450821359712507
0.137995;1.450202695329968
0.13805;1.4497329756457484
0.138105;1.4494146847889762
0.13816;1.4492500890274687
0.138215;1.449241226354601
0.13827;1.449389896844333
0.138325;1.4496976538509712
0.13838;1.4501657961255876
0.138435;1.4507953609152489
0.13849;1.4515871181046311
0.138545;1.4525415654524183
0.1386;1.4536589249667509
0.138655;1.454939140455618
0.13871;1.456381876278696
0.138765;1.457986517317995
0.13882;1.45975217017469
0.138875;1.461677665589755
0.13893;1.4637615620760756
0.138985;1.4660021507399703
0.13904;1.4683974612604562
0.139095;1.4709452689854812
0.13915;1.4736431030955939
0.139205;1.4764882557774688
0.13926;1.4794777923423486
0.139315;1.4826085622176457
0.13937;1.4858772107344085
0.139425;1.4892801916283172
0.13948;1.4928137801680221
0.139535;1.4964740868216826
0.13959;1.500257071370625
0.139645;1.504158557377961
0.13970000000000002;1.508174246920251
0.13975500000000002;1.512299735490919
0.13981000000000002;1.5165305269860914
0.13986500000000002;1.520862048686229
0.13992000000000002;1.5252896661501694
0.13997500000000002;1.5298086979423058
0.14003000000000002;1.5344144301184977
0.14008500000000002;1.539102130401216
0.14014000000000001;1.543867061980189
0.14019500000000001;1.5487044968810562
0.14025;1.553609728850136
0.140305;1.558578085710495
0.14036;1.5636049411505342
0.140415;1.5686857259128824
0.14047;1.5738159383580044
0.140525;1.5789911543828332
0.14058;1.5842070366812673
0.140635;1.5894593433388775
0.14069;1.5947439357599023
0.140745;1.6000567859298267
0.1408;1.6053939830217927
0.140855;1.6107517393593862
0.14091;1.6161263957529852
0.140965;1.6215144262299086
0.14102;1.6269124421827628
0.141075;1.6323171959626885
0.14113;1.6377255839473153
0.141185;1.6431346491153318
0.14124;1.648541583161162
0.141295;1.653943728185781
0.14135;1.659338577999848
0.141405;1.6647237790773841
0.14146;1.6700971311985164
0.141515;1.67545658782067
0.14157;1.680800256218073
0.141625;1.6861263974296972
0.14168;1.6914334260560506
0.141735;1.696719909945678
0.14179;1.701984569811921
0.141845;1.7072262788212091
0.1419;1.712444062194065
0.141955;1.7176370968604693
0.14201;1.7228047112117157
0.142065;1.72794638499146
0.14212;1.7330617493695426
0.142175;1.7381505872433751
0.14223;1.7432128338128463
0.142285;1.7482485774767416
0.14234;1.753258061100622
0.142395;1.7582416837089885
0.14245;1.7632000026573913
0.142505;1.7681337363443426
0.14256;1.7730437675271453
0.142615;1.7779311473109898
0.14267;1.782797099887193
0.14272500000000002;1.7876430281034104
0.14278000000000002;1.7924705199570141
0.14283500000000002;1.797281356113166
0.14289000000000002;1.8020775185597113
0.14294500000000002;1.8068612005247842
0.14300000000000002;1.8116348177978463
0.14305500000000002;1.8164010216126072
0.14311000000000001;1.821162713270692
0.14316500000000001;1.8259230607081929
0.14322000000000001;1.8306855172347123
0.143275;1.8354538427059712
0.14333;1.8402321274275102
0.143385;1.8450248191298029
0.14344;1.8498367534040152
0.143495;1.8546731880453695
0.14355;1.8595398418181108
0.143605;1.8644429382339645
0.14366;1.8693892550273234
0.143715;1.8743861801178558
0.14377;1.8794417749759325
0.143825;1.8845648464543627
0.14388;1.8897650283223175
0.143935;1.8950528739423451
0.14399;1.9004399617709222
0.144045;1.9059390156477964
0.1441;1.9115640421740843
0.144155;1.9173304878757877
0.14421;1.9232554193179074
0.144265;1.9293577298874227
0.14432;1.9356583776168925
0.144375;1.9421806591895254
0.14443;1.948950526169488
0.144485;1.9559969505567865
0.14454;1.9633523479892143
0.144595;1.9710530683196794
0.14465;1.979139964884886
0.144705;1.9876590555354707
0.14476;1.9966622903654725
0.144815;2.006208442946353
0.14487;2.0163641435244566
0.144925;2.0272050736947
0.14498;2.038817341858359
0.145035;2.051299056198886
0.14509;2.0647621051317047
0.145145;2.0793341412092308
0.1452;2.095160738444042
0.145255;2.112407647182425
0.14531;2.131262992668557
0.145365;2.151939133875298
0.14542;2.1746736879987805
0.145475;2.1997288877505166
0.14553;2.227387906824142
0.145585;2.257945972319599
0.14564;2.291692869373513
0.14569500000000002;2.3288817288239456
0.14575000000000002;2.36967676766841
0.14580500000000002;2.414070238662789
0.14586000000000002;2.4617573399521073
0.14591500000000002;2.511959941583479
0.14597000000000002;2.5632010460787273
0.14602500000000002;2.6130601184151905
0.14608000000000002;2.6579921774375883
0.14613500000000001;2.693364491616175
0.14619000000000001;2.7139104070424476
0.146245;2.714727764247746
0.1463;2.692676312891158
0.146355;2.647637146874215
0.14641;2.5829240708539785
0.146465;2.504498142288028
0.14652;2.419350309001507
0.146575;2.3338637323269436
0.14663;2.2527986356297602
0.146685;2.179038023380923
0.14674;2.1138565371497253
0.146795;2.0573931561571523
0.14685;2.0091075529317917
0.146905;1.968126546630029
0.14696;1.9334698882677461
0.147015;1.90417977965261
0.14707;1.8793850194049266
0.147125;1.8583253719898394
0.14718;1.8403539555852755
0.147235;1.8249287943829071
0.14729;1.8115999920189971
0.147345;1.7999959999053403
0.1474;1.789810683575133
0.147455;1.780791897276378
0.14751;1.7727317521472201
0.147565;1.7654585068241762
0.14762;1.7588299002557453
0.147675;1.752727714503074
0.14773;1.7470533609383405
0.147785;1.7417243051069506
0.14784;1.7366711724840784
0.147895;1.731835404002311
0.14795;1.7271673541886163
0.148005;1.7226247452435133
0.14806;1.7181714074156176
0.148115;1.7137762499057654
0.14817;1.70941241772492
0.148225;1.7050565988885973
0.14828;1.7006884534711146
0.148335;1.6962901417231149
0.14839;1.691845932969763
0.148445;1.6873418805969966
0.1485;1.682765551288614
0.148555;1.678105798955914
0.14861;1.6733525756194565
0.148665;1.6684967729601843
0.14872000000000002;1.663530089426312
0.14877500000000002;1.658444918724266
0.14883000000000002;1.6532342562820892
0.14888500000000002;1.647891620889783
0.14894000000000002;1.642410989221152
0.14899500000000002;1.636786741349511
0.14905000000000002;1.6310136157031625
0.14910500000000002;1.6250866721798194
0.14916000000000001;1.6190012623640866
0.14921500000000001;1.6127530059779585
0.14927;1.6063377728479338
0.149325;1.5997516697997203
0.14938;1.5929910319980731
0.149435;1.5860524183369853
0.14949;1.578932610560275
0.149545;1.5716286158531698
0.1496;1.5641376726972736
0.149655;1.556457259823751
0.14971;1.5485851081343305
0.149765;1.540519215488214
0.14982;1.5322578642754747
0.149875;1.5237996417146686
0.14993;1.5151434628250142
0.149985;1.506288596030857
0.15004;1.4972346913598622
0.150095;1.4879818111949064
0.15015;1.4785304635348535
0.150205;1.468881637709289
0.15026;1.4590368424778277
0.150315;1.4489981464265964
0.15037;1.4387682205498546
0.150425;1.4283503828769644
0.15048;1.4177486449708634
0.150535;1.4069677600852373
0.15059;1.396013272724127
0.150645;1.3848915692973176
0.1507;1.3736099295109165
0.150755;1.3621765780725577
0.15081;1.3506007362265409
0.150865;1.3388926725651873
0.15092;1.3270637524916742
0.150975;1.3151264856338467
0.15103;1.3030945704343089
0.151085;1.2909829350652249
0.15114;1.2788077737432757
0.151195;1.266586577451195
0.15125;1.2543381580085684
0.151305;1.242082664382028
0.15136;1.229841590082551
0.151415;1.21763777047339
0.15147;1.2054953688043883
0.151525;1.1934398498051226
0.15158;1.1814979397113883
0.151635;1.1696975716712248
0.15169000000000002;1.158067815580687
0.15174500000000002;1.14663879153943
0.15180000000000002;1.1354415662912944
0.15185500000000002;1.124508032230315
0.15191000000000002;1.1138707688027478
0.15196500000000002;1.1035628864246654
0.15202000000000002;1.093617853354093
0.15207500000000002;1.0840693063064188
0.15213000000000002;1.074950845972755
0.15218500000000001;1.0662958189858067
0.15224000000000001;1.0581370882677925
0.152295;1.050506794077714
0.15235;1.0434361084392616
0.152405;1.0369549859639473
0.15246;1.0310919143707626
0.152515;1.0258736682344882
0.15257;1.0213250696543652
0.152625;1.0174687596154677
0.15268;1.0143249838066555
0.152735;1.0119113965563964
0.15279;1.010242886349836
0.152845;1.0093314260962192
0.1529;1.0091859509320857
0.152955;1.0098122658799258
0.15301;1.0112129851463934
0.153065;1.0133875042544058
0.15312;1.0163320055755343
0.153175;1.0200394971841602
0.15323;1.024499884310722
0.153285;1.0297000720499452
0.15334;1.0356240973984459
0.153395;1.0422532881730162
0.15345;1.0495664459100933
0.153505;1.0575400494796543
0.15356;1.066148475872171
0.153615;1.0753642344382355
0.15367;1.0851582107781645
0.153725;1.0954999164908947
0.15378;1.1063577410904182
0.153835;1.117699202576631
0.15389;1.1294911933936658
0.153945;1.1417002188107064
0.154;1.154292625105268
0.154055;1.167234815303058
0.15411;1.1804934506189408
0.154165;1.1940356361382694
0.15422;1.207829089665656
0.154275;1.2218422930408055
0.15433;1.2360446255681128
0.154385;1.2504064795251886
0.15444;1.2648993579982737
0.154495;1.279495955539413
0.15455;1.2941702223473548
0.154605;1.3088974128433912
0.15466;1.323654119645645
0.15471500000000002;1.338418294042138
0.15477000000000002;1.3531692541259668
0.15482500000000002;1.3678876817925294
0.15488000000000002;1.382555609805555
0.15493500000000002;1.397156400127057
0.15499000000000002;1.4116747146734452
0.15504500000000002;1.4260964796126914
0.15510000000000002;1.4404088442590552
0.15515500000000002;1.4546001355534184
0.15521000000000001;1.4686598090438185
0.15526500000000001;1.4825783972028197
0.15532;1.496347455839213
0.155375;1.5099595092827538
0.15543;1.523407994942636
0.155485;1.536687207766435
0.15554;1.549792245054174
0.155595;1.5627189520160203
0.15565;1.575463868399919
0.155705;1.588024176457626
0.15576;1.6003976504662136
0.155815;1.6125826079745984
0.15587;1.6245778629024556
0.155925;1.6363826805821833
0.15598;1.6479967348006603
0.156035;1.6594200668700114
0.15609;1.6706530467316965
0.156145;1.6816963360767747
0.1562;1.6925508534484834
0.156255;1.7032177412775893
0.15631;1.7136983347902153
0.156365;1.723994132717077
0.15642;1.7341067697266084
0.156475;1.7440379904983014
0.15653;1.7537896253489043
0.156585;1.7633635673216956
0.15664;1.7727617506474662
0.156695;1.7819861304857798
0.15675;1.7910386638561402
0.156805;1.799921291669777
0.15686;1.8086359217756869
0.156915;1.8171844129378627
0.15697;1.8255685596651294
0.157025;1.8337900778215868
0.15708;1.8418505909541476
0.157135;1.849751617288068
0.15719;1.8574945573652417
0.157245;1.8650806823453856
0.1573;1.8725111230883844
0.157355;1.8797868603733137
0.15741;1.8869087172876458
0.157465;1.8938773572124707
0.15752;1.9006933027416208
0.157575;1.9073571208155076
0.15763;1.9192228100923596
0.157685;1.924228703743828
0.15774000000000002;1.9293628600630803
0.15779500000000002;1.9344730015154914
0.15785000000000002;1.9395093041263614
0.15790500000000002;1.9444475604607467
0.15796000000000002;1.9492733813934786
0.15801500000000002;1.9539769507360303
0.15807000000000002;1.9585508163981737
0.15812500000000002;1.9629888102966173
0.15818000000000002;1.9672854616615885
0.15823500000000001;1.9714356520466794
0.15829000000000001;1.9754343993164372
0.158345;1.9792767152662865
0.1584;1.9829575076954595
0.158455;1.986471510659676
0.15851;1.9898132334204113
0.158565;1.9929769223782359
0.15862;1.9959565324747177
0.158675;1.9987457058836322
0.15873;2.001337756659677
0.158785;2.003725660573535
0.15884;2.0059020497491566
0.158895;2.0078592119995142
0.15895;2.009589094971084
0.159005;2.01108331537733
0.15906;2.012333173746071
0.159115;2.01332967523007
0.15917;2.0140635571439334
0.159225;2.014525323994011
0.15928;2.0147052908636462
0.159335;2.0145936361032746
0.15939;2.014180464352319
0.159445;2.0134558809833796
0.1595;2.0124100791065476
0.159555;2.01103344029585
0.15961;2.009316650195092
0.159665;2.007250830118276
0.15972;2.0048276856713323
0.159775;2.002039673276556
0.15983;1.9988801852670333
0.159885;1.9953437539239876
0.15994;1.9914262744417133
0.159995;1.9871252463119138
0.16005;1.9824400320096418
0.160105;1.9773721311300563
0.16016;1.9719254672633804
0.160215;1.96610668390839
0.16027;1.9599254446209413
0.160325;1.9533947313936497
0.16038;1.9465311339999887
0.160435;1.9393551217537177
0.16049;1.931891287898419
0.160545;1.9241685557271897
0.1606;1.9162203346329933
0.160655;1.908084613711528
0.16071000000000002;1.8998039803922555
0.16076500000000002;1.8914255519726915
0.16082000000000002;1.8830008089805326
0.16087500000000002;1.8745853210675085
0.16093000000000002;1.8662383586996358
0.16098500000000002;1.8580223872482051
0.16104000000000002;1.8500024441484533
0.16109500000000002;1.8422454044528052
0.16115000000000002;1.8348191451657325
0.16120500000000001;1.8277916239471546
0.16126000000000001;1.821229892794994
0.16131500000000001;1.8151990718151139
0.16137;1.809761311808112
0.161425;1.8049747768187485
0.16148;1.8008926787488628
0.161535;1.7975623954570548
0.16159;1.7950247014156393
0.161645;1.7933131360475065
0.1617;1.7924535295394717
0.161755;1.7924636995513825
0.16181;1.793353325223439
0.161865;1.795123997687844
0.16192;1.7977694393739811
0.161975;1.8012758781798515
0.16203;1.805622557411693
0.162085;1.8107823585100784
0.16214;1.8167225111131151
0.162195;1.8234053639681693
0.16225;1.830789190503466
0.162305;1.8388290043365498
0.16236;1.8474773623977117
0.162415;1.8566851364244528
0.16247;1.8664022370706512
0.162525;1.8765782785260579
0.16258;1.8871631751404145
0.162635;1.898107664919498
0.16269;1.9093637577811708
0.162745;1.9208851090462762
0.1628;1.9326273207536073
0.162855;1.9445481750231959
0.16291;1.9566078048741724
0.162965;1.968768808670056
0.16302;1.9809963147734146
0.163075;1.993258003100628
0.16313;2.005524090137785
0.163185;2.01776728366855
0.16324;2.0299627130257933
0.163295;2.0420878401563836
0.16335;2.054122356221679
0.163405;2.0660480678743496
0.16346;2.077848776778967
0.163515;2.089510155397641
0.16357;2.101019621551952
0.163625;2.11236621380983
0.16368;2.12354046933066
0.16373500000000002;2.134534305437156
0.16379000000000002;2.1453409058667745
0.16384500000000002;2.1559546123861244
0.16390000000000002;2.166370822224875
0.16395500000000002;2.176585891598585
0.16401000000000002;2.1865970454368124
0.16406500000000002;2.1964022933105434
0.16412000000000002;2.2060003514571447
0.16417500000000002;2.2153905707280668
0.16423000000000001;2.2245728702295264
0.16428500000000001;2.233547676388849
0.16434;2.2423158671531733
0.164395;2.2508787210127794
0.16445;2.2592378705352383
0.164505;2.26739526009651
0.16456;2.2753531075009614
0.164615;2.2831138691918254
0.16467;2.290680208765469
0.164725;2.298054968517083
0.16478;2.305241143760906
0.164835;2.3122418596838954
0.16489;2.3190603505082894
0.164945;2.325699940754267
