1e-20;1.895214150261117e-15
5.500000000000001e-05;2.0639167730319995e-15
0.00011000000000000002;2.2479727927027187e-15
0.000165;2.4487975695170936e-15
0.00022;2.6679363969064516e-15
0.000275;2.9070759657519334e-15
0.00033;3.1680567132054967e-15
0.00038500000000000003;3.45288609345277e-15
0.00044;3.763752801091953e-15
0.000495;4.103041968247658e-15
0.00055;4.4733513433962455e-15
0.0006050000000000001;4.877508442174992e-15
0.00066;5.318588637179607e-15
0.000715;5.79993412331107e-15
0.0007700000000000001;6.325173656175799e-15
0.000825;6.8982429109755465e-15
0.00088;7.523405245865419e-15
0.0009350000000000001;8.205272573597647e-15
0.00099;8.948825944593184e-15
0.0010450000000000001;9.759435318390138e-15
0.0011;1.0642877843110872e-14
0.001155;1.1605353766429656e-14
0.0012100000000000001;1.2653498858197965e-14
0.001265;1.3794391922594565e-14
0.00132;1.5035555603737317e-14
0.0013750000000000001;1.6384948225552433e-14
0.00143;1.785094383458232e-14
0.001485;1.94422969072639e-14
0.0015400000000000001;2.1168087310009992e-14
0.001595;2.3037640022267544e-14
0.00165;2.5060412801783792e-14
0.0017050000000000001;2.7245843327527457e-14
0.00176;2.960314532613641e-14
0.001815;3.214104067959909e-14
0.0018700000000000001;3.4867411411964205e-14
0.001925;3.778885161815206e-14
0.00198;4.0910094650969623e-14
0.002035;4.423328500125184e-14
0.0020900000000000003;4.775705701211168e-14
0.002145;5.147537351134502e-14
0.0022;5.537606618732366e-14
0.002255;5.943900551638641e-14
0.00231;6.363381057261913e-14
0.002365;6.791698722044045e-14
0.0024200000000000003;7.222835587096543e-14
0.002475;7.648659571617449e-14
0.00253;8.058368926440117e-14
0.002585;8.4377996641682e-14
0.00264;8.768562027436624e-14
0.002695;9.026963289192112e-14
0.0027500000000000003;9.18266292348844e-14
0.002805;9.196991546766381e-14
0.00286;9.020845542555066e-14
0.002915;8.59204212424734e-14
0.00297;7.831977907076026e-14
0.003025;6.641355487632365e-14
0.0030800000000000003;4.8945215177719147e-14
0.003135;2.4307044466813778e-14
0.00319;9.496610862754442e-09
0.003245;5.027576104365199e-08
0.0033;9.845614527391247e-08
0.003355;1.55226631000259e-07
0.0034100000000000003;2.2197548198517182e-07
0.003465;3.003275883631642e-07
0.00352;3.921891942270686e-07
0.003575;4.998020917066137e-07
0.00363;6.258095867313949e-07
0.0036850000000000003;7.733371464281267e-07
0.0037400000000000003;9.460914449660755e-07
0.003795;1.148482589114272e-06
0.00385;1.3857757150826774e-06
0.003905;1.6642800296668902e-06
0.00396;1.991585898017136e-06
0.004015;2.3768640088667963e-06
0.00407;2.8312453366311075e-06
0.004125;3.368307092034096e-06
0.0041800000000000006;4.0046988773159314e-06
0.004235;4.760955980633083e-06
0.00429;5.662564875594467e-06
0.004345;6.741372160199793e-06
0.0044;8.037466440500776e-06
0.004455;9.601719441860692e-06
0.00451;1.1499258177860612e-05
0.0045650000000000005;1.3814271086261767e-05
0.00462;1.6656755601561772e-05
0.004675;2.0172140332561556e-05
0.00473;2.4555245142806195e-05
0.004785;3.0070926566526143e-05
0.0048400000000000006;3.708527092047368e-05
0.004895;4.6113872800800536e-05
0.00495;5.789862442355204e-05
0.005005;7.353372159748911e-05
0.00506;9.468000584484638e-05
0.005115;0.0001239452063472603
0.00517;0.00016559283810704822
0.0052250000000000005;0.00022694515809017717
0.00528;0.00032137077860843637
0.005335;0.0004752614747260672
0.00539;0.0007464034228289343
0.005445;0.001280967209821066
0.0055000000000000005;0.0025382960854123874
0.005555;0.006610894695593604
0.00561;0.0357084799648887
0.005665;0.33656802284314746
0.00572;0.017281874893894593
0.005775000000000001;0.005652406562370112
0.00583;0.0028854485633612675
0.0058850000000000005;0.001801211885560331
0.00594;0.0012613425677476889
0.005995;0.0009515207648518538
0.00605;0.0007562010359272126
0.006105;0.0006245857403175504
0.0061600000000000005;0.0005314031466509506
0.006215;0.000462883242920755
0.00627;0.00041097991557605086
0.006325;0.0003707236828410415
0.00638;0.0003389038469924326
0.006435000000000001;0.0003133671673994925
0.00649;0.0002926235509677062
0.0065450000000000005;0.0002756139074344159
0.0066;0.00026156801332998095
0.006655;0.0002499144963246321
0.00671;0.00024022212640832923
0.006765;0.00023216052361580867
0.0068200000000000005;0.00022547325264674986
0.006875;0.00021995902052067371
0.00693;0.00021545829530701682
0.006985;0.00021184362577949845
0.00704;0.00020901253443023258
0.007095000000000001;0.00020688222999525505
0.00715;0.00020538562636764356
0.0072050000000000005;0.00020446831286067193
0.00726;0.0002040862264518498
0.007315;0.00020420384843118877
0.007370000000000001;0.0002047927973930759
0.007425;0.00020583072514386976
0.0074800000000000005;0.00020730044663799292
0.007535;0.00020918925265888874
0.00759;0.00021148836673509408
0.007645;0.00021419251715369328
0.0077;0.00021729960188244125
0.007755000000000001;0.00022081042941824502
0.00781;0.00022472852252054337
0.007865;0.00022905997480284694
0.00792;0.00023381335248741063
0.007975;0.0002389996354529723
0.00803;0.0002446321931531475
0.008085;0.0002507267921484158
0.00814;0.0002573016329504254
0.008195000000000001;0.00026437741467600696
0.00825;0.0002719774266935469
0.008305;0.0002801276670470362
0.008360000000000001;0.0002888569879906983
0.008415;0.0002981972694795682
0.00847;0.0003081836219584044
0.008525;0.00031885462028666587
0.00858;0.0003302525711480169
0.008635;0.0003424238168299859
0.00869;0.0003554190788397673
0.008745000000000001;0.0003692938454569234
0.0088;0.0003841088080323051
0.008855;0.00039993035163768495
0.00891;0.0004168311065758608
0.008965;0.00043489056829515844
0.00902;0.0004541957944445788
0.009075;0.000474842189184675
0.009130000000000001;0.0004969343864712042
0.009185;0.0005205872458987725
0.00924;0.0005459269768815374
0.009295000000000001;0.000573092409517658
0.00935;0.0006022364335158887
0.009405;0.0006335276301425811
0.00946;0.0006671521263921399
0.009515000000000001;0.0007033157056332408
0.00957;0.0007422462149998101
0.009625;0.0007841963170012099
0.009680000000000001;0.0008294466414660003
0.009735;0.0008783094043423432
0.00979;0.0009311325724514514
0.009845;0.0009883046685308736
0.0099;0.0010502603294483628
0.009955;0.0011174867531182644
0.01001;0.0011905311974073766
0.010065000000000001;0.0012700097284966514
0.01012;0.0013566174583920293
0.010175;0.0014511405637170553
0.01023;0.001554470443288339
0.010285;0.0016676204538979295
0.01034;0.0017917457668510679
0.010395;0.001928167018342294
0.010450000000000001;0.00207839859282674
0.010505;0.0022441825910657787
0.01056;0.0024275298080719283
0.010615000000000001;0.0026307694004969193
0.01067;0.0028566093848744045
0.010725;0.003108210714448553
0.01078;0.0033892784838820108
0.010835000000000001;0.0037041748790401126
0.01089;0.00405805992314487
0.010945;0.004457068012885182
0.011000000000000001;0.004908530892365108
0.011055;0.0054212613746911385
0.01111;0.006005917224188851
0.011165;0.006675471800749061
0.01122;0.007445828309531743
0.011275;0.008336629269805574
0.01133;0.009372334395981273
0.011385000000000001;0.010583672050781215
0.01144;0.012009617491085535
0.011495;0.013700124539145417
0.011550000000000001;0.015719951367721228
0.011605;0.018154101540391914
0.01166;0.021115692553262497
0.011715;0.02475754356347623
0.011770000000000001;0.029289581128625813
0.011825;0.0350055521972065
0.01188;0.04232498586955978
0.011935000000000001;0.05186077164718931
0.01199;0.06453087640981121
0.012045;0.08174794514700683
0.0121;0.10574879529553431
0.012155000000000001;0.14017544288012157
0.01221;0.19108798209843472
0.012265;0.26857626053419426
0.012320000000000001;0.3883815408548487
0.012375;0.5684245457398417
0.01243;0.8002064097341021
0.012485000000000001;0.9801394751720073
0.01254;0.9556585281052016
0.012595;0.7664827224722315
0.01265;0.5640859107428468
0.012705000000000001;0.41158804641452484
0.01276;0.30720814490602255
0.012815;0.23638795340818652
0.012870000000000001;0.18735990359180105
0.012925;0.15245837799763493
0.01298;0.12690456701645458
0.013035;0.10770468712102915
0.013090000000000001;0.09294342039651343
0.013145;0.08136349363976782
0.0132;0.07211779129855518
0.013255000000000001;0.06462124706355311
0.01331;0.05846044299682429
0.013365;0.053337103501901045
0.01342;0.04903192394007356
0.013475;0.04538088128880952
0.01353;0.04225938345954843
0.013585;0.0395714503050533
0.013640000000000001;0.037242191956239075
0.013695;0.035212490086736215
0.01375;0.03343517762761294
0.013805000000000001;0.03187225488704403
0.01386;0.030492833683337498
0.013915;0.029271600266031903
0.01397;0.028187652899136557
0.014025000000000001;0.027223613403613726
0.01408;0.026364941356813873
0.014135;0.025599399833676303
0.014190000000000001;0.024916635618724047
0.014245;0.024307846709608488
0.0143;0.023765516980938033
0.014355;0.02328320295401778
0.014410000000000001;0.022855361312709772
0.014465;0.022477208520437438
0.01452;0.02214460590651709
0.014575000000000001;0.02185396509573232
0.01463;0.021602169790520216
0.014685;0.021386510778102476
0.014740000000000001;0.021204631695442875
0.014795;0.02105448359425704
0.01485;0.020934286743514753
0.014905;0.020842498415610537
0.014960000000000001;0.02077778564494815
0.015015;0.020739002139441902
0.01507;0.02072516867785333
0.015125000000000001;0.02073545644771146
0.01518;0.020769172876510582
0.015235;0.02082574958813813
0.01529;0.020904732181216853
0.015345000000000001;0.021005771580147752
0.0154;0.02112861675819113
0.015455;0.021273108688459014
0.015510000000000001;0.021439175507268055
0.015565;0.0216268295622659
0.01562;0.02183617575134307
0.015675;0.022070643821236347
0.01573;0.0223206065425436
0.015785;0.02259620599612202
0.01584;0.022894622561332876
0.015895;0.02321628624065311
0.01595;0.02356172612498008
0.016005000000000002;0.023931547209348925
0.01606;0.024326429620826175
0.016115;0.024747129899096547
0.01617;0.025194482984020973
0.016225;0.025669404709890875
0.01628;0.02617289476611712
0.016335000000000002;0.026706040119957777
0.016390000000000002;0.02727001890922224
0.016445;0.02786610481940897
0.0165;0.02849567196458896
0.016555;0.029160200295605024
0.01661;0.029861281563298116
0.016665;0.030600625868671422
0.016720000000000002;0.03138006883604528
0.016775;0.03220157944978168
0.01683;0.03306726859959351
0.016885;0.033979398384404426
0.01694;0.03494039222969909
0.016995;0.03595284587867346
0.01705;0.03701953932312571
0.017105000000000002;0.038143449746027056
0.01716;0.03932776555394087
0.017215;0.04057590158412513
0.01727;0.04189151557805563
0.017325;0.04327852602041174
0.01738;0.04474113145006784
0.017435;0.046283831357393106
0.017490000000000002;0.047911448790091814
0.017545;0.049629154797804276
0.0176;0.05144249485349678
0.017655;0.05335741739739588
0.01771;0.05538030465605372
0.017765;0.05751800589566741
0.01782;0.05977787327341242
0.017875000000000002;0.06216780045394674
0.01793;0.06469626415878706
0.017985;0.06737236881380221
0.01804;0.07020589445318683
0.018095;0.07320734802564734
0.01815;0.07638801822907308
0.018205;0.07976003397094082
0.018260000000000002;0.083336426511461
0.018315;0.08713119529168775
0.01837;0.09115937737585762
0.018425;0.0954371203423634
0.01848;0.09998175833540798
0.018535;0.10481189083331995
0.018590000000000002;0.10994746349349527
0.018645000000000002;0.1154098501878258
0.0187;0.12122193503867734
0.018755;0.12740819289039285
0.01881;0.13399476619399292
0.018865;0.14100953572813707
0.01892;0.1484821819123115
0.018975000000000002;0.15644423267288213
0.019030000000000002;0.1649290928822484
0.019085;0.1739720492919096
0.01914;0.18361024360975384
0.019195;0.1938826049233112
0.01925;0.20482973104953658
0.019305;0.21649370661204473
0.019360000000000002;0.22891784375107188
0.019415;0.2421463294233454
0.01947;0.25622376135715297
0.019525;0.2711945530488687
0.01958;0.28710218694348066
0.019635;0.3039882944293377
0.01969;0.321891541887857
0.019745000000000002;0.3408463042495053
0.0198;0.36088111189662403
0.019855;0.3820168639618683
0.01991;0.40426481177398355
0.019965;0.42762433102378805
0.02002;0.45208052062031784
0.020075;0.4776016903045653
0.020130000000000002;0.5041368274824966
0.020185;0.5316131652375602
0.02024;0.5599340059233096
0.020295;0.5889769847583756
0.02035;0.6185929809527854
0.020405;0.6486058945937859
0.02046;0.6788134999359712
0.020515000000000002;0.7089895544728716
0.02057;0.7388872845614611
0.020625;0.7682442818910079
0.02068;0.796788734585585
0.020735;0.8242467911323139
0.02079;0.8503507284186396
0.020845000000000002;0.8748474840688042
0.020900000000000002;0.8975070358239954
0.020955;0.9181300819648027
0.02101;0.9365545055662555
0.021065;0.9526601918092131
0.02112;0.9663719022735674
0.021175;0.9776600756525288
0.021230000000000002;0.9865395983634259
0.021285000000000002;0.9930667482999647
0.02134;0.9973346414145923
0.021395;0.9994675917237404
0.02145;0.9996148266746976
0.021505;0.9979439852611312
0.02156;0.9946347752326974
0.021615000000000002;0.9898730907180155
0.021670000000000002;0.9838458055301529
0.021725;0.9767363716958644
0.02178;0.9687212758292912
0.021835;0.9599673430663115
0.02189;0.9506298315627985
0.021945;0.9408512298104653
0.022000000000000002;0.9307606523944982
0.022055;0.9204737245994943
0.02211;0.9100928494973699
0.022165;0.8997077600201218
0.02222;0.8893962706433428
0.022275;0.8792251568044709
0.02233;0.8692511036990275
0.022385000000000002;0.8595216787407274
0.02244;0.8500762932167576
0.022495;0.8409471282807888
0.02255;0.8321600083670443
0.022605;0.8237352114659586
0.02266;0.8156882106441447
0.022715;0.8080303449104427
0.022770000000000002;0.8007694202360666
0.022825;0.7939102434179516
0.02288;0.7874550927089795
0.022935;0.78140412987347
0.02299;0.7757557586887714
0.023045;0.7705069350036751
0.023100000000000002;0.7656534333648749
0.023155000000000002;0.7611900749940407
0.02321;0.7571109215909637
0.023265;0.7534094390853404
0.02332;0.7500786350900094
0.023375;0.7471111734368484
0.02343;0.7444994688183105
0.023485000000000002;0.7422357642189784
0.023540000000000002;0.7403121935075652
0.023595;0.7387208312732989
0.02365;0.7374537317317753
0.023705;0.7365029582938826
0.02376;0.7358606051861645
0.023815;0.7355188123301195
0.023870000000000002;0.73546977452975
0.023925000000000002;0.7357057458794883
0.02398;0.7362190401862114
0.024035;0.7370020280985712
0.02409;0.7380471315531913
0.024145;0.7393468160822462
0.0242;0.7408935814846623
0.024255000000000002;0.7426799513587173
0.024310000000000002;0.7446984620706841
0.024365;0.7469416520219873
0.02442;0.7494020530211722
0.024475;0.752072188926616
0.02453;0.7549446011075958
0.024585;0.7580120031444209
0.024640000000000002;0.7612684711445404
0.024695;0.7647446085087553
0.02475;0.7683344101235016
0.024805;0.7720716820987692
0.02486;0.7759914143066704
0.024915;0.7800602483396019
0.024970000000000003;0.7842684376852317
0.025025000000000002;0.7886073134826685
0.02508;0.7930682875233711
0.025135;0.7976427035737199
0.02519;0.8023218036705045
0.025245;0.8070967207441473
0.0253;0.8119584801972878
0.025355000000000003;0.8168980059315243
0.025410000000000002;0.8219061294076806
0.025465;0.8269736012221253
0.02552;0.8320911049719804
0.025575;0.837249273279717
0.02563;0.8424387058742805
0.025685;0.8476499896242825
0.025740000000000002;0.8528737204058952
0.025795000000000002;0.8581005266688059
0.02585;0.8633210945426212
0.025905;0.8685261943045819
0.02596;0.8737067080075976
0.026015;0.878853658047617
0.02607;0.8839582364311896
0.026125000000000002;0.8890118344871694
0.026180000000000002;0.8940060727538772
0.026235;0.8989328307620192
0.02629;0.903784276427429
0.026345;0.908552894764437
0.0264;0.913231515631603
0.026455;0.917813340226827
0.026510000000000002;0.9222919660578845
0.026565000000000002;0.9266614101280329
0.02662;0.930916130093276
0.026675;0.9350510431690658
0.02673;0.9390615425887059
0.026785;0.9429435114426178
0.02684;0.9466933337580364
0.026895000000000002;0.9503079027099753
0.02695;0.9537846258878973
0.027005;0.9571214275764061
0.02706;0.9603167480422783
0.027115;0.9633695398542019
0.02717;0.9662792612941556
0.027225000000000003;0.9690458669506108
0.027280000000000002;0.9716697956129117
0.027335;0.9741519556129777
0.02739;0.9764937077843359
0.027445;0.9786968462298637
0.0275;0.9807635771073301
0.027555;0.9826964956579388
0.027610000000000003;0.9844985617160444
0.027665000000000002;0.9861730739520755
0.02772;0.9877236431167884
0.027775;0.9891541645825871
0.02783;0.9904687905357122
0.027885;0.9916719023142836
0.02794;0.9927680837773333
0.027995000000000003;0.9937620978484265
0.028050000000000002;0.9946588735338712
0.028105;0.9954635433462861
0.02816;0.99358466469229
0.028215;0.9911656730136751
0.02827;0.9902601202749671
0.028325;0.9897446975187554
0.028380000000000002;0.9894455633752752
0.028435000000000002;0.9892898443764596
0.02849;0.9892377354266387
0.028545;0.9892642442915027
0.0286;0.9893522484336109
0.028655;0.9894892926547075
0.02871;0.9896659133755985
0.028765000000000002;0.9898746792008238
0.028820000000000002;0.9901096030916828
0.028875;0.9903657626184054
0.02893;0.9906390439422071
0.028985;0.9909259630376623
0.02904;0.9912235371118923
0.029095;0.991529189766461
0.029150000000000002;0.9918406795045762
0.029205000000000002;0.9921560447961266
0.02926;0.9924735611433332
0.029315;0.9927917070110317
0.02937;0.9931091364161262
0.029425;0.9934246565950945
0.029480000000000003;0.9937372095962684
0.029535000000000002;0.9940458569424635
0.02959;0.9943497667222104
0.029645;0.9946482026211915
0.0297;0.9949405145179798
0.029755;0.9952261303515783
0.02981;0.9955045490308139
0.029865000000000003;0.9957753342032043
0.029920000000000002;0.9960381087371231
0.029975;0.9962925497990665
0.03003;0.9965383844293726
0.030085;0.9967753855364154
0.03014;0.9970033682418485
0.030195;0.9972221865188736
0.030250000000000003;0.9974317300717208
0.030305000000000002;0.9976319214078486
0.03036;0.997822713054155
0.030415;0.9980040848637558
0.03047;0.9981760413486461
0.030525;0.9983386089516624
0.03058;0.9984918331312108
0.030635000000000003;0.9986357750596719
0.030690000000000002;0.9987705076016294
0.030745;0.998896109979249
0.0308;0.9990126600103016
0.030855;0.9991202216888526
0.03091;0.9992188233139125
0.030965;0.9993084149221394
0.031020000000000002;0.9993887756085871
0.031075000000000002;0.9994592818716134
0.03113;0.9995182088639688
0.031185;0.9995599171335431
0.03124;0.9995553444970976
0.031295;0.9983080332987158
0.03135;0.999828362181661
0.031405;0.9998348144699197
0.03146;0.9998468933055923
0.031515;0.9998592378315106
0.03157;0.9998685585108116
0.031625;0.999873705664356
0.03168;0.9998742797945619
0.031735;0.9998701869885326
0.03179;0.9998614748013591
0.031845;0.9998482626032499
0.0319;0.9998307085400839
0.031955000000000004;0.9998089923929898
0.032010000000000004;0.9997833059992662
0.032065;0.9997538475463859
0.03212;0.999720817977121
0.032175;0.9996844186083996
0.03223;0.9996448494817082
0.032285;0.9996023081736394
0.03234;0.9995569889075417
0.032395;0.9995090818697804
0.03245;0.9994587726700639
0.032505;0.9994062419068137
0.03256;0.9993516648116441
0.032615;0.9992952109553204
0.032670000000000005;0.9992370440028706
0.032725000000000004;0.9991773215090392
0.032780000000000004;0.999116194747551
0.032835;0.9990538085693396
0.03289;0.9989903012859653
0.032945;0.9989258045751483
0.033;0.998860443405956
0.033055;0.9987943359818431
0.03311;0.9987275936992861
0.033165;0.998660321120995
0.03322;0.9985926159619721
0.033275;0.9985245690873168
0.03333;0.9984562645205411
0.033385;0.998387779461324
0.033440000000000004;0.9983191843117091
0.033495000000000004;0.9982505427096255
0.03355;0.9981819115689208
0.033605;0.9981133411248485
0.03366;0.9980448749841129
0.033715;0.9979765501786824
0.03377;0.9979083972222321
0.033825;0.997840440168595
0.03388;0.9977726966711489
0.033935;0.9977051780423304
0.03399;0.9976378893123976
0.034045;0.9975708292864979
0.0341;0.9975039905992031
0.034155;0.9974373597655468
0.034210000000000004;0.997370917227708
0.034265000000000004;0.9973046373963343
0.03432;0.9972384886856196
0.034375;0.9971724335411289
0.03443;0.9971064284593918
0.034485;0.9970404239982334
0.03454;0.9969743647768086
0.034595;0.9969081894642499
0.03465;0.9968418307558462
0.034705;0.9967752153355082
0.03476;0.9967082638234525
0.034815;0.9966408907077304
0.03487;0.9965730042583677
0.034925000000000005;0.996504506422746
0.034980000000000004;0.9964352927007648
0.035035000000000004;0.9963652519983225
0.03509;0.9962942664575081
0.035145;0.9962222112618472
0.0352;0.996148954414858
0.035255;0.996074356490013
0.03531;0.9959982703501723
0.035365;0.9959205408343743
0.03542;0.9958410044097213
0.035475;0.9957594887860135
0.03553;0.9956758124905766
0.035585;0.9955897844005287
0.03564;0.9955012032296408
0.035695000000000005;0.9954098569665972
0.035750000000000004;0.9953155222613369
0.035805000000000003;0.9952179637558907
0.03586;0.995116933355786
0.035915;0.9950121694379032
0.03597;0.9949033959902294
0.036025;0.9947903216786739
0.03608;0.9946726388357146
0.036135;0.9945500223651457
0.03619;0.9944221285568534
0.036245;0.9942885938048711
0.0363;0.994149033221611
0.036355;0.9940030391401226
0.03641;0.9938501794975834
0.036465000000000004;0.9936899960857657
0.036520000000000004;0.9935220026668441
0.036575;0.9933456829351834
0.03663;0.9931604883183112
0.036685;0.9929658356024169
0.03674;0.9927611043685126
0.036795;0.9925456342238381
0.03685;0.9923187218117527
0.036905;0.9920796175817134
0.03696;0.9918275222993359
0.037015;0.9915615832746068
0.03707;0.9912808902843062
0.037125;0.9909844711623891
0.037180000000000005;0.990671287029669
0.037235000000000004;0.9903402271313225
0.037290000000000004;0.9899901032478418
0.037345;0.9896196436416381
0.0374;0.9892274864979632
0.037455;0.9888121728148066
0.03751;0.9883721386919473
0.037565;0.9879057069646878
0.03762;0.9874110781223873
0.037675;0.9868863204461851
0.03773;0.986329359294013
0.037785;0.9857379654541358
0.03784;0.9851097424810128
0.037895;0.9844421129193311
0.037950000000000005;0.9837323033134961
0.038005000000000004;0.9829773278910041
0.038060000000000004;0.9821739707989067
0.038115;0.981318766763505
0.03817;0.980407980035036
0.038225;0.9794375814723943
0.03828;0.9784032236195697
0.038335;0.9773002136284209
0.03839;0.9761234838967832
0.038445;0.9748675603256872
0.0385;0.9735265281712243
0.038555;0.9720939956065626
0.03861;0.9705630553776723
0.038665;0.968926245455026
0.038720000000000004;0.9671755106100837
0.038775000000000004;0.9653021689529262
0.03883;0.9632968920165698
0.038885;0.9611497174003005
0.03894;0.9588501388104722
0.038995;0.9563873886621284
0.03905;0.9537512445493441
0.039105;0.9509344695742943
0.03916;0.9479414928287475
0.039215;0.9448298634876104
0.03927;0.9420637935878956
0.039325;0.9664313081764087
0.03938;0.9360730453735057
0.039435000000000005;0.9292466847020316
0.039490000000000004;0.924170761008884
0.039545000000000004;0.9189551174394809
0.0396;0.9134003984660933
0.039655;0.9074357130582429
0.03971;0.901012493208945
0.039765;0.8940862737211913
0.03982;0.8866118838806593
0.039875;0.8785417471375825
0.03993;0.8698251179597334
0.039985;0.8604076700175409
0.04004;0.8502312543058202
0.040095;0.839233772079651
0.04015;0.8273491550986459
0.040205000000000005;0.8145074681328592
0.040260000000000004;0.8006351625847482
0.040315000000000004;0.7856555211467577
0.04037;0.7694893437043862
0.040425;0.7520559347965875
0.04048;0.7332744626825045
0.040535;0.7130657686529632
0.04059;0.6913547112952443
0.040645;0.6680731318814707
0.0407;0.643163521038718
0.040755;0.6165834496377136
0.04081;0.5883107939267995
0.040865;0.5583497314082386
0.04092;0.5267374051492236
0.040975000000000004;0.4935510469642536
0.041030000000000004;0.45891521431712984
0.041085;0.42300863764716407
0.04114;0.3860700081455908
0.041195;0.3484018851200345
0.04125;0.3103718021059469
0.041305;0.2724096449541199
0.04136;0.23500050731469416
0.041415;0.19867253216572223
0.04147;0.16397972880167727
0.041525;0.131480378665689
0.04158;0.10171232832536772
0.041635;0.07516709031343985
0.041690000000000005;0.052265091753560235
0.041745000000000004;0.03333450604479332
0.041800000000000004;0.01859581381428624
0.041855;0.0081535921218082
0.04191;0.0019961394370477032
0.041965;2.5814315288920646e-06
0.04202;0.0019562534404913533
0.042075;0.007562564899856581
0.04213;0.016469291698919926
0.042185;0.02828730623072263
0.04224;0.04261007015361559
0.042295;0.059030676587622684
0.04235;0.07715573047206772
0.042405;0.09661581383153156
0.042460000000000005;0.11707264502656202
0.042515000000000004;0.13822328806151551
0.042570000000000004;0.15980190468225422
0.042625;0.1815795880703728
0.04268;0.20336279798190227
0.042735;0.22499085808389888
0.04279;0.24633289765022734
0.042845;0.2672845367378384
0.0429;0.2877645361357909
0.042955;0.3077115659879527
0.04301;0.32708119206164327
0.043065;0.3458431360829815
0.04312;0.36397883514571755
0.043175;0.3814793031250782
0.043230000000000005;0.39834328240249167
0.043285000000000004;0.4145756652615333
0.043340000000000004;0.4301861595283907
0.043395;0.4451881711678859
0.04345;0.45959787664344315
0.043505;0.47343345918596647
0.04356;0.48671448516713905
0.043615;0.499461399169798
0.04367;0.5116951188466553
0.043725;0.5234367130964636
0.04378;0.53470714937597
0.043835;0.5455270980367238
0.04389;0.5559167834480031
0.043945000000000005;0.5658958732728484
0.044000000000000004;0.5754833986915315
0.044055000000000004;0.5846976995664181
0.04411;0.5935563895751043
0.044165;0.6020763372070534
0.04422;0.6102736592508106
0.044275;0.6181637240102157
0.04433;0.625761161997306
0.044385;0.633079882272807
0.04444;0.6401330929550071
0.044495;0.6469333247062179
0.04455;0.6534924562436693
0.044605;0.6598217411163282
0.04466;0.6659318351486615
0.044715000000000005;0.6718328240821014
0.044770000000000004;0.6775342510512048
0.044825000000000004;0.6830451436167091
0.04488;0.688374040147524
0.044935;0.6935290153993937
0.04499;0.6985177051825996
0.045045;0.7033473300466784
0.0451;0.7080247179389536
0.045155;0.7125563258151042
0.04521;0.7169482601981213
0.045265;0.7212062966947539
0.04532;0.7253358984890333
0.045375;0.7293422338399943
0.04543;0.7332301926159188
0.045485000000000005;0.7370044019014503
0.045540000000000004;0.7406692407164508
0.045595000000000004;0.7442288538865253
0.04565;0.7476871651061495
0.045705;0.7510478892351482
0.04576;0.7543145438685402
0.045815;0.757490460219282
0.04587;0.7605787933517744
0.045925;0.7635825318032711
0.04598;0.7665045066280377
0.046035;0.7693473998983678
0.04609;0.7721137526942391
0.046145;0.774805972612294
0.046200000000000005;0.7774263408227954
0.046255000000000004;0.7799770187019327
0.046310000000000004;0.7824600540650969
0.046365;0.7848773870253072
0.04642;0.7872308554995119
0.046475;0.7895222003841592
0.04653;0.7917530704199881
0.046585;0.7939250267648753
0.04664;0.7960395472922609
0.046695;0.7980980306316156
0.04675;0.800101799966381
0.046805;0.8020521066037255
0.04686;0.8039501333295053
0.046915;0.8057969975611776
0.046970000000000005;0.8075937543101638
0.047025000000000004;0.8093413989649086
0.047080000000000004;0.8110408699042893
0.047135;0.8126930509518816
0.04719;0.8142987736789767
0.047245;0.8158588195652876
0.0473;0.8173739220248334
0.047355;0.8188447683043834
0.04741;0.820272001261081
0.047465;0.8216562210255578
0.04752;0.8229979865564524
0.047575;0.8242978170917378
0.04763;0.8255561935019888
0.047685000000000005;0.8267735595502799
0.047740000000000005;0.8279503230632084
0.047795000000000004;0.8290868570170822
0.047850000000000004;0.8301835005431668
0.047905;0.8312405598555448
0.04796;0.8322583091048509
0.048015;0.8332369911610945
0.04807;0.8341768183283286
0.048125;0.8350779729939182
0.04818;0.8359406082148425
0.048235;0.8367648482433855
0.04829;0.837550788994325
0.048345;0.8382984984556531
0.0484;0.8390080170446362
0.048455000000000005;0.8396793579109522
0.048510000000000005;0.8403125071885382
0.048565000000000004;0.8409074241975114
0.048620000000000003;0.8414640415977305
0.048675;0.8419822654949274
0.04873;0.842461975501202
0.048785;0.8429030247501146
0.04884;0.843305239868177
0.048895;0.84366842090328
0.04895;0.8439923412109495
0.049005;0.8442767472994088
0.04906;0.8445213586339837
0.049115;0.8447258674016862
0.04917;0.8448899382363767
0.049225000000000005;0.8450132079048912
0.049280000000000004;0.8450952849534342
0.049335000000000004;0.8451357493093472
0.04939;0.8451341517823996
0.049445;0.8450917270252237
0.0495;0.8450049375937395
0.049555;0.8448744638253217
0.04961;0.8446997881276591
0.049665;0.844480325987517
0.04972;0.8442154513735556
0.049775;0.8439045016155021
0.04983;0.8435467785700429
0.049885;0.843141548679518
0.049940000000000005;0.8426880425966334
0.049995000000000005;0.8421854546019684
0.050050000000000004;0.8416329419054279
0.050105000000000004;0.8410296238731509
0.05016;0.840374581200978
0.050215;0.8396668550463117
0.05027;0.83890544612564
0.050325;0.8380893137827122
0.05038;0.8372173750312624
0.050435;0.8362885035755306
0.05049;0.8353015288116384
0.050545;0.8342552348130493
0.0506;0.8331483593034594
0.050655;0.8319795926211445
0.050710000000000005;0.8307475766793911
0.050765000000000005;0.8294509039289959
0.050820000000000004;0.8280881163304071
0.050875000000000004;0.8266577043459267
0.05093;0.8251581059662269
0.050985;0.8235877057919915
0.05104;0.8219448342013282
0.051095;0.8202277666496759
0.05115;0.8184347231753425
0.051205;0.8165638682274092
0.05126;0.8146133110072326
0.051315;0.8125811066440419
0.05137;0.8104652587548927
0.051425;0.8082637243593578
0.051480000000000005;0.8059744229114585
0.051535000000000004;0.8035952527566007
0.051590000000000004;0.8011241214629182
0.051645;0.7985590031667293
0.0517;0.7958980511294671
0.051755;0.7931398298933802
0.05181;0.7902838255980222
0.051865;0.787331663414559
0.05192;0.7842903408878598
0.051975;0.781182164394351
0.05203;0.7780824426952768
0.052085;0.7753196492923973
0.05214;0.7755405318945395
0.052195000000000005;1.2348854341854918
0.052250000000000005;0.7743776535732337
0.052305000000000004;0.7626350445878496
0.052360000000000004;0.757136619403012
0.052415;0.7524343205471028
0.05247;0.7478743066393388
0.052525;0.7432901438438387
0.05258;0.7386211393304126
0.052635;0.7338393391345966
0.05269;0.7289293656366569
0.052745;0.7238814416009229
0.0528;0.7186885736234978
0.052855;0.7133452798480442
0.05291;0.7078469649928266
0.052965000000000005;0.7021895936587549
0.053020000000000005;0.696369512045316
0.053075000000000004;0.6903833484113252
0.053130000000000004;0.6842279577172786
0.053185;0.6779003923352488
0.05324;0.6713978888803243
0.053295;0.6647178654770346
0.05335;0.6578579260917383
0.053405;0.6508158698689946
0.05346;0.6435897041706236
0.053515;0.6361776604701749
0.05357;0.6285782125319073
0.053625;0.6207900964734636
0.05368;0.6128123324175572
0.053735000000000005;0.6046442475018823
0.053790000000000004;0.5962855000554562
0.053845000000000004;0.5877361047698022
0.0539;0.5789964587030234
0.053955;0.570067367956212
0.05401;0.5609500748567866
0.054065;0.5516462854765101
0.05412;0.5421581973008517
0.054175;0.532488526855302
0.05423;0.5226405370828014
0.054285;0.5126180642546876
0.05434;0.5024255441878249
0.054395;0.49206803753346434
0.054450000000000005;0.48155125389816417
0.054505000000000005;0.47088157455832214
0.054560000000000004;0.46006607353398143
0.054615000000000004;0.44911253680060603
0.05467;0.43802947943878695
0.054725;0.426826160551923
0.05478;0.4155125958261359
0.054835;0.4040995676653616
0.05489;0.3925986329119509
0.054945;0.381022128262926
0.055;0.3693831736189582
0.055055;0.3576956737667315
0.05511;0.345974318999542
0.055165;0.3342345855433539
0.055220000000000005;0.3224927369878199
0.055275000000000005;0.3107658283490218
0.055330000000000004;0.299071714943086
0.055385000000000004;0.2874290689714831
0.05544;0.27585740767075967
0.055495;0.2643771381539152
0.05555;0.25300962579437053
0.055605;0.2417772953700465
0.05566;0.23070377747714238
0.055715;0.21981411736816905
0.05577;0.20913507002032708
0.055825;0.19869551490683152
0.05588;0.18852703821536118
0.055935;0.17866475167751733
0.055990000000000005;0.16914844988565006
0.056045000000000005;0.1600242588707588
0.056100000000000004;0.15134700951086774
0.056155000000000004;0.14318370041341147
0.05621;0.13561863264430096
0.056265;0.12876116984644484
0.05632;0.12275772829285822
0.056375;0.11781077958761943
0.05643;0.11420985595077278
0.056485;0.11238384366446147
0.05654;0.11299256656590882
0.056595;0.11709416187054209
0.05665;0.12646589248301568
0.056705000000000005;0.1442515675876093
0.056760000000000005;0.17633590641589406
0.056815000000000004;0.23435839821711132
0.056870000000000004;0.3419742858040565
0.056925;0.54181726017033
0.05698;0.8501455065800425
0.057035;1.0176821839920236
0.05709;0.7881660175818618
0.057145;0.49832365609372653
0.0572;0.31621041210998935
0.057255;0.212290913994334
0.05731;0.1506262468145208
0.057365;0.11176398121820832
0.05742;0.0859018069458327
0.057475000000000005;0.06792752989360926
0.057530000000000005;0.055026553391386235
0.057585000000000004;0.04556335655986588
0.057640000000000004;0.0385398478017907
0.057695;0.03331986630419732
0.05775;0.029481985381245277
0.057805;0.026737214301213563
0.05786;0.024881073932042384
0.057915;0.023764662362507617
0.05797;0.02327661753571974
0.058025;0.023331549208815305
0.05808;0.02386243031921832
0.058135;0.024815478637065812
0.05819;0.026146643547019663
0.058245000000000005;0.027819150502051842
0.058300000000000005;0.029801756421054447
0.058355000000000004;0.0320674916418578
0.058410000000000004;0.03459274032988755
0.058465;0.0373565598221203
0.05852;0.04034017092210193
0.058575;0.04352657199993334
0.05863;0.046900243747398374
0.058685;0.05044692098297445
0.05874;0.05415341450149814
0.058795;0.05800747058763515
0.05885;0.06199765909112756
0.058905;0.06611328331300532
0.058960000000000005;0.07034430665548874
0.059015000000000005;0.07468129223493179
0.059070000000000004;0.07911535257650482
0.059125000000000004;0.08363810719428147
0.05918;0.08824164637323145
0.059235;0.09291849985734132
0.05929;0.0976616094422073
0.059345;0.10246430469512885
0.0594;0.10732028119848928
0.059455;0.11222358084519844
0.05951;0.11716857381773634
0.059565;0.12214994196262717
0.05962;0.12716266333391318
0.059675;0.13220199772819477
0.059730000000000005;0.13726347307133493
0.059785000000000005;0.14234287254677522
0.059840000000000004;0.14743622237838858
0.059895000000000004;0.15253978019886058
0.05995;0.1576500239489832
0.060005;0.16276364126393375
0.06006;0.16787751931108377
0.060115;0.17298873505104323
0.06017;0.17809454589792115
0.060225;0.18319238075946098
0.06028;0.18827983144016022
0.060335;0.19335464439290562
0.06039;0.1984147128064107
0.060445;0.20345806901682217
0.060500000000000005;0.2084828772326593
0.060555000000000005;0.21348742656328124
0.060610000000000004;0.21847012434077237
0.060665000000000004;0.22342948972603258
0.06072;0.2283641475893674
0.060775;0.23327282265594237
0.06083;0.23815433390638438
0.060885;0.24300758922172289
0.06094;0.24783158026183175
0.060995;0.2526253775642721
0.06105;0.2573881258495454
0.061105;0.2621190395147721
0.06116;0.26681739829355383
0.061215000000000006;0.27148254305137864
0.061270000000000005;0.27611387167299883
0.061325000000000005;0.2807108349752084
0.061380000000000004;0.28527293253766994
0.061435000000000003;0.28979970826902773
0.06149;0.29429074537916333
0.061545;0.29874566012740805
0.0616;0.30316409305904307
0.061655;0.3075456948821415
0.06171;0.3118901000585205
0.061765;0.31619686907318073
0.06182;0.3204653377268855
0.061875;0.32469412003305603
0.06193;0.32887872159033676
0.061985000000000005;0.33298413533643406
0.062040000000000005;0.3373014878239404
0.062095000000000004;0.3413062875108088
0.062150000000000004;0.34533798686221717
0.062205;0.34933993064551255
0.06226;0.35330663628362213
0.062315;0.35723667174437046
0.06237;0.36112951575205987
0.062425;0.36498495328060654
0.06248;0.3688029007112044
0.06253500000000001;0.37258334169922064
0.06259;0.3763262994808298
0.062645;0.3800318233385459
0.0627;0.3836999812852599
0.062755;0.3873308557555607
0.06281;0.39092454087221606
0.062865;0.39448114059757483
0.06292;0.3980007674144085
0.062975;0.401483541343399
0.06303;0.4049295891874299
0.063085;0.4083390439373843
0.06314;0.41171204429948827
0.063195;0.41504873431853323
0.06325;0.4183492630803446
0.063305;0.42161378448225306
0.06336;0.42484245706387425
0.063415;0.4280354438927408
0.06347;0.4311929125010983
0.063525;0.434315034871235
0.06358;0.4374019874673612
0.063635;0.44045395131309356
0.06369;0.4434711121135701
0.063745;0.4464536604221165
0.0638;0.4494017918515264
0.06385500000000001;0.4523157073302017
0.06391000000000001;0.45519561340401593
0.06396500000000001;0.4580417225848248
0.06402000000000001;0.46085425374681627
0.06407500000000001;0.4636334325723732
0.06413;0.46637949204919193
0.064185;0.4690926730207769
0.06424;0.4717732247929241
0.064295;0.47442140579873315
0.06435;0.47703748432549914
0.064405;0.4796217393068674
0.06446;0.48217446118424817
0.064515;0.4846959528418761
0.06457;0.4871865306201785
0.064625;0.48964652541308135
0.06468;0.4920762838549365
0.064735;0.49447616960372964
0.06479;0.496846564727666
0.064845;0.499187871203191
0.0649;0.5015005125330149
0.064955;0.5037849354939846
0.06501;0.5060416120249782
0.065065;0.5082710412670645
0.06512;0.5104737517681013
0.065175;0.5126503038664132
0.06523;0.5148012922687377
0.065285;0.5169273488397902
0.06534000000000001;0.5190291456222484
0.06539500000000001;0.52110739810799
0.06545000000000001;0.5231628687835326
0.06550500000000001;0.5251963709751903
0.06556000000000001;0.5272087730217976
0.065615;0.5292010028061639
0.06567;0.5311740526795016
0.065725;0.533128984816759
0.06578;0.5350669370450302
0.065835;0.536989129191668
0.06589;0.5388968700038348
0.065945;0.5407915646971068
0.066;0.5426747231969694
0.066055;0.5445479691444026
0.06611;0.5464130497447035
0.066165;0.5482718465477665
0.06622;0.5501263872582954
0.066275;0.5519788586857689
0.06633;0.5538316209568279
0.066385;0.5556872231273294
0.06644;0.5575484203475872
0.066495;0.5594181927526277
0.06655;0.5612997662702044
0.066605;0.5631966355625067
0.06666;0.5651125893440816
0.066715;0.5670517383482567
0.06677;0.5690185462479023
0.066825;0.571017863874572
0.06688000000000001;0.5730549671228484
0.06693500000000001;0.5751355989750984
0.06699000000000001;0.5772660161365908
0.06704500000000001;0.5794530408322202
0.0671;0.5817041183855034
0.067155;0.5840273812780901
0.06721;0.586431720475107
0.067265;0.5889268648991608
0.06732;0.5915234700438825
0.067375;0.5942332168381366
0.06743;0.5970689220039415
0.067485;0.6000446612953932
0.06754;0.6031759071616756
0.067595;0.6064796825431157
0.06765;0.609974732682294
0.067705;0.6136817170077418
0.06776;0.6176234233185118
0.067815;0.6218250066519021
0.06787;0.6263142553372372
0.067925;0.631121886801913
0.06798;0.636281875666216
0.068035;0.6418318164920543
0.06809;0.6478133231695972
0.068145;0.6542724662390711
0.0682;0.6612602483240598
0.068255;0.6688331161199134
0.06831;0.6770535047973144
0.06836500000000001;0.6859904069303776
0.06842000000000001;0.6957199527163684
0.06847500000000001;0.7063259807732954
0.06853000000000001;0.7179005684760195
0.06858500000000001;0.7305444767355537
0.06864;0.744367445261457
0.068695;0.7594882494144688
0.06875;0.7760343973830687
0.068805;0.7941413052809525
0.06886;0.8139507369210687
0.068915;0.8356082345033513
0.06897;0.8592591982364488
0.069025;0.8850432024777904
0.06908;0.9130860744916022
0.069135;0.9434892292061622
0.06919;0.9763157811583647
0.069245;1.0115730896293522
0.0693;1.049191696130365
0.069355;1.0890011548069451
0.06941;1.1307040965305553
0.069465;1.1738510221749503
0.06952;1.2178197057922047
0.069575;1.2618044549266028
0.06963;1.3048213629275816
0.069685;1.345735454255672
0.06974;1.383313611385228
0.069795;1.4163030421640774
0.06985000000000001;1.4435291900987963
0.06990500000000001;1.4640007796341692
0.06996000000000001;1.4770052680116212
0.07001500000000001;1.4821774536237124
0.07007000000000001;1.479528325146675
0.070125;1.4694294749292516
0.07018;1.4525578999675048
0.070235;1.429813629681857
0.07029;1.402226169130761
0.070345;1.370864847348225
0.0704;1.3367640493660986
0.070455;1.3008689503229
0.07051;1.2640025022256647
0.070565;1.2268510376262916
0.07062;1.1899641542471213
0.070675;1.1537642175976135
0.07073;1.1185613568061226
0.070785;1.0845707585651951
0.07084;1.0519300498708797
0.070895;1.0207154160470429
0.07095;0.9909557551368592
0.071005;0.9626446222886397
0.07106;0.935750001196481
0.071115;0.9102220967999686
0.07117;0.8859994142899065
0.071225;0.8630134060409741
0.07128;0.8411919536528233
0.071335;0.8204619224753581
0.07139000000000001;0.8007509906123595
0.07144500000000001;0.7819889191317982
0.07150000000000001;0.7641083979975214
0.07155500000000001;0.7470455743409385
0.07161000000000001;0.7307403463692985
0.071665;0.7151364871973814
0.07172;0.7001816476855353
0.071775;0.6858272753790803
0.07183;0.6720284773064227
0.071885;0.6587438471876587
0.07194;0.6459352720913417
0.071995;0.6335677293909198
0.07205;0.6216090817161549
0.072105;0.6100298752319034
0.07216;0.5988031448229951
0.072215;0.5879042284708743
0.07227;0.577310592166472
0.072325;0.567001666025639
0.07238;0.5569586917923157
0.072435;0.5471645815820294
0.07249;0.5376037874925832
0.072545;0.52826218156545
0.0726;0.5191269454942004
0.072655;0.5101864694322161
0.07271;0.5014302592373842
0.072765;0.49284885149682345
0.07282;0.48443373569561277
0.07287500000000001;0.4761772829216684
0.07293000000000001;0.4680726805337013
0.07298500000000001;0.4601138722566314
0.07304000000000001;0.45229550320738926
0.07309500000000001;0.4446128693921018
0.07315;0.4370618712532109
0.073205;0.42963897088036823
0.07326;0.4223411525334859
0.073315;0.41516588615675687
0.07337;0.40811109359303793
0.073425;0.40117511723451477
0.07348;0.3943566908710121
0.073535;0.38765491252023526
0.07359;0.38106921904555985
0.073645;0.3745993623862436
0.0737;0.3682453872425976
0.073755;0.3620076100748907
0.07381;0.3558865992896369
0.073865;0.3498831564998814
0.07392;0.34399829875894755
0.073975;0.3382332416776984
0.07403;0.33258938334587734
0.074085;0.3270682889871387
0.07414;0.321671676285756
0.074195;0.31640140133060624
0.07425;0.31125944512912695
0.074305;0.3062479006496422
0.07436000000000001;0.30136896035690774
0.07441500000000001;0.29662490420985793
0.07447000000000001;0.2920180880958995
0.07452500000000001;0.2875509326797388
0.07458000000000001;0.28322591264827884
0.074635;0.27904554633675266
0.07469;0.2750123857234595
0.074745;0.2711290067834754
0.0748;0.267398000193264
0.074855;0.2638219623802704
0.07491;0.2604034869127656
0.074965;0.2571451562263371
0.07502;0.25404953368442773
0.075075;0.2511191559708135
0.07513;0.24835652581224707
0.075185;0.2457641050296702
0.07524;0.24334430791617237
0.075295;0.2410994949397667
0.07535;0.23903196676835012
0.075405;0.2371439586134537
0.07546;0.23543763488862857
0.075515;0.23391508417683543
0.07557;0.23257831449937286
0.075625;0.23142924887589283
0.07568;0.23046972115857517
0.075735;0.22970147210606898
0.07579;0.22912614559595437
0.07584500000000001;0.2287452844730272
0.07590000000000001;0.22856031450373074
0.07595500000000001;0.22852427819419147
0.07601000000000001;0.22875995711167507
0.07606500000000001;0.22918616792152446
0.07612000000000001;0.22980710084175163
0.076175;0.23062526451568083
0.07623;0.23164253002917778
0.076285;0.23286040714582681
0.07634;0.23428014780809728
0.076395;0.2359027923570576
0.07645;0.23772919220297173
0.076505;0.2397600213433717
0.07656;0.24199578202721234
0.076615;0.2444368070849252
0.07667;0.24708326021842622
0.076725;0.24993513495168168
0.07678;0.25299225263255015
0.076835;0.2562542597026177
0.07689;0.2597206243485938
0.076945;0.26339063258156326
0.077;0.2672633837442012
0.077055;0.27133778540957
0.07711;0.27561254760350223
0.077165;0.280086176251538
0.07722;0.284756965717456
0.077275;0.28962299026056415
0.07733;0.2946820941902366
0.07738500000000001;0.2999318804324785
0.07744000000000001;0.30536969714131756
0.07749500000000001;0.3109926218764802
0.07755000000000001;0.31679744271910887
0.07760500000000001;0.32278063549005925
0.07766;0.32893833594730965
0.077715;0.3352663054318618
0.07777;0.3417598878481409
0.077825;0.34841395501729133
0.07788;0.3552228361892059
0.077935;0.3621802256157974
0.07799;0.3692790592008358
0.078045;0.3765113467197966
0.0781;0.383867938849821
0.078155;0.3913381963040878
0.07821;0.398909508090934
0.078265;0.40656657033238097
0.07832;0.41429027215491665
0.078375;0.42205591134388126
0.07843;0.4298302137355226
0.078485;0.4375660991582123
0.07854;0.4451929156143353
0.078595;0.4525967898802041
0.07865;0.4595770681455618
0.078705;0.4657363657396121
0.07876;0.47014678258418713
0.078815;0.46999915586667096
0.07887000000000001;0.4515629940055965
0.07892500000000001;0.8030516735081689
0.07898000000000001;0.5691249962832924
0.07903500000000001;0.5569305303998806
0.07909000000000001;0.5583090243635407
0.07914500000000001;0.5634301037634984
0.0792;0.5700943455258185
0.079255;0.5775286979909919
0.07931;0.5853869961437344
0.079365;0.5934872136127827
0.07942;0.6017213252005825
0.079475;0.6100185620865373
0.07953;0.6183284803437811
0.079585;0.6266124055688737
0.07964;0.6348387855169862
0.079695;0.6429805129047461
0.07975;0.6510133054501849
0.079805;0.6589146831001735
0.07986;0.6666632972478851
0.079915;0.6742384749002609
0.07997;0.6816198980160268
0.080025;0.6887873698987333
0.08008;0.6957206387241437
0.080135;0.7023992591041833
0.08019;0.7088024792400105
0.080245;0.7149091454364364
0.0803;0.7206976185194507
0.08035500000000001;0.7261456985910869
0.08041000000000001;0.7312305559102492
0.08046500000000001;0.7359286667194889
0.08052000000000001;0.7402157536789988
0.08057500000000001;0.7440667313115398
0.08063000000000001;0.7474556575681631
0.080685;0.7503556933386797
0.08074;0.7527390724896998
0.080795;0.7545770858412998
0.08085;0.7558400834156843
0.080905;0.7564975003215297
0.08096;0.7565179127884004
0.081015;0.7558691321382942
0.08107;0.7545183458679898
0.081125;0.7524323164931689
0.08118;0.7495776503278769
0.081235;0.7459211498688073
0.08129;0.7414302648124732
0.081345;0.736073657797819
0.0814;0.7298219015228796
0.081455;0.7226483236492806
0.08151;0.7145300145272886
0.081565;0.7054490098149216
0.08162;0.6953936550304894
0.081675;0.6843601514347836
0.08173;0.6723542718597101
0.081785;0.6593932207550182
0.08184;0.6455075945866925
0.08189500000000001;0.6307433769300879
0.08195000000000001;0.6151638778468564
0.08200500000000001;0.598851500844616
0.08206000000000001;0.5819091952337392
0.08211500000000001;0.564461430343897
0.08217;0.5466545150738896
0.082225;0.5286560864441543
0.08228;0.5106536089719006
0.082335;0.4928517666214362
0.08239;0.4754686924987364
0.082445;0.45873106681423337
0.0825;0.44286821524484743
0.082555;0.4281054476660652
0.08261;0.4146569777060219
0.082665;0.40271884138062974
0.08272;0.39246227391616867
0.082775;0.3840279975897731
0.08283;0.37752181663723555
0.082885;0.3730118128056081
0.08294;0.3705272995795643
0.082995;0.37005954269411706
0.08305;0.37156410953020774
0.083105;0.3749645887864097
0.08316;0.38015733770251936
0.083215;0.3870168733268862
0.08327;0.39540152590662786
0.083325;0.4051590095678962
0.08338000000000001;0.41613162750008303
0.08343500000000001;0.42816090410376406
0.08349000000000001;0.4410915141580419
0.08354500000000001;0.45477445047428866
0.08360000000000001;0.4690694311385157
0.08365500000000001;0.48384659261478036
0.08371;0.4989875453921184
0.083765;0.5143858859085028
0.08382;0.529947264553713
0.083875;0.5455891073702072
0.08393;0.5612400812995679
0.083985;0.5768393817633888
0.08404;0.5923359088606176
0.084095;0.6076873858446403
0.08415;0.6228594617050897
0.084205;0.6378248291459508
0.08426;0.6525623802626426
0.084315;0.6670564148216886
0.08437;0.6812959101538122
0.084425;0.6952738571244137
0.08448;0.7089866632575358
0.084535;0.7224336216596711
0.08459;0.7356164427324583
0.084645;0.7485388446113868
0.0847;0.7612061976752895
0.084755;0.7736252182226337
0.08481;0.7858037064058309
0.08486500000000001;0.797750323679221
0.08492000000000001;0.8094744052932412
0.08497500000000001;0.820985803709861
0.08503000000000001;0.8322947591925824
0.08508500000000001;0.8434117942147805
0.08514000000000001;0.8543476287172457
0.085195;0.8651131136194771
0.08525;0.8757191803435569
0.085305;0.886176804442863
0.08536;0.8964969817373344
0.085415;0.9066907156469701
0.08547;0.9167690146853009
0.085525;0.9267428993304294
0.08558;0.9366234177353102
0.085635;0.946421669977747
0.08569;0.9561488407880246
0.085745;0.9658162409373343
0.0858;0.9754353577273257
0.085855;0.9850179153029952
0.08591;0.9945759458257483
0.085965;1.004121872905879
0.08602;1.0136686091197906
0.086075;1.023229669949029
0.08613;1.0328193071016654
0.086185;1.0424526649491275
0.08624;1.0521459647762477
0.086295;1.0619167227661392
0.08635;1.0717840091994677
0.08640500000000001;1.0817687583593079
0.08646000000000001;1.0918941412405856
0.08651500000000001;1.1021860165809505
0.08657000000000001;1.112673480239315
0.08662500000000001;1.1233895389481525
0.08668000000000001;1.1343719425160201
0.086735;1.1456642194431945
0.08679;1.1573169757625497
0.086845;1.16938953733579
0.0869;1.1819520441331153
0.086955;1.1950881445352917
0.08701;1.208898493196959
0.087065;1.223505334282906
0.08712;1.2390585622847183
0.087175;1.2557438072184384
0.08723;1.2737933029639534
0.087285;1.293500573467209
0.08734;1.3152402857502397
0.087395;1.3394948328190703
0.08745;1.3668888296085107
0.087505;1.398230140138171
0.08756;1.4345463033373733
0.087615;1.4770724325186584
0.08767;1.5270394506889273
0.087725;1.5847610016600324
0.08778;1.646390265396478
0.087835;1.6935590540167786
0.08789000000000001;1.6678435626392354
0.08794500000000001;1.4609940384503108
0.08800000000000001;1.0887328713613948
0.08805500000000001;0.8135489013403255
0.08811000000000001;0.7296920139315609
0.08816500000000001;0.7445138356355713
0.08822;0.7889262623578058
0.088275;0.8368301443924285
0.08833;0.8806430693463448
0.088385;0.9189260744437978
0.08844;0.9520458749224048
0.088495;0.9807828478720078
0.08855;1.005909750308058
0.088605;1.028083401875481
0.08866;1.0478342744079419
0.088715;1.065583395732503
0.08877;1.0816637660912274
0.088825;1.0963395183607776
0.08888;1.109821385685497
0.088935;1.122278703218142
0.08899;1.1338485808620753
0.089045;1.144642887238759
0.0891;1.1547535772853312
0.089155;1.1642567762529206
0.08921;1.1732159306683876
0.089265;1.1816842570473238
0.08932;1.189706659261882
0.08937500000000001;1.1973212412812
0.08943000000000001;1.2045605096148408
0.08948500000000001;1.2114523360658318
0.08954000000000001;1.2180207339786202
0.08959500000000001;1.2242864883159337
0.08965000000000001;1.2302676703645654
0.08970500000000001;1.2359800607542843
0.08976;1.241437499126476
0.089815;1.2466521747444854
0.08987;1.2516348692579828
0.089925;1.2563951604729224
0.08998;1.2609415941576305
0.090035;1.2652818295021138
0.09009;1.2694227627438361
0.090145;1.2733706326061534
0.0902;1.2771311105106322
0.090255;1.28070937798093
0.09031;1.2841101932212553
0.090365;1.2873379485046754
0.09042;1.2903967197253752
0.090475;1.2932903092419414
0.09053;1.2960222829536507
0.090585;1.2985960024008063
0.09064;1.301014652556292
0.090695;1.3032812658735782
0.09075;1.3053987430718852
0.090805;1.30736987106954
0.09086;1.309197338418031
0.09091500000000001;1.3108837485406493
0.09097000000000001;1.3124316310387585
0.09102500000000001;1.3138434512940655
0.09108000000000001;1.3151216185665648
0.09113500000000001;1.3162684927625625
0.09119000000000001;1.3172863900265959
0.091245;1.31817758729284
0.0913;1.3189443259160152
0.091355;1.319588814488705
0.09141;1.320113230940221
0.091465;1.3205197240021638
0.09152;1.3208104141169967
0.091575;1.3209873938583192
0.09163;1.3210527279245203
0.091685;1.3210084527617043
0.09174;1.3208565758661839
0.091795;1.3205990748121974
0.09185;1.320237896046123
0.091905;1.319774953484638
0.09196;1.3192121269507664
0.092015;1.3185512604785559
0.09207;1.317794160514313
0.092125;1.3169425940397101
0.09218;1.3159982866396405
0.092235;1.3149629205355535
0.09229;1.3138381326031001
0.092345;1.3126255123910173
0.09240000000000001;1.3113266001565218
0.09245500000000001;1.3099428849311512
0.09251000000000001;1.3084758026293468
0.09256500000000001;1.3069267342112287
0.09262000000000001;1.3052970039094325
0.09267500000000001;1.303587877529283
0.09273;1.3018005608305299
0.092785;1.2999361979978727
0.09284;1.297995870207263
0.092895;1.2959805942937805
0.09295;1.2938913215268886
0.093005;1.2917289364979425
0.09306;1.2894942561248093
0.093115;1.2871880287778228
0.09317;1.2848109335313243
0.093225;1.2823635795445187
0.09328;1.2798465055755583
0.093335;1.2772601796323233
0.09339;1.2746049987635317
0.093445;1.2718812889937197
0.0935;1.2690893054055161
0.093555;1.2662292323728483
0.09361;1.263301183948554
0.093665;1.2603052044101075
0.09372;1.257241268967166
0.093775;1.254109284634526
0.09383;1.250909091274591
0.09388500000000001;1.2476404628129618
0.09394000000000001;1.2443031086312502
0.09399500000000001;1.2408966751409825
0.09405000000000001;1.237420747542544
0.09410500000000001;1.2338748517731029
0.09416000000000001;1.2302584566472685
0.09421500000000001;1.226570976194363
0.09427;1.2228117721956941
0.094325;1.2189801569252863
0.09438;1.2150753960971226
0.094435;1.2110967120216258
0.09449;1.207043286973723
0.094545;1.2029142667743773
0.0946;1.1987087645867613
0.094655;1.1944258649280182
0.09471;1.1900646278962652
0.094765;1.1856240936122062
0.09482;1.181103286873608
0.094875;1.1765012220198525
0.09493;1.1718169080030092
0.094985;1.1670493536603748
0.09504;1.1621975731825402
0.095095;1.1572605917695942
0.09515;1.1522374514665585
0.095205;1.1471272171682148
0.09526;1.1419289827812884
0.095315;1.1366418775311973
0.09537000000000001;1.131265072398203
0.09542500000000001;1.1257977866668984
0.09548000000000001;1.1202392945709196
0.09553500000000001;1.1145889320132878
0.09559000000000001;1.108846103341119
0.09564500000000001;1.1030102881519797
0.09570000000000001;1.0970810481075097
0.095755;1.0910580337286198
0.09581;1.084940991144887
0.095865;1.0787297687699153
0.09592;1.0724243238729352
0.095975;1.0660247290160787
0.09603;1.0595311783258115
0.096085;1.0529439935663232
0.09614;1.0462636299824548
0.096195;1.0394906818790244
0.09625;1.032625887903752
0.096305;1.0256701360010643
0.09636;1.01862446800446
0.096415;1.0114900838359562
0.09647;1.0042683452820678
0.096525;0.9969607793167963
0.09658;0.9895690809443913
0.096635;0.9820951155352757
0.09669;0.974540920631788
0.096745;0.9669087072018548
0.0968;0.95920086032166
0.096855;0.9514199392712311
0.09691000000000001;0.9435686770295061
0.09696500000000001;0.9356499791589841
0.09702000000000001;0.9276669220732295
0.09707500000000001;0.9196227506839308
0.09713000000000001;0.9115208754279884
0.09718500000000001;0.9033648686784069
0.09724000000000001;0.8951584605470073
0.097295;0.8869055340897575
0.09735;0.8786101199303757
0.097405;0.8702763903201962
0.09746;0.8619086526567381
0.097515;0.8535113424862499
0.09757;0.8450890160188521
0.097625;0.836646342187707
0.09768;0.8281880942870634
0.097735;0.81971914122521
0.09779;0.8112444384324012
0.097845;0.8027690184640764
0.0979;0.794297981342547
0.097955;0.7858364846810786
0.09801;0.7773897336355247
0.098065;0.7689629707293765
0.09812;0.760561465598409
0.098175;0.7521905047011374
0.09823;0.7438553810414256
0.098285;0.735561383948394
0.09834;0.7273137889586602
0.09839500000000001;0.7191178478444075
0.09845000000000001;0.7109787788296844
0.09850500000000001;0.7029017570358057
0.09856000000000001;0.6948919051947599
0.09861500000000001;0.6869542846682399
0.09867000000000001;0.6790938868071608
0.09872500000000001;0.6713156246849152
0.09878;0.663624325235351
0.098835;0.6560247218240975
0.09889;0.6485214472796287
0.098945;0.64111902740843
0.099;0.6338218750160771
0.099055;0.6266342844543777
0.09911;0.6195604267124192
0.099165;0.6126043450675273
0.09922;0.6057699513106543
0.099275;0.5990610225589829
0.09933;0.5924811986675049
0.099385;0.586033980250475
0.09944;0.5797227273212175
0.099495;0.5735506585625765
0.09955;0.5675208512346652
0.099605;0.5616362417315629
0.09966;0.555899626796946
0.099715;0.5503136654110486
0.09977;0.544880881362604
0.099825;0.5396036665221966
0.09988000000000001;0.5344842848367504
0.09993500000000001;0.5295248770686732
0.09999000000000001;0.5247274663081458
0.10004500000000001;0.5200939642931336
0.10010000000000001;0.5156261785785285
0.10015500000000001;0.5113258206050532
0.10021000000000001;0.5071945147279087
0.100265;0.5032338082781435
0.10032;0.49944518274376176
0.100375;0.4958300661748063
0.10043;0.4923898469374499
0.100485;0.4891258889662635
0.10054;0.4860395486932824
0.100595;0.4831321938675851
0.10065;0.48040522452097134
0.100705;0.47786009638675636
0.10076;0.4754983471396938
0.100815;0.47332162590060417
0.10087;0.471331726540426
0.100925;0.46953062543106233
0.10098;0.46792052442872456
0.101035;0.4665039000472864
0.10109;0.465283559992847
0.101145;0.46426270849854984
0.1012;0.46344502223597445
0.101255;0.46283473900703137
0.10131;0.4624367619653618
0.101365;0.4622567828165928
0.10142000000000001;0.4623014283518472
0.10147500000000001;0.4625784358484515
0.10153000000000001;0.4630968644200555
0.10158500000000001;0.46386735144842645
0.10164000000000001;0.46490242596731507
0.10169500000000001;0.4662168945600877
0.10175000000000001;0.467828320359207
0.101805;0.4697576226530899
0.10186;0.4720298342334651
0.101915;0.4746750671807255
0.10197;0.4777297571439346
0.102025;0.4812382841927763
0.10208;0.48525510948798906
0.102135;0.4898476284974968
0.10219;0.49510003492166077
0.102245;0.5011186342178562
0.1023;0.5080392744548636
0.102355;0.5160379322452849
0.10241;0.5253461044714632
0.102465;0.536273698889076
0.10252;0.5492439397295357
0.102575;0.5648480885702779
0.10263;0.5839338776810327
0.102685;0.6077531921485928
0.10274;0.6382171799884097
0.102795;0.6783505937864299
0.10285;0.7331123581850623
0.10290500000000001;0.8108051296501755
0.10296000000000001;0.9247008283729607
0.10301500000000001;1.0882329966527908
0.10307000000000001;1.25699623635871
0.10312500000000001;1.145322313957034
0.10318000000000001;0.6753705532371661
0.10323500000000001;0.3785088684027725
0.10329;0.2829567164758919
0.103345;0.26380372237310873
0.1034;0.2686640012489403
0.103455;0.2804611856992942
0.10351;0.29363237873611375
0.103565;0.3063635295657941
0.10362;0.31812223328428735
0.103675;0.3288267826848812
0.10373;0.3385493992026237
0.103785;0.3474062553444475
0.10384;0.35551669487293974
0.103895;0.3629891082732402
0.10395;0.36991721970679425
0.104005;0.3763803390345939
0.10406;0.3824449684392597
0.104115;0.38816671195356994
0.10417;0.39359208445641564
0.104225;0.39876008775084926
0.10428;0.4037035322746753
0.104335;0.40845012519414353
0.10439000000000001;0.41302335852178773
0.10444500000000001;0.41744323174301246
0.10450000000000001;0.4217268398013821
0.10455500000000001;0.42588885244115116
0.10461000000000001;0.42994190617106826
0.10466500000000001;0.433896925971889
0.10472000000000001;0.4377633904282222
0.10477500000000001;0.4415495511799301
0.10483;0.4452626153658662
0.104885;0.44890889797281364
0.10494;0.4524939496132371
0.104995;0.45602266415900505
0.10505;0.45949936979306444
0.105105;0.46292790635537245
0.10516;0.4663116913160632
0.105215;0.4696537762757042
0.10527;0.47295689554637754
0.105325;0.4762235080899981
0.10538;0.47945583386655816
0.105435;0.482655885464891
0.10549;0.485825495741323
0.105545;0.48896634207322265
0.1056;0.4920799677362611
0.105655;0.4951678008350236
0.10571;0.4982311711506187
0.105765;0.5012713252151745
0.10582;0.5042894398782314
0.105875;0.5072866345936393
0.10593000000000001;0.5102639826245031
0.10598500000000001;0.5132225213389605
0.10604000000000001;0.5161632617485746
0.10609500000000001;0.5190871974238698
0.10615000000000001;0.521995312907865
0.10620500000000001;0.5248885917366936
0.10626000000000001;0.5277680241676616
0.106315;0.5306346147078022
0.10637;0.5334893895304653
0.106425;0.5363334038638023
0.10648;0.5391677494316807
0.106535;0.5419935620256968
0.10659;0.5448120292845098
0.106645;0.5476243987525272
0.1067;0.5504319862803043
0.106755;0.5532361848028995
0.10681;0.5560384734606073
0.106865;0.558840426804784
0.10692;0.56164372302333
0.106975;0.5644501461061905
0.10703;0.5672615367052954
0.107085;0.5840590080495593
0.10714;0.5868052186807955
0.107195;0.5894003889494642
0.10725;0.5919229724944634
0.107305;0.5944009504380935
0.10736;0.5968498572080894
0.10741500000000001;0.5992803977249976
0.10747000000000001;0.6017010150096677
0.10752500000000001;0.6041190074753078
0.10758000000000001;0.606541104032613
0.10763500000000001;0.6089738013399798
0.10769000000000001;0.6114235854375141
0.10774500000000001;0.6138970937439282
0.1078;0.616401245899869
0.107855;0.6189433593923998
0.10791;0.6215312597739402
0.107965;0.6241733921947352
0.10802;0.6268789394207731
0.108075;0.6296579508261074
0.10813;0.6325214866993129
0.108185;0.6354817824328465
0.10824;0.6385524377034295
0.108295;0.6417486365887646
0.10835;0.6450874057251071
0.108405;0.648587919143957
0.10846;0.652271860422873
0.108515;0.6561638553637762
0.10857;0.6602919917403717
0.108625;0.664688446956562
0.10868;0.6693902500312783
0.108735;0.6744402115724017
0.10879;0.6798880648599956
0.108845;0.6857918735413272
0.10890000000000001;0.6922197776947622
0.10895500000000001;0.6992521713915578
0.10901000000000001;0.7069844329822265
0.10906500000000001;0.7155303661748527
0.10912000000000001;0.7250265579452319
0.10917500000000001;0.7356379209424139
0.10923000000000001;0.7475647652131061
0.10928500000000001;0.7610518361237987
0.10934;0.776399854684222
0.109395;0.793980178539779
0.10945;0.8142532035409544
0.109505;0.8377908985328024
0.10956;0.8653030771351631
0.109615;0.8976649378027177
0.10967;0.9359385265719529
0.109725;0.9813700189078509
0.10978;1.0353222817759986
0.109835;1.099058710719651
0.10989;1.1732206114717187
0.109945;1.2567506736806666
0.11;1.34502663943033
0.110055;1.427458319431391
0.11011;1.4863506347327344
0.110165;1.500865292143471
0.11022;1.4580573794664087
0.110275;1.3635712382763272
0.11033;1.2395916301682812
0.110385;1.1112294716410651
0.11044000000000001;0.9953967235162753
0.11049500000000001;0.8989753009668483
0.11055000000000001;0.8222402957005258
0.11060500000000001;0.7625393724736362
0.11066000000000001;0.7165151328886885
0.11071500000000001;0.6810818623145821
0.11077000000000001;0.6537206376714518
0.110825;0.6324827479873008
0.11088;0.6158973542871873
0.110935;0.6028650959867727
0.11099;0.5925656017613963
0.111045;0.5843848881755007
0.1111;0.5778609156556478
0.111155;0.572643609263341
0.11121;0.5684657463442186
0.111265;0.5651217868992704
0.11132;0.5624524390425796
0.111375;0.560333349477348
0.11143;0.5586667636413237
0.111485;0.5573753318114071
0.11154;0.5563974744099297
0.111595;0.5556838875103149
0.11165;0.5551948879831832
0.111705;0.554898381446219
0.11176;0.5547682955696092
0.111815;0.5547833636258954
0.11187;0.5549261735331906
0.11192500000000001;0.5551824195519168
0.11198000000000001;0.5555403097151217
0.11203500000000001;0.5559900937183949
0.11209000000000001;0.5565236845733655
0.11214500000000001;0.5571343536893048
0.11220000000000001;0.5578164837957222
0.11225500000000001;0.5585653676860947
0.11231000000000001;0.5593770434600727
0.112365;0.5602481589933322
0.11242;0.5611758599340753
0.112475;0.5621576967335226
0.11253;0.5631915471524748
0.112585;0.5642755514133952
0.11264;0.5654080577360117
0.112695;0.5665875764406216
0.11275;0.5678127411565475
0.112805;0.5690822759520239
0.11286;0.5703949674242045
0.112915;0.5717496409659862
0.11297;0.5731451405686341
0.113025;0.5745803116338999
0.11308;0.5760539863620197
0.113135;0.5775649713567479
0.11319;0.5791120371496115
0.113245;0.5806939093947873
0.1133;0.5823092615266329
0.113355;0.5839567087045024
0.11341000000000001;0.5856348028966112
0.11346500000000001;0.587342028976579
0.11352000000000001;0.5890768017243613
0.11357500000000001;0.5908374636380067
0.11363000000000001;0.5926222834747467
0.11368500000000001;0.5944294554498106
0.11374000000000001;0.5962570990295827
0.11379500000000001;0.5981032592621394
0.11385;0.5999659075938619
0.113905;0.6018429431251672
0.11396;0.6037321942621033
0.114015;0.6056314207236576
0.11407;0.607538315867081
0.114125;0.6094505092956284
0.11418;0.6113655697151582
0.114235;0.6132810080072113
0.11429;0.6151942804879963
0.114345;0.6171027923236369
0.1144;0.6190039010733952
0.114455;0.6208949203336517
0.11451;0.6227731234564288
0.114565;0.624635747317451
0.11462;0.6264799961096812
0.114675;0.6283030451394983
0.11473;0.6301020446037031
0.114785;0.6318741233267797
0.11484;0.6336163924389684
0.11489500000000001;0.6353259489771538
0.11495000000000001;0.6369998793913386
0.11500500000000001;0.6386352629415661
0.11506000000000001;0.6402291749706663
0.11511500000000001;0.6417786900401752
0.11517000000000001;0.6432808849178292
0.11522500000000001;0.6447328414065796
0.11528000000000001;0.6461316490063768
0.11533500000000001;0.6474744074015345
0.11539;0.6487582287676461
0.115445;0.6499802398937483
0.1155;0.6511375841164904
0.115555;0.652227423064719
0.11561;0.6532469382140317
0.115665;0.6541933322524132
0.11572;0.6550638302592044
0.115775;0.655855680701047
0.11583;0.6565661562498647
0.115885;0.6571925544289742
0.11594;0.6577321980949786
0.115995;0.6581824357642401
0.11605;0.6585406417940265
0.116105;0.6588042164298853
0.11616;0.6589705857319921
0.116215;0.6590372013947999
0.11627;0.659001540475663
0.116325;0.658861105049804
0.11638;0.658613421810613
0.11643500000000001;0.6582560416360851
0.11649000000000001;0.65778653914426
0.11654500000000001;0.6572025122626612
0.11660000000000001;0.6565015818392408
0.11665500000000001;0.6556813913250249
0.11671000000000001;0.6547396065617624
0.11676500000000001;0.6536739157114252
0.11682000000000001;0.6524820293682225
0.116875;0.6511616808985972
0.11693;0.6497106270595585
0.116985;0.6481266489520411
0.11704;0.6464075533725827
0.117095;0.6445511746348758
0.11715;0.6425553769418483
0.117205;0.6404180573999867
0.11726;0.6381371497801083
0.117315;0.6357106291437917
0.11737;0.6331365174722321
0.117425;0.6304128904550722
0.11748;0.6275378856215055
0.117535;0.6245097120257104
0.11759;0.6213266617341834
0.117645;0.6179871234062432
0.1177;0.6144895983116115
0.117755;0.6108327191945866
0.11781;0.6070152724757152
0.117865;0.6030362243839568
0.11792000000000001;0.5988947517426182
0.11797500000000001;0.5945902782993806
0.11803000000000001;0.5901225177086942
0.11808500000000001;0.5854915245625734
0.11814000000000001;0.5806977552505316
0.11819500000000001;0.5757421409539358
0.11825000000000001;0.570626175802797
0.11830500000000001;0.5653520242407021
0.11836;0.5599226530977952
0.118415;0.5543419959927396
0.11847;0.5486151608393589
0.118525;0.5427486960291121
0.11858;0.5367509383203222
0.118635;0.5306324773681093
0.11869;0.5244067913521638
0.118745;0.5180911411826623
0.1188;0.5117078685690922
0.118855;0.505286348437308
0.11891;0.4988660463584224
0.118965;0.4925015328107053
0.11902;0.4862711606830973
0.119075;0.48029307173075875
0.11913;0.47475711426679423
0.119185;0.46999508502850923
0.11924;0.4666569279436557
0.119295;0.46624287018680544
0.11935;0.4732562257001379
0.11940500000000001;0.5105802616563306
0.11946000000000001;0.57291721274069
0.11951500000000001;0.3267799280047177
0.11957000000000001;0.3586417843272843
0.11962500000000001;0.36525094394353375
0.11968000000000001;0.36546071759096627
0.11973500000000001;0.36330321609290855
0.11979000000000001;0.36019909249233134
0.11984500000000001;0.35681142102655544
0.1199;0.3535204054975522
0.119955;0.3505837874271694
0.12001;0.348201521947868
0.120065;0.34654519083038515
0.12012;0.34577247511834147
0.120175;0.34603452611396807
0.12023;0.3474795805753245
0.120285;0.35025435965644985
0.12034;0.3545040010199667
0.120395;0.3603709072869564
0.12045;0.3679927207842741
0.120505;0.37749955737041757
0.12056;0.38901060731204834
0.120615;0.402630217519089
0.12067;0.4184435952229353
0.120725;0.43651231044820077
0.12078;0.45686981647665104
0.120835;0.4795172468999412
0.12089;0.5044197773653822
0.12094500000000001;0.5315038522615383
0.12100000000000001;0.5606555647444574
0.12105500000000001;0.5917204380619284
0.12111000000000001;0.6245047857488641
0.12116500000000001;0.6587787308336107
0.12122000000000001;0.6942808471658025
0.12127500000000001;0.7307242609029149
0.12133000000000001;0.7678039312394909
0.121385;0.8052047312573527
0.12144;0.8426098848723718
0.121495;0.8797092924659413
0.12155;0.9162072982901366
0.121605;0.9518295133129117
0.12166;0.9863283986957974
0.121715;1.0194874249695656
0.12177;1.0511237364248063
0.121825;1.0810893566331725
0.12188;1.1092710595619035
0.121935;1.1355890954821786
0.12199;1.1599949997685113
0.122045;1.1824687271183616
0.1221;1.2030153475005783
0.122155;1.221661518433982
0.12221;1.2384519165051573
0.122265;1.2534457744560004
0.12232;1.2667136328865591
0.122375;1.2783343807144862
0.12243000000000001;1.2883926279740188
0.12248500000000001;1.2969764293269952
0.12254000000000001;1.3041753570383325
0.12259500000000001;1.310078907841693
0.12265000000000001;1.3147752184722425
0.12270500000000001;1.318350058886393
0.12276000000000001;1.3208860695100353
0.12281500000000001;1.3224622084848028
0.12287000000000001;1.3231533761392529
0.122925;1.3230301862350826
0.12298;1.3221588564827738
0.123035;1.320601194047806
0.12309;1.3184146550362352
0.123145;1.3156524600913053
0.1232;1.312363751146385
0.123255;1.3085937770075295
0.12331;1.3043840977561805
0.123365;1.2997727999681818
0.12342;1.294794716454845
0.123475;1.2894816456674345
0.12353;1.2838625670972879
0.123585;1.277963849979187
0.12364;1.2718094533952828
0.123695;1.265421116508552
0.12375;1.2588185381530497
0.123805;1.2520195453963003
0.12386;1.2450402509869276
0.12391500000000001;1.2378951998231402
0.12397000000000001;1.2305975047418574
0.12402500000000001;1.2231589720438842
0.12408000000000001;1.2155902172486683
0.12413500000000001;1.2079007716213195
0.12419000000000001;1.200099180039851
0.12424500000000001;1.1921930907798972
0.12430000000000001;1.18418933778946
0.12435500000000001;1.1760940160124986
0.12441;1.167912550299896
0.124465;1.1596497584210492
0.12452;1.1513099086617429
0.124575;1.1428967724643941
0.12463;1.1344136725365734
0.124685;1.1258635268243178
0.12474;1.1172488887170229
0.124795;1.1085719838227701
0.12485;1.0998347436261628
0.124905;1.091038836315006
0.12496;1.0821856950385202
0.12501500000000002;1.0732765438374652
0.12507000000000001;1.0643124214652877
0.12512500000000001;1.055294203301213
0.12518;1.0462226215368668
0.125235;1.0370982838031912
0.12529;1.0279216903882407
0.125345;1.0186932501830706
0.1254;1.0094132954801809
0.125455;1.0000820957370875
0.12551;0.9906998704074573
0.125565;0.9812668009318413
0.12562;0.9717830419714208
0.125675;0.9622487319600941
0.12573;0.9526640030423478
0.125785;0.9430289904578829
0.12584;0.9333438414270377
0.125895;0.92360872358585
0.12595;0.9138238330136691
0.126005;0.9039894018915484
0.12606;0.8941057058248514
0.126115;0.8841730708592564
0.12617;0.8741918802153308
0.126225;0.864162580763319
0.12628;0.854085689255539
0.126335;0.8439617983315941
0.12639;0.8337915823074291
0.126445;0.8235758027570396
0.1265;0.8133153138924559
0.126555;0.8030110677449788
0.12661;0.7926641191485403
0.126665;0.7822756305229436
0.12672;0.7718468764529913
0.126775;0.7613792480571487
0.12683;0.7508742571371363
0.126885;0.7403335400981123
0.12694;0.729758861626972
0.126995;0.7191521181144646
0.12705;0.7085153408055377
0.127105;0.6978506986602159
0.12716;0.6871605009060651
0.127215;0.676447199262106
0.12727;0.6657133898125923
0.127325;0.654961814508262
0.12738;0.6441953622713107
0.127435;0.6334170696802476
0.12749;0.6226301212097761
0.127545;0.6118378490006167
0.1276;0.6010437321341191
0.127655;0.5902513953864365
0.12771000000000002;0.5794646074377682
0.12776500000000002;0.5686872785121718
0.12782000000000002;0.5579234574248004
0.12787500000000002;0.5471773280144229
0.12793000000000002;0.5364532049402551
0.12798500000000002;0.525755528824557
0.12804000000000001;0.5150888607236412
0.12809500000000001;0.5044578759128406
0.12815000000000001;0.49386735697376477
0.128205;0.48332218617483425
0.12826;0.47282733713970826
0.128315;0.4623878658016853
0.12837;0.45200890064625476
0.128425;0.4416956322483239
0.12848;0.43145330211493105
0.128535;0.4212871908493036
0.12859;0.41120260565691213
0.128645;0.40120486721979065
0.1287;0.39129929597047153
0.128755;0.3814911978024186
0.12881;0.3717858492600819
0.128865;0.3621884822565489
0.12892;0.3527042683733884
0.128975;0.34333830280257654
0.12903;0.3340955879959639
0.129085;0.3249810170940959
0.12914;0.31599935721078565
0.129195;0.307155232655621
0.12925;0.29845310818185466
0.129305;0.2898972723518076
0.12936;0.281491821116591
0.129415;0.2732406417116782
0.12947;0.26514739697383727
0.129525;0.25721551018937966
0.12958;0.24944815058712916
0.129635;0.24184821959371644
0.12969;0.2344183379725146
0.129745;0.22716083397119827
0.1298;0.22007773260762215
0.129855;0.21317074622717955
0.12991;0.2064412664709166
0.129965;0.19989035779874414
0.13002;0.19351875271900693
0.130075;0.18732684888441545
0.13013;0.18131470822312812
0.130185;0.1754820582869871
0.13024;0.16982829601242824
0.130295;0.1643524941077191
0.13035;0.1590534103014941
0.130405;0.15392949971302958
0.13046;0.1489789306360205
0.130515;0.14419960406439108
0.13057;0.13958917733280518
0.130625;0.13514509229743418
0.13068000000000002;0.13086460854386725
0.13073500000000002;0.12674484218343524
0.13079000000000002;0.12278281088310036
0.13084500000000002;0.11897548587784439
0.13090000000000002;0.11531985182856375
0.13095500000000002;0.11181297552764796
0.13101000000000002;0.10845208461152579
0.13106500000000001;0.10523465762283787
0.13112000000000001;0.10215852697533066
0.131175;0.09922199661594776
0.13123;0.09642397645359721
0.131285;0.09376413593640533
0.13134;0.09124307951086891
0.131395;0.08886254708922141
0.13145;0.08662564308638519
0.131505;0.08453709806242182
0.13156;0.08260356751652373
0.131615;0.08083397291294309
0.13167;0.07923989056196985
0.131725;0.07783599450222432
0.13178;0.07664055999324004
0.131835;0.07567603456950006
0.13189;0.07496968374234775
0.131945;0.07455431824431033
0.132;0.07446910902544311
0.132055;0.07476049480965234
0.13211;0.07548318460409398
0.132165;0.07670125374034814
0.13222;0.07848932632091563
0.132275;0.08093382873965825
0.13233;0.0841342875103054
0.132385;0.0882046291376545
0.13244;0.09327441930933031
0.132495;0.09948995242187425
0.13255;0.10701506975797095
0.132605;0.11603154539291156
0.13266;0.1267388339773181
0.132715;0.1393529263406623
0.13277;0.1541040121654414
0.132825;0.17123261180703514
0.13288;0.1909838237386579
0.132935;0.2135993565516199
0.13299;0.2393070951991954
0.133045;0.26830811193842175
0.1331;0.30076129145078945
0.133155;0.3367661038844226
0.13321;0.3763445144221388
0.133265;0.41942351664119065
0.13332;0.46582023396318717
0.133375;0.5152318286352501
0.13343;0.567232455721041
0.133485;0.6212790878955738
0.13354;0.6767271740143758
0.133595;0.732855852902782
0.13365;0.788901023963723
0.13370500000000002;0.8440932738620571
0.13376000000000002;0.8976967861602245
0.13381500000000002;0.9490451467991398
0.13387000000000002;0.9975704658401862
0.13392500000000002;1.042823338080492
0.13398000000000002;1.0844825896011212
0.13403500000000002;1.1223551788111787
0.13409000000000001;1.1563677614315024
0.13414500000000001;1.186552127218518
0.1342;1.2130269437355439
0.134255;1.2359780776145526
0.13431;1.2556393420784628
0.134365;1.272274984248812
0.13442;1.2861646936029694
0.134475;1.297591459091264
0.13453;1.306832261460204
0.134585;1.3141513627733457
0.13464;1.3197958315869305
0.134695;1.3239928960376441
0.13475;1.3269487236988309
0.134805;1.3288482652576532
0.13486;1.32985585264115
0.134915;1.3301162999899316
0.13497;1.3297563109275665
0.135025;1.3288860442032144
0.13508;1.3276007305150197
0.135135;1.3259822660542777
0.13519;1.3241007337258601
0.135245;1.3220158221289169
0.1353;1.3197781263528143
0.135355;1.317430324523977
0.13541;1.3150082307757642
0.135465;1.3125417296858883
0.13552;1.3100555998749182
0.135575;1.3075702358734984
0.13563;1.3051022779257213
0.135685;1.302665159382734
0.13574;1.3002695809601388
0.135795;1.297923920531843
0.13585;1.2956345864173626
0.135905;1.2934063213571567
0.13596;1.2912424636105928
0.136015;1.289145170881633
0.13607;1.2871156120960634
0.136125;1.285154131430618
0.13618;1.2832603884308391
0.136235;1.281433477552341
0.13629;1.2796720300146636
0.136345;1.2779743004657997
0.1364;1.276338240613308
0.136455;1.2747615616799062
0.13651;1.2732417872825839
0.136565;1.2717762981108376
0.13662;1.2703623695860766
0.13667500000000002;1.2689972035177293
0.13673000000000002;1.2676779546282289
0.13678500000000002;1.2664017526957885
0.13684000000000002;1.2651657209580873
0.13689500000000002;1.2639669913289415
0.13695000000000002;1.2628027169024598
0.13700500000000002;1.2616700821521996
0.13706000000000002;1.260566311175695
0.13711500000000001;1.2594886742860505
0.13717000000000001;1.2584344932101956
0.137225;1.2574011451179323
0.13728;1.2563860656754111
0.137335;1.2553867512907337
0.13739;1.2544007606976495
0.137445;1.253425716004568
0.1375;1.252459303320862
0.137555;1.2514992730593169
0.13761;1.250543440003112
0.137665;1.2495896832172908
0.13772;1.248635945877942
0.137775;1.247680235087492
0.13783;1.2467206217411944
0.137885;1.2457552405083385
0.13794;1.2447822899912186
0.137995;1.2438000331264263
0.13805;1.2428067978959458
0.138105;1.2418009784199628
0.13816;1.2407810365096912
0.138215;1.2397455037668943
0.13827;1.2386929843274888
0.138325;1.2376221583593388
0.13838;1.2365317864410188
0.138435;1.2354207149672334
0.13849;1.2342878827506323
0.138545;1.2331323290177305
0.1386;1.2319532030309375
0.138655;1.2307497756092605
0.13871;1.2295214528696377
0.138765;1.2282677925691745
0.13882;1.2269885234998303
0.138875;1.2256835684717087
0.13893;1.2243530715239892
0.138985;1.2229974301261464
0.13904;1.2216173332818057
0.139095;1.2202138066288373
0.13915;1.2187882658492173
0.139205;1.2173425799694417
0.13926;1.2158791464576704
0.139315;1.2144009804204063
0.13937;1.212911820686212
0.139425;1.2114162561556112
0.13948;1.2099198765216808
0.139535;1.208429452352657
0.13959;1.2069531506149629
0.139645;1.2055007930458184
0.13970000000000002;1.204084166411615
0.13975500000000002;1.202717395675037
0.13981000000000002;1.2014173935094619
0.13986500000000002;1.2002044025237364
0.13992000000000002;1.199102650072042
0.13997500000000002;1.1981411396964232
0.14003000000000002;1.1973546081259616
0.14008500000000002;1.1967846823205157
0.14014000000000001;1.1964812771561661
0.14019500000000001;1.196504280640063
0.14025;1.1969255792583045
0.140305;1.1978314797839733
0.14036;1.1993255830983585
0.140415;1.2015321560508028
0.14047;1.2046000221041302
0.140525;1.2087069393203298
0.14058;1.2140643378916274
0.140635;1.2209221233146659
0.14069;1.2295729794467898
0.140745;1.2403551815827685
0.1408;1.253652302021521
0.140855;1.2698873221787175
0.14091;1.2895075782430165
0.140965;1.3129558314615253
0.14102;1.3406220304817231
0.141075;1.3727709492669364
0.14113;1.4094443176997014
0.141185;1.4503440322224532
0.14124;1.4947163379181057
0.141295;1.5412731374805055
0.14135;1.5881979172341343
0.141405;1.6332774952903346
0.14146;1.6741669878856615
0.141515;1.7087398918400283
0.14157;1.7354257574275338
0.141625;1.753429494585381
0.14168;1.7627710750381929
0.141735;1.7641567126869475
0.14179;1.7587492424437798
0.141845;1.7479203023352377
0.1419;1.7330454732236291
0.141955;1.7153687375030724
0.14201;1.6959342499132803
0.142065;1.6755688446070316
0.14212;1.6548956630177079
0.142175;1.6555352871201108
0.14223;1.6406399726822363
0.142285;1.62362562479254
0.14234;1.6064317167256326
0.142395;1.5894940824224366
0.14245;1.5730019841851652
0.142505;1.5570491168338023
0.14256;1.5416797493369516
0.142615;1.5269089901593693
0.14267;1.5127337019411895
0.14272500000000002;1.4991391197114166
0.14278000000000002;1.4861031438602597
0.14283500000000002;1.4735992287425976
0.14289000000000002;1.4615983607708245
0.14294500000000002;1.4500704194118033
0.14300000000000002;1.4389851085157008
0.14305500000000002;1.428312583731259
0.14311000000000001;1.4180238631545437
0.14316500000000001;1.408091082868388
0.14322000000000001;1.3984876415581518
0.143275;1.3891882661043893
0.14333;1.380169021258153
0.143385;1.371407280132778
0.14344;1.362881667588996
0.143495;1.3545719851620692
0.14355;1.346459123642965
0.143605;1.3385249675364927
0.14366;1.3307522942000314
0.143715;1.3231246693904617
0.14377;1.315626340113699
0.143825;1.3082421250116094
0.14388;1.3009573019742495
0.143935;1.2937574921896786
0.14399;1.2866285393987198
0.144045;1.279556382674675
0.1441;1.2725269205670218
0.144155;1.265525863897687
0.14421;1.2585385738421127
0.144265;1.2515498811200705
0.14432;1.2445438811050267
0.144375;1.2375036983643326
0.14443;1.2304112124691797
0.144485;1.223246734733357
0.14454;1.2159886226819097
0.144595;1.2086128152743012
0.14465;1.2010922668906556
0.144705;1.1933962513876302
0.14476;1.1854894985340922
0.144815;1.1773311130210935
0.14487;1.1688732099016865
0.144925;1.1600591783342002
0.14498;1.1508214561802081
0.145035;1.1410786596725508
0.14509;1.1307318643782347
0.145145;1.1196597793037724
0.1452;1.1077125101186822
0.145255;1.0947036169777715
0.14531;1.0804003700585467
0.145365;1.0645128557077643
0.14542;1.0466848861019789
0.145475;1.0264963020914097
0.14553;1.003505234820427
0.145585;0.9774139074174422
0.14564;0.9486041608653262
0.14569500000000002;0.9197682572636575
0.14575000000000002;0.9006338516607261
0.14580500000000002;0.9194626882954423
0.14586000000000002;1.0333350853143077
0.14591500000000002;1.2621290792145077
0.14597000000000002;1.4646932759470408
0.14602500000000002;1.5332148234440497
0.14608000000000002;1.518753022086139
0.14613500000000001;1.4795825449674027
0.14619000000000001;1.438918416906337
0.146245;1.4029627609233382
0.1463;1.3724622591122757
0.146355;1.3467454674908037
0.14641;1.324926482347109
0.146465;1.3062211001941804
0.14652;1.2900016513189279
0.146575;1.2757815669031645
0.14663;1.2631865108189075
0.146685;1.2519277698275844
0.14674;1.2417811394915628
0.146795;1.2325710118386317
0.14685;1.2241585959432442
0.146905;1.2164332285798296
0.14696;1.2093059431999482
0.147015;1.202704678679579
0.14707;1.196570680347727
0.147125;1.1908557726286828
0.14718;1.1855202736700388
0.147235;1.1805313868798386
0.14729;1.1758619499468215
0.147345;1.171489454284049
0.1474;1.167395270907134
0.147455;1.1635640353198684
0.14751;1.159983155959856
0.147565;1.156642419495701
0.14762;1.1535336726941847
0.147675;1.150650565342327
0.14773;1.147988342274024
0.147785;1.1455436752372012
0.14784;1.1433145273795835
0.147895;1.1413000446939254
0.14795;1.139500469969398
0.148005;1.137917075733228
0.14806;1.1365521133996368
0.148115;1.1354087764215834
0.14817;1.1344911756986018
0.148225;1.1338043258597885
0.14828;1.133354141333911
0.148335;1.1331474413534737
0.14839;1.133191963228724
0.148445;1.1334963833779033
0.1485;1.13407034571859
0.148555;1.1349244971146903
0.14861;1.1360705296373392
0.148665;1.1375212294361272
0.14872000000000002;1.1392905320286117
0.14877500000000002;1.1413935837992022
0.14883000000000002;1.1438468094487977
0.14888500000000002;1.1466679850480967
0.14894000000000002;1.1498763162129444
0.14899500000000002;1.1534925207281208
0.14905000000000002;1.1575389146835084
0.14910500000000002;1.1620395008360866
0.14916000000000001;1.1670200574515428
0.14921500000000001;1.1725082252821133
0.14927;1.1785335895710851
0.149325;1.1851277529964437
0.14938;1.192324394228221
0.149435;1.2001593052163955
0.14949;1.2086703983783396
0.149545;1.2178976724365016
0.1496;1.2278831226768085
0.149655;1.2386705777552904
0.14971;1.2503054407762382
0.149765;1.2628343071013057
0.14982;1.2763044251579583
0.149875;1.29076295937677
0.14993;1.306256006369898
0.149985;1.3228273067951228
0.15004;1.34051658648433
0.150095;1.3593574521721536
0.15015;1.379374760850586
0.150205;1.4005813794146778
0.15026;1.4229742557610328
0.150315;1.4465297378662134
0.15037;1.4711981088499995
0.150425;1.4968973600194322
0.15048;1.5235063075356472
0.150535;1.5508572784752457
0.15059;1.578728753235409
0.150645;1.6068385526352968
0.1507;1.6348383891374592
0.150755;1.662310836929522
0.15081;1.6887699702773171
0.150865;1.7136670075921194
0.15092;1.736402197937264
0.150975;1.756343814374004
0.15103;1.7728544186942865
0.151085;1.7853235426195033
0.15114;1.7932046981771739
0.151195;1.7960534046327838
0.15125;1.7935620077503942
0.151305;1.7855867861541819
0.15136;1.7721634040662888
0.151415;1.7535081868772477
0.15147;1.7300047200641864
0.151525;1.7021774556138858
0.15158;1.670655843503404
0.151635;1.6361335862964146
0.15169000000000002;1.5993277720659018
0.15174500000000002;1.5609419653449044
0.15180000000000002;1.5216361116967978
0.15185500000000002;1.4820046953826567
0.15191000000000002;1.4425632946598141
0.15196500000000002;1.4037427049084314
0.15202000000000002;1.36588921717834
0.15207500000000002;1.329269418424546
0.15213000000000002;1.2940779315974387
0.15218500000000001;1.2604467344385477
0.15224000000000001;1.2284549924966146
0.152295;1.1981386464954595
0.15235;1.1694992653879623
0.152405;1.1425118950293232
0.15246;1.1171317946044501
0.152515;1.0933000640064674
0.15257;1.0709482346264925
0.152625;1.0500019337225717
0.15268;1.0303837480194746
0.152735;1.0120154130976462
0.15279;0.9948194472768394
0.152845;0.9787203362260061
0.1529;0.9636453602278341
0.152955;0.949525141647653
0.15301;0.936293976717521
0.153065;0.9238900037612864
0.15312;0.9122552496408638
0.153175;0.9013355874886447
0.15323;0.8910806315871357
0.153285;0.8814435893902756
0.15334;0.8723810859642619
0.153395;0.8638529723746936
0.15345;0.8558221265914155
0.153505;0.8482542531762051
0.15356;0.841117686232092
0.153615;0.8343831987238765
0.15367;0.828023820237862
0.153725;0.8220146644650796
0.15378;0.8163327671099004
0.153835;0.810956934498412
0.15389;0.805867602853883
0.153945;0.8010467079903734
0.154;0.796477565028748
0.154055;0.7921447576448027
0.15411;0.7880340363030454
0.154165;0.7841322249027005
0.15422;0.7804271352551403
0.154275;0.7769074888201049
0.15433;0.7735628451459859
0.154385;0.7703835364836652
0.15444;0.7673606080724522
0.154495;0.7644857636271541
0.15455;0.7617513155872416
0.154605;0.7591501397206412
0.15466;0.7566756337053013
0.15471500000000002;0.7543216793412452
0.15477000000000002;0.7520826080737021
0.15482500000000002;0.7499531695338856
0.15488000000000002;0.7479285028282053
0.15493500000000002;0.7460041103287557
0.15499000000000002;0.7441758337380935
0.15504500000000002;0.7424398322193423
0.15510000000000002;0.7407925623981005
0.15515500000000002;0.7392307600558227
0.15521000000000001;0.7377514233437914
0.15526500000000001;0.7363517973521322
0.15532;0.7350293598655191
0.155375;0.7337818081225576
0.15543;0.732607046356361
0.155485;0.7315031738047906
0.15554;0.7304684726786655
0.155595;0.7295013951074227
0.15565;0.7286005468966745
0.155705;0.7277646625951826
0.15576;0.7269925554783105
0.155815;0.7262829822925704
0.15587;0.7256341202036879
0.155925;0.7250398916459639
0.15598;0.7257344464081789
0.156035;0.7240992196451294
0.15609;0.7236888302933309
0.156145;0.7233459617219886
0.1562;0.7230655021182386
0.156255;0.7228465032018535
0.15631;0.7226887995366766
0.156365;0.7225925137772968
0.15642;0.7225579279258875
0.156475;0.722585436333601
0.15653;0.7226755231776485
0.156585;0.7228287487068866
0.15664;0.7230457389856362
0.156695;0.7233271770882224
0.15675;0.7236737948527218
0.156805;0.7240863647677422
0.15686;0.724565691772532
0.156915;0.7251126048505995
0.15697;0.7257279483496133
0.157025;0.726412572991077
0.15708;0.7271673265530465
0.157135;0.7279930442234233
0.15719;0.7288905386332288
0.157245;0.7298605895892559
0.1573;0.7309039335352895
0.157355;0.7320212527803711
0.15741;0.73321316454183
0.157465;0.7344802098600489
0.15752;0.7358228424509166
0.157575;0.7372414175712658
0.15763;0.7387361809809089
0.157685;0.7403072580936809
0.15774000000000002;0.7419546434174533
0.15779500000000002;0.7436781903902705
0.15785000000000002;0.7454776017258689
0.15790500000000002;0.7473524203868882
0.15796000000000002;0.7493020213076317
0.15801500000000002;0.7513256039903202
0.15807000000000002;0.753422186098991
0.15812500000000002;0.7555905981735873
0.15818000000000002;0.7578294795827714
0.15823500000000001;0.760137275827861
0.15829000000000001;0.7625122373018371
0.158345;0.764952419596165
0.1584;0.7674556854349655
0.158455;0.7700197082998138
0.15851;0.772641977790641
0.158565;0.7753198067476538
0.15862;0.7780503401370014
0.158675;0.7808305656792306
0.15873;0.7836573261745226
0.158785;0.7865273334528559
0.15884;0.7894371838514331
0.158895;0.7923833750954166
0.15895;0.7953623244333786
0.159005;0.7983703878548308
0.15906;0.8014038801953959
0.159115;0.8044590959157746
0.15917;0.8075323303240295
0.159225;0.8106199009978482
0.15928;0.8137181691538178
0.159335;0.8168235607059073
0.15939;0.8199325867542484
0.159445;0.8230418632490665
0.1595;0.8261481295828692
0.159555;0.8292482658763202
0.15961;0.832339308740267
0.159665;0.8354184653170528
0.15972;0.8384831254284311
0.159775;0.8415308716848822
0.15983;0.8445594874409967
0.159885;0.8475669625132323
0.15994;0.8505514966096712
0.159995;0.8535115004546985
0.16005;0.8564455946255024
0.160105;0.8593526061498178
0.16016;0.8622315629459281
0.160215;0.8650816862155482
0.16027;0.8679023809269475
0.160325;0.870693224550199
0.16038;0.8734539542267531
0.160435;0.8761844525730309
0.16049;0.8788847323309361
0.160545;0.8815549200875842
0.1606;0.8841952392921758
0.160655;0.8868059927993655
0.16071000000000002;0.8893875451663849
0.16076500000000002;0.8919403049256119
0.16082000000000002;0.8944647070452122
0.16087500000000002;0.8969611957786282
0.16093000000000002;0.8994302080894092
0.16098500000000002;0.901872157821196
0.16104000000000002;0.9042874207644306
0.16109500000000002;0.9066763207517314
0.16115000000000002;0.9090391168934536
0.16120500000000001;0.9113759920440656
0.16126000000000001;0.913687042568747
0.16131500000000001;0.9159722694593341
0.16137;0.9182315708282857
0.161425;0.9204647357906588
0.16148;0.922671439725767
0.161535;0.9248512408942198
0.16159;0.9270035783707731
0.161645;0.9291277712404735
0.1617;0.9312230189941415
0.161755;0.9332884030498311
0.16181;0.9353228893190743
0.161865;0.9373253317309718
0.16192;0.9392944766229809
0.161975;0.9412289679049864
0.16203;0.9431273529019937
0.162085;0.9449880887817185
0.16214;0.9468095494749191
0.162195;0.9485900329988302
0.16225;0.9503277690994293
0.162305;0.952020927130703
0.16236;0.9536676240968238
0.162415;0.9552659327876625
0.16247;0.9568138899445991
0.162525;0.9583095044008147
0.16258;0.9597507651461101
0.162635;0.9611356492738263
0.16269;0.9624621297734504
0.162745;0.9637281831396576
0.1628;0.9649317967743585
0.162855;0.9660709761645975
0.16291;0.9671437518249422
0.162965;0.96814818599808
0.16302;0.9690823791126371
0.163075;0.9699444760015047
0.16313;0.9707326718883601
0.163185;0.9714452181537275
0.16324;0.972080427895147
0.163295;0.9726366812992987
0.16335;0.9731124308461744
0.163405;0.973506206367758
0.16346;0.9738166199857071
0.163515;0.974042370953828
0.16357;0.974182250432554
0.163625;0.9742351462238353
0.16368;0.9742000474951954
0.16373500000000002;0.9740760495228177
0.16379000000000002;0.9738623584833347
0.16384500000000002;0.9735582963245957
0.16390000000000002;0.9731633057455572
0.16395500000000002;0.9726769553152613
0.16401000000000002;0.9720989447607322
0.16406500000000002;0.9714291104531567
0.16412000000000002;0.9706674311214465
0.16417500000000002;0.969814033821367
0.16423000000000001;0.9688692001880723
0.16428500000000001;0.9678333729989046
0.16434;0.9667071630726155
0.164395;0.9654913565299389
0.16445;0.964186922439655
0.164505;0.9627950208726901
0.16456;0.9613170113858511
0.164615;0.9597544619548158
0.16467;0.9581091583746008
0.164725;0.9563831141435396
0.16478;0.9545785808448214
0.164835;0.952698059037014
0.16489;0.9507443096621542
0.164945;0.9487203659771221
