1e-20;5.910357964356794e-20
5.500000000000001e-05;6.125213403545188e-20
0.00011000000000000002;6.348096142212717e-20
0.000165;6.579314370171306e-20
0.00022;6.819188433686178e-20
0.000275;7.068051327992161e-20
0.00033;7.326249210302196e-20
0.00038500000000000003;7.594141934179813e-20
0.00044;7.872103606189462e-20
0.000495;8.160523165771601e-20
0.00055;8.459804989351217e-20
0.0006050000000000001;8.770369519701574e-20
0.00066;9.092653921665675e-20
0.000715;9.427112765349139e-20
0.0007700000000000001;9.774218737979903e-20
0.000825;1.013446338566565e-19
0.00088;1.0508357886336344e-19
0.0009350000000000001;1.0896433855211957e-19
0.00099;1.1299244184216822e-19
0.0010450000000000001;1.171736391678629e-19
0.0011;1.215139115962608e-19
0.001155;1.260194803298484e-19
0.0012100000000000001;1.3069681661162188e-19
0.001265;1.3555265204948784e-19
0.00132;1.4059398937865654e-19
0.0013750000000000001;1.4582811368072134e-19
0.00143;1.5126260407953151e-19
0.001485;1.5690534593467606e-19
0.0015400000000000001;1.6276454355417106e-19
0.001595;1.6884873344903935e-19
0.00165;1.7516679815373012e-19
0.0017050000000000001;1.817279806368115e-19
0.00176;1.8854189932816216e-19
0.001815;1.9561856378940303e-19
0.0018700000000000001;2.029683910560921e-19
0.001925;2.1060222268111038e-19
0.00198;2.185313425101834e-19
0.002035;2.267674952215545e-19
0.0020900000000000003;2.3532290566409306e-19
0.002145;2.4421029902844503e-19
0.0022;2.534429218885727e-19
0.002255;2.6303456415196135e-19
0.00231;2.7299958195882235e-19
0.002365;2.833529215723939e-19
0.0024200000000000003;2.941101443044974e-19
0.002475;3.0528745252210194e-19
0.00253;3.1690171678319244e-19
0.002585;3.289705041522716e-19
0.00264;3.4151210774823497e-19
0.002695;3.5454557757901657e-19
0.0027500000000000003;3.6809075272157877e-19
0.002805;3.8216829490637467e-19
0.00286;3.967997235701144e-19
0.002915;4.120074524418611e-19
0.00297;4.2781482773189743e-19
0.003025;4.442461679952544e-19
0.0030800000000000003;4.613268057448872e-19
0.003135;4.79083130893903e-19
0.00319;4.975426361086304e-19
0.003245;5.167339641593663e-19
0.0033;5.366869573585933e-19
0.003355;5.574327091816152e-19
0.0034100000000000003;5.790036181674235e-19
0.003465;6.014334442045696e-19
0.00352;6.2475736730873285e-19
0.003575;6.490120490067285e-19
0.00363;6.742356964435199e-19
0.0036850000000000003;7.004681293383476e-19
0.0037400000000000003;7.277508499178312e-19
0.003795;7.561271159634893e-19
0.00385;7.856420171141877e-19
0.003905;8.163425545736805e-19
0.00396;8.482777243784712e-19
0.004015;8.814986043890766e-19
0.00407;9.16058445174707e-19
0.004125;9.520127649719176e-19
0.0041800000000000006;9.894194489018141e-19
0.004235;1.028338852644407e-18
0.00429;1.0688339107725422e-18
0.004345;1.1109702499620491e-18
0.0044;1.1548163073028975e-18
0.004455;1.2004434539456131e-18
0.00451;1.2479261243302822e-18
0.0045650000000000005;1.2973419512575415e-18
0.00462;1.348771907069612e-18
0.004675;1.4023004512275209e-18
0.00473;1.4580156845783038e-18
0.004785;1.5160095106253661e-18
0.0048400000000000006;1.5763778041266532e-18
0.004895;1.6392205873615874e-18
0.00495;1.704642214423718e-18
0.005005;1.7727515639135018e-18
0.00506;1.843662240425043e-18
0.005115;1.917492785234142e-18
0.00517;1.9943668966201966e-18
0.0052250000000000005;2.074413660273582e-18
0.00528;2.1577677902580235e-18
0.005335;2.244569881027165e-18
0.00539;2.3349666710090445e-18
0.005445;2.429111318305961e-18
0.0055000000000000005;2.527163689078445e-18
0.005555;2.6292906592094598e-18
0.00561;2.7356664298729493e-18
0.005665;2.8464728576674007e-18
0.00572;2.9618997999944926e-18
0.005775000000000001;3.08214547641019e-18
0.00583;3.2074168466963537e-18
0.0058850000000000005;3.33793000644853e-18
0.00594;3.4739106010073264e-18
0.005995;3.615594258604054e-18
0.00605;3.763227043627017e-18
0.006105;3.917065930971231e-18
0.0061600000000000005;4.077379302465353e-18
0.006215;4.244447466427913e-18
0.00627;4.418563201457731e-18
0.006325;4.60003232560105e-18
0.00638;4.7891742921153e-18
0.006435000000000001;4.986322813091768e-18
0.00649;5.1918265122674e-18
0.0065450000000000005;5.406049608415621e-18
0.0066;5.6293726307846345e-18
0.006655;5.8621931681047835e-18
0.00671;6.10492665278192e-18
0.006765;6.35800718194767e-18
0.0068200000000000005;6.621888377140066e-18
0.006875;6.897044284466488e-18
0.00693;7.183970317182183e-18
0.006985;7.483184242721534e-18
0.00704;7.795227216319885e-18
0.007095000000000001;8.120664863452544e-18
0.00715;8.460088413448915e-18
0.0072050000000000005;8.8141158867255e-18
0.00726;9.183393338223984e-18
0.007315;9.568596159759245e-18
0.007370000000000001;9.970430444103739e-18
0.007425;1.0389634413779022e-17
0.0074800000000000005;1.0826979917674285e-17
0.007535;1.1283273998753753e-17
0.00759;1.1759360536278011e-17
0.007645;1.2256121966113399e-17
0.0077;1.2774481082917753e-17
0.007755000000000001;1.3315402928118709e-17
0.00781;1.3879896767839083e-17
0.007865;1.4469018165080074e-17
0.00792;1.508387115072055e-17
0.007975;1.572561049808756e-17
0.00803;1.6395444106082528e-17
0.008085;1.7094635496079234e-17
0.00814;1.7824506428105864e-17
0.008195000000000001;1.8586439641997012e-17
0.00825;1.9381881729590052e-17
0.008305;2.0212346144208985e-17
0.008360000000000001;2.1079416354067417e-17
0.008415;2.1984749146512987e-17
0.00847;2.293007809031676e-17
0.008525;2.3917217163618158e-17
0.00858;2.4948064555475858e-17
0.008635;2.6024606649298653e-17
0.00869;2.7148922196923678e-17
0.008745000000000001;2.8323186692365323e-17
0.0088;2.9549676954880126e-17
0.008855;3.083077593122537e-17
0.00891;3.216897772764738e-17
0.008965;3.356689288242974e-17
0.00902;3.502725389050474e-17
0.009075;3.6552920992052734e-17
0.009130000000000001;3.8146888237569546e-17
0.009185;3.9812289842452244e-17
0.00924;4.155240684482787e-17
0.009295000000000001;4.337067408074817e-17
0.00935;4.5270687491800105e-17
0.009405;4.725621178056915e-17
0.00946;4.933118843022382e-17
0.009515000000000001;5.149974410522785e-17
0.00957;5.376619945073204e-17
0.009625;5.613507830924676e-17
0.009680000000000001;5.861111737363253e-17
0.009735;6.119927629658031e-17
0.00979;6.390474827738956e-17
0.009845;6.673297114774345e-17
0.0099;6.968963897907373e-17
0.009955;7.278071423509654e-17
0.01001;7.601244049383019e-17
0.010065000000000001;7.939135576464271e-17
0.01012;8.292430642637886e-17
0.010175;8.661846181429703e-17
0.01023;9.048132948376839e-17
0.010285;9.452077118037598e-17
0.01034;9.874501954649278e-17
0.010395;1.0316269559599379e-16
0.010450000000000001;1.0778282698934952e-16
0.010505;1.1261486714261343e-16
0.01056;1.176687152046344e-16
0.010615000000000001;1.2295473693815464e-16
0.01067;1.2848378654095747e-16
0.010725;1.3426722944466373e-16
0.01078;1.4031696612912677e-16
0.010835000000000001;1.4664545699176217e-16
0.01089;1.5326574831155456e-16
0.010945;1.6019149934824383e-16
0.011000000000000001;1.674370106176774e-16
0.011055;1.7501725338527988e-16
0.01111;1.8294790041895811e-16
0.011165;1.9124535804409793e-16
0.01122;1.9992679954192677e-16
0.011275;2.0901019993377994e-16
0.01133;2.1851437219168634e-16
0.011385000000000001;2.284590049163746e-16
0.01144;2.3886470152128847e-16
0.011495;2.49753020960741e-16
0.011550000000000001;2.6114652003782603e-16
0.011605;2.7306879732514734e-16
0.01166;2.855445387285054e-16
0.011715;2.985995647204069e-16
0.011770000000000001;3.1226087926478273e-16
0.011825;3.265567204504086e-16
0.01188;3.415166128430166e-16
0.011935000000000001;3.571714215597771e-16
0.01199;3.7355340806147954e-16
0.012045;3.9069628764722737e-16
0.0121;4.0863528862594825e-16
0.012155000000000001;4.274072131264622e-16
0.01221;4.470504994921914e-16
0.012265;4.676052861910595e-16
0.012320000000000001;4.891134771509229e-16
0.012375;5.1161880840991145e-16
0.01243;5.351669159467022e-16
0.012485000000000001;5.598054045268844e-16
0.01254;5.855839173719672e-16
0.012595;6.125542064192975e-16
0.01265;6.407702029051655e-16
0.012705000000000001;6.702880879541105e-16
0.01276;7.01166362810793e-16
0.012815;7.334659182901687e-16
0.012870000000000001;7.67250102961632e-16
0.012925;8.025847895085914e-16
0.01298;8.395384386258263e-16
0.013035;8.781821597259982e-16
0.013090000000000001;9.185897676295933e-16
0.013145;9.608378342936826e-16
0.0132;1.0050057345167063e-15
0.013255000000000001;1.0511756844088478e-15
0.01331;1.0994327712641667e-15
0.013365;1.1498649732956106e-15
0.01342;1.20256316749436e-15
0.013475;1.2576211236575545e-15
0.01353;1.3151354823874149e-15
0.013585;1.3752057145843199e-15
0.013640000000000001;1.4379340596601113e-15
0.013695;1.503425439351014e-15
0.01375;1.5717873436363162e-15
0.013805000000000001;1.6431296848420582e-15
0.01386;1.7175646155409734e-15
0.013915;1.7952063053279276e-15
0.01397;1.8761706709726436e-15
0.014025000000000001;1.9605750537891822e-15
0.01408;2.048537837335378e-15
0.014135;2.140177997739939e-15
0.014190000000000001;2.2356145780515096e-15
0.014245;2.3349660769825207e-15
0.0143;2.438349741301711e-15
0.014355;2.5458807498561454e-15
0.014410000000000001;2.65767127580639e-15
0.014465;2.7738294120855254e-15
0.01452;2.8944579433364056e-15
0.014575000000000001;3.0196529456229078e-15
0.01463;3.149502193040873e-15
0.014685;3.2840833478853366e-15
0.014740000000000001;3.423461908334048e-15
0.014795;3.5676888845350994e-15
0.01485;3.716798170595635e-15
0.014905;3.87080357615457e-15
0.014960000000000001;4.029695476965637e-15
0.015015;4.193437039146456e-15
0.01507;4.361959966433122e-15
0.015125000000000001;4.535159713799402e-15
0.01518;4.712890104120626e-15
0.015235;4.89495727709513e-15
0.01529;5.0811128912214546e-15
0.015345000000000001;5.271046490263722e-15
0.0154;5.464376935081539e-15
0.015455;5.660642789881799e-15
0.015510000000000001;5.859291538680426e-15
0.015565;6.059667492895125e-15
0.01562;6.260998234216135e-15
0.015675;6.462379418164125e-15
0.01573;6.662757742560654e-15
0.015785;6.860911861420768e-15
0.01584;7.055430998006465e-15
0.015895;7.244690980702e-15
0.01595;7.426827391436635e-15
0.016005000000000002;7.599705478218345e-15
0.01606;7.760886440202305e-15
0.016115;7.90758964517546e-15
0.01617;8.036650284410591e-15
0.016225;8.144471907936818e-15
0.01628;8.226973213209114e-15
0.016335000000000002;8.279528380984579e-15
0.016390000000000002;8.296900162601838e-15
0.016445;8.273164821433266e-15
0.0165;8.201627916334087e-15
0.016555;8.074729784604309e-15
0.01661;7.88393943416377e-15
0.016665;7.619635386845791e-15
0.016720000000000002;7.270971824012182e-15
0.016775;6.825728168999889e-15
0.01683;6.270139994243154e-15
0.016885;5.588708860144002e-15
0.01694;4.763988372732695e-15
0.016995;3.7763433820989525e-15
0.01705;2.6036788264045715e-15
0.017105000000000002;1.2211342463531692e-15
0.01716;3.5681078855383986e-10
0.017215;1.923494839044683e-09
0.01727;3.54130300457204e-09
0.017325;5.211618390891274e-09
0.01738;6.935847196847112e-09
0.017435;8.71542780323743e-09
0.017490000000000002;1.0551833631440208e-08
0.017545;1.2446574854477507e-08
0.0176;1.4401199749061993e-08
0.017655;1.641729591267867e-08
0.01771;1.849649142902114e-08
0.017765;2.0640456019116718e-08
0.01782;2.2850902196540197e-08
0.017875000000000002;2.5129586437327234e-08
0.01793;2.7478310370779947e-08
0.017985;2.98989219954299e-08
0.01804;3.2393316923232666e-08
0.018095;3.496343965419216e-08
0.01815;3.761128488348861e-08
0.018205;4.0338898842573784e-08
0.018260000000000002;4.3148380675952514e-08
0.018315;4.604188385490731e-08
0.01837;4.902161762966834e-08
0.018425;5.2089848521158464e-08
0.01848;5.524890185393712e-08
0.018535;5.8501163331418e-08
0.018590000000000002;6.184908065491596e-08
0.018645000000000002;6.529516518770738e-08
0.0187;6.884199366568713e-08
0.018755;7.249220995599438e-08
0.01881;7.624852686504286e-08
0.018865;8.011372799749157e-08
0.01892;8.409066966775636e-08
0.018975000000000002;8.818228286564769e-08
0.019030000000000002;9.239157527778277e-08
0.019085;9.672163336634104e-08
0.01914;1.01175624507246e-07
0.019195;1.0575679918917681e-07
0.01925;1.1046849327566425e-07
0.019305;1.153141303317981e-07
0.019360000000000002;1.202972240178928e-07
0.019415;1.2542138055195144e-07
0.01947;1.306903012431423e-07
0.019525;1.361077850982843e-07
0.01958;1.4167773150394525e-07
0.019635;1.474041429860759e-07
0.01969;1.5329112805000314e-07
0.019745000000000002;1.5934290410282823e-07
0.0198;1.6556380046109983e-07
0.019855;1.7195826144643759e-07
0.01991;1.785308495716067e-07
0.019965;1.852862488199773e-07
0.02002;1.9222926802148156e-07
0.020075;1.9936484432774429e-07
0.020130000000000002;2.066980467899412e-07
0.020185;2.1423408004202018e-07
0.02024;2.2197828809331795e-07
0.020295;2.2993615823345657e-07
0.02035;2.3811332505349772e-07
0.020405;2.465155745866277e-07
0.02046;2.551488485725871e-07
0.020515000000000002;2.6401924884960685e-07
0.02057;2.7313304187793454e-07
0.020625;2.824966633990538e-07
0.02068;2.9211672323536364e-07
0.020735;3.020000102342652e-07
0.02079;3.1215349736187453e-07
0.020845000000000002;3.2258434695082483e-07
0.020900000000000002;3.3329991610723147e-07
0.020955;3.443077622822577e-07
0.02101;3.556156490131737e-07
0.021065;3.672315518399928e-07
0.02112;3.7916366440290575e-07
0.021175;3.914204047268127e-07
0.021230000000000002;4.0401042169907405e-07
0.021285000000000002;4.169426017466097e-07
0.02134;4.302260757191829e-07
0.021395;4.4387022598573585e-07
0.02145;4.5788469375048395e-07
0.021505;4.722793865967672e-07
0.02156;4.870644862653196e-07
0.021615000000000002;5.022504566758467e-07
0.021670000000000002;5.17848052199229e-07
0.021725;5.338683261893779e-07
0.02178;5.503226397830207e-07
0.021835;5.672226709768599e-07
0.02189;5.84580423991345e-07
0.021945;6.02408238930879e-07
0.022000000000000002;6.2071880175024e-07
0.022055;6.395251545383797e-07
0.02211;6.588407061296242e-07
0.022165;6.786792430543288e-07
0.02222;6.990549408399649e-07
0.022275;7.199823756752518e-07
0.02233;7.414765364497551e-07
0.022385000000000002;7.635528371819641e-07
0.02244;7.862271298492167e-07
0.022495;8.095157176339418e-07
0.02255;8.334353686001995e-07
0.022605;8.580033298164623e-07
0.02266;8.832373419391092e-07
0.022715;9.091556542743785e-07
0.022770000000000002;9.357770403343399e-07
0.022825;9.631208139056052e-07
0.02288;9.91206845648076e-07
0.022935;1.0200555802431664e-06
0.02299;1.049688054111234e-06
0.023045;1.0801259137184823e-06
0.023100000000000002;1.1113914344941954e-06
0.023155000000000002;1.1435075403813753e-06
0.02321;1.1764978240424972e-06
0.023265;1.2103865677454643e-06
0.02332;1.2451987649531074e-06
0.023375;1.2809601426432935e-06
0.02343;1.3176971843856874e-06
0.023485000000000002;1.3554371542031336e-06
0.023540000000000002;1.3942081212464576e-06
0.023595;1.4340389853134937e-06
0.02365;1.4749595032423383e-06
0.023705;1.5170003162129897e-06
0.02376;1.5601929779899157e-06
0.023815;1.6045699841412625e-06
0.023870000000000002;1.6501648022721346e-06
0.023925000000000002;1.697011903308779e-06
0.02398;1.7451467938750067e-06
0.024035;1.7946060498000808e-06
0.02409;1.8454273508041416e-06
0.024145;1.897649516403485e-06
0.0242;1.9513125430832038e-06
0.024255000000000002;2.006457642787132e-06
0.024310000000000002;2.0631272827735616e-06
0.024365;2.121365226892161e-06
0.02442;2.1812165783350263e-06
0.024475;2.24272782392031e-06
0.02453;2.305946879968721e-06
0.024585;2.370923139834161e-06
0.024640000000000002;2.4377075231549306e-06
0.024695;2.506352526891892e-06
0.02475;2.5769122782257268e-06
0.024805;2.649442589386857e-06
0.02486;2.724001014494564e-06
0.024915;2.800646908485432e-06
0.024970000000000003;2.8794414882173025e-06
0.025025000000000002;2.9604478958328666e-06
0.02508;3.043731264478283e-06
0.025135;3.129358786468614e-06
0.02519;3.2173997840019176e-06
0.025245;3.3079257825269547e-06
0.0253;3.401010586871173e-06
0.025355000000000003;3.4967303602439183e-06
0.025410000000000002;3.5951637062340684e-06
0.025465;3.6963917539253055e-06
0.02552;3.8004982462609802e-06
0.025575;3.907569631790288e-06
0.02563;4.017695159943495e-06
0.025685;4.1309669799783905e-06
0.025740000000000002;4.24748024376058e-06
0.025795000000000002;4.3673332125325375e-06
0.02585;4.4906273678468285e-06
0.025905;4.617467526841425e-06
0.02596;4.747961962040158e-06
0.026015;4.8822225258765214e-06
0.02607;5.020364780144747e-06
0.026125000000000002;5.1625081305910754e-06
0.026180000000000002;5.308775966872255e-06
0.026235;5.459295808112542e-06
0.02629;5.614199454308823e-06
0.026345;5.773623143841828e-06
0.0264;5.937707717362577e-06
0.026455;6.106598788339533e-06
0.026510000000000002;6.2804469205635336e-06
0.026565000000000002;6.459407812925297e-06
0.02662;6.643642491791178e-06
0.026675;6.833317511319773e-06
0.02673;7.02860516208794e-06
0.026785;7.22968368839579e-06
0.02684;7.436737514661308e-06
0.026895000000000002;7.649957481309134e-06
0.02695;7.869541090605441e-06
0.027005;8.09569276289719e-06
0.02706;8.328624103739909e-06
0.027115;8.568554182425246e-06
0.02717;8.815709822451953e-06
0.027225000000000003;9.070325904494623e-06
0.027280000000000002;9.332645682478174e-06
0.027335;9.60292111337261e-06
0.02739;9.881413201371741e-06
0.027445;1.0168392357154545e-05
0.0275;1.0464138772949336e-05
0.027555;1.0768942814183403e-05
0.027610000000000003;1.1083105428517386e-05
0.027665000000000002;1.1406938573125589e-05
0.02772;1.1740765661127571e-05
0.027775;1.20849220281136e-05
0.02783;1.2439755419769758e-05
0.027885;1.280562650166149e-05
0.02794;1.3182909392296316e-05
0.027995000000000003;1.3571992220637361e-05
0.028050000000000002;1.397327770931116e-05
0.028105;1.4387183784839265e-05
0.02816;1.4814144216260948e-05
0.028215;1.5254609283637835e-05
0.02827;1.5709046477973053e-05
0.028325;1.6177941234197087e-05
0.028380000000000002;1.66617976989588e-05
0.028435000000000002;1.7161139535050507e-05
0.02849;1.7676510764411548e-05
0.028545;1.820847665178328e-05
0.0286;1.8757624631172696e-05
0.028655;1.9324565277467667e-05
0.02871;1.9909933325604263e-05
0.028765000000000002;2.051438873993256e-05
0.028820000000000002;2.113861783650205e-05
0.028875;2.1783334461194357e-05
0.02893;2.2449281226792916e-05
0.028985;2.3137230812305343e-05
0.02904;2.3847987327988386e-05
0.029095;2.4582387749840878e-05
0.029150000000000002;2.5341303427434725e-05
0.029205000000000002;2.6125641669353944e-05
0.02926;2.6936347410631446e-05
0.029315;2.777440496697905e-05
0.02937;2.8640839880803052e-05
0.029425;2.9536720864420375e-05
0.029480000000000003;3.0463161846179883e-05
0.029535000000000002;3.1421324125578465e-05
0.02959;3.2412418643869206e-05
0.029645;3.3437708377102336e-05
0.0297;3.44985108589733e-05
0.029755;3.559620084137473e-05
0.02981;3.673221310105007e-05
0.029865000000000003;3.7908045401371075e-05
0.029920000000000002;3.9125261618823545e-05
0.029975;4.038549504448727e-05
0.03003;4.169045187146213e-05
0.030085;4.304191488004611e-05
0.03014;4.444174733318387e-05
0.030195;4.5891897095709016e-05
0.030250000000000003;4.739440099179128e-05
0.030305000000000002;4.89513894160296e-05
0.03036;5.056509121483519e-05
0.030415;5.2237838855901024e-05
0.03047;5.3972073904826795e-05
0.030525;5.577035282944688e-05
0.03058;5.763535315396415e-05
0.030635000000000003;5.956987998651127e-05
0.030690000000000002;6.157687294577237e-05
0.030745;6.365941351399115e-05
0.0308;6.58207328460245e-05
0.030855;6.806422006630923e-05
0.03091;7.03934310880348e-05
0.030965;7.28120979915743e-05
0.031020000000000002;7.532413900227495e-05
0.031075000000000002;7.793366911062888e-05
0.03113;8.064501138170454e-05
0.031185;8.346270900409592e-05
0.03124;8.639153813316781e-05
0.031295;8.943652158767599e-05
0.03135;9.260294346375239e-05
0.031405;9.589636473576564e-05
0.03146;9.932263991940587e-05
0.031515;0.00010288793487863164
0.03157;0.00010659874586555783
0.031625;0.00011046191988950228
0.03168;0.00011448467652060214
0.031735;0.00011867463124208093
0.03179;0.00012303982047593543
0.031845;0.0001275887284177565
0.0319;0.00013233031582890893
0.031955000000000004;0.00013727405094808112
0.032010000000000004;0.00014242994269884934
0.032065;0.00014780857638680854
0.03212;0.00015342115209815343
0.032175;0.00015927952603152242
0.03223;0.0001653962550177769
0.032285;0.00017178464450663547
0.03234;0.00017845880032722573
0.032395;0.00018543368455965434
0.03245;0.00019272517588885086
0.032505;0.00020035013484947137
0.03256;0.00020832647441310133
0.032615;0.00021667323641503752
0.032670000000000005;0.00022541067437116844
0.032725000000000004;0.00023456034329262887
0.032780000000000004;0.0002441451971724277
0.032835;0.0002541896948903956
0.03289;0.00026471991536509764
0.032945;0.0002757636828733974
0.033;0.00028735070356155013
0.033055;0.0002995127142885302
0.03311;0.00031228364507259647
0.033165;0.00032569979656131765
0.03322;0.00033980003411127665
0.033275;0.00035462600025416255
0.03333;0.0003702223475400682
0.033385;0.00038663699399223
0.033440000000000004;0.0004039214036850687
0.033495000000000004;0.0004221308952726737
0.03355;0.000441324981654424
0.033605;0.0004615677443765728
0.03366;0.0004829282468378931
0.033715;0.0005054809909087534
0.03377;0.0005293064221920448
0.033825;0.0005544914898680317
0.03388;0.0005811302678874904
0.033935;0.0006093246452296866
0.03399;0.0006391850940396976
0.034045;0.0006708315257388422
0.0341;0.000704394246683435
0.034155;0.0007400150266804082
0.034210000000000004;0.0007778482956839306
0.034265000000000004;0.000818062486366053
0.03432;0.0008608415430253833
0.034375;0.0009063866205655512
0.03443;0.0009549180011239782
0.034485;0.0010066772604854662
0.03454;0.0010619297218148922
0.034595;0.0011209672406687237
0.03465;0.001184111372901196
0.034705;0.0012517169862544474
0.03476;0.0013241763874155708
0.034815;0.0014019240495810872
0.03487;0.0014854420415725813
0.034925000000000005;0.001575266278962402
0.034980000000000004;0.0016719937412911486
0.035035000000000004;0.001776290828326473
0.03509;0.0018889030637060551
0.035145;0.0020106663979153404
0.0352;0.002142520416462824
0.035255;0.0022855238261270325
0.03531;0.0024408726757626153
0.035365;0.002609921873044026
0.03542;0.002794210690751569
0.035475;0.0029954931237830187
0.03553;0.003215774171643944
0.035585;0.0034573533949153546
0.03564;0.003722877447282678
0.035695000000000005;0.004015403742970956
0.035750000000000004;0.004338478018286183
0.035805000000000003;0.004696229334083403
0.03586;0.005093487110899974
0.035915;0.005535926184953402
0.03597;0.006030247754870732
0.036025;0.0065844066469736475
0.03608;0.007207898836720433
0.036135;0.007912128027289465
0.03619;0.008710876896355493
0.036245;0.009620918264631989
0.0363;0.010662815255419103
0.036355;0.01186197956091797
0.03641;0.01325008641272339
0.036465000000000004;0.014866988840015857
0.036520000000000004;0.01676334044292563
0.036575;0.019004238556403565
0.03663;0.021674360588671962
0.036685;0.024885323336927518
0.03674;0.028786413905404176
0.036795;0.033580537923260476
0.03685;0.03954841688599397
0.036905;0.047086130983167454
0.03696;0.05676477815630144
0.037015;0.06942769124762585
0.03707;0.08635293025777903
0.037125;0.10953128723958629
0.037180000000000005;0.14214950188644604
0.037235000000000004;0.18942554746354076
0.037290000000000004;0.25995737249440476
0.037345;0.36730747951071824
0.0374;0.5286865171036991
0.037455;0.7466377706309296
0.03751;0.9503743563501427
0.037565;0.9835665327342438
0.03762;0.8197742357165513
0.037675;0.6063879401288598
0.03773;0.43622645346882727
0.037785;0.31867542137958105
0.03784;0.23954266545278466
0.037895;0.18548123201240824
0.037950000000000005;0.14754177394784282
0.038005000000000004;0.12014112209217773
0.038060000000000004;0.09981046169398819
0.038115;0.08435527505908857
0.03817;0.07235194436444164
0.038225;0.06285229534980058
0.03828;0.055208595839071395
0.038335;0.04896780958334277
0.03839;0.04380617513025645
0.038445;0.039487745499032514
0.0385;0.035837493549380185
0.038555;0.03272347848666136
0.03861;0.03004477647355399
0.038665;0.02772315634544296
0.038720000000000004;0.025697237279086557
0.038775000000000004;0.023918321899951484
0.03883;0.02234737991679778
0.038885;0.020952834472922555
0.03894;0.01970891686332381
0.038995;0.018594429231428105
0.03905;0.017591803870018314
0.039105;0.016686380727226148
0.03916;0.01586584722633884
0.039215;0.015119800078427946
0.03927;0.014439399674131782
0.039325;0.013817095372999326
0.03938;0.013246405550784707
0.039435000000000005;0.012721740279410159
0.039490000000000004;0.012238257450698072
0.039545000000000004;0.01179174532297027
0.0396;0.011378526084481432
0.039655;0.01099537624043846
0.03971;0.01063946054849937
0.039765;0.01030827692781335
0.03982;0.009999610304496854
0.039875;0.009711493772327611
0.03993;0.009442175771105558
0.039985;0.009190092238548839
0.04004;0.00895384289122844
0.040095;0.008732170948110747
0.04015;0.0085239457361657
0.040205000000000005;0.008328147718215571
0.040260000000000004;0.008143855564213688
0.040315000000000004;0.00797023495258624
0.04037;0.007806528841391734
0.040425;0.00765204899232598
0.04048;0.0075061685660475904
0.040535;0.007368315636397827
0.04059;0.007237967495108638
0.040645;0.00711464563845267
0.0407;0.006997911343825996
0.040755;0.006887361757992456
0.04081;0.006782626430254525
0.040865;0.006683364233455414
0.04092;0.0065892606238547235
0.040975000000000004;0.006500025197782174
0.041030000000000004;0.0064153895087752655
0.041085;0.006335105113838644
0.04114;0.006258941821662143
0.041195;0.006186686119207977
0.04125;0.006118139756148255
0.041305;0.006053118469250383
0.04136;0.005991450831076654
0.041415;0.005932977209298547
0.04147;0.005877548824615661
0.041525;0.00582502689671264
0.04158;0.005775281868957525
0.041635;0.005728192703630699
0.041690000000000005;0.005683646240434669
0.041745000000000004;0.005641536611861751
0.041800000000000004;0.005601764709724255
0.041855;0.005564237697790742
0.04191;0.0055288685660278
0.041965;0.00549557572243606
0.04202;0.005464282618904919
0.042075;0.005434917407886857
0.04213;0.005407412627030872
0.042185;0.005381704909209958
0.04224;0.005357734715641788
0.042295;0.005335446090036561
0.04235;0.005314786431908284
0.042405;0.005295706287377449
0.042460000000000005;0.005278159155952055
0.042515000000000004;0.005262101311921499
0.042570000000000004;0.005247491639131743
0.042625;0.005234291478022712
0.04268;0.005222464483918308
0.042735;0.005211976495649711
0.04279;0.005202795413679531
0.042845;0.005194891086969574
0.0429;0.0051882352079032
0.042955;0.005182801214633367
0.04301;0.005178564200286345
0.043065;0.005175500828498477
0.04312;0.005173589254807735
0.043175;0.005172809053467761
0.043230000000000005;0.005173141149281245
0.043285000000000004;0.005174567754092823
0.043340000000000004;0.005177072307602944
0.043395;0.005180639422198421
0.04345;0.005185254831516992
0.043505;0.005190905342489365
0.04356;0.0051975787906181755
0.043615;0.005205263998278847
0.04367;0.005213950735839559
0.043725;0.005223629685414521
0.04378;0.00523429240708325
0.043835;0.005245931307414545
0.04389;0.0052585396101533935
0.043945000000000005;0.005272111328936802
0.044000000000000004;0.005286641241912716
0.044055000000000004;0.005302124868151814
0.04411;0.005318558445742853
0.044165;0.0053359389114777875
0.04422;0.0053542638820349925
0.044275;0.0053735316365771104
0.04433;0.00539374110068818
0.044385;0.005414891831577578
0.04444;0.005436984004485858
0.044495;0.005460018400231533
0.04455;0.005483996393842863
0.044605;0.005508919944221621
0.04466;0.005534791584793667
0.044715000000000005;0.0055616144150979875
0.044770000000000004;0.005589392093277784
0.044825000000000004;0.005618128829432415
0.04488;0.0056478293797974
0.044935;0.005678499041720124
0.04499;0.005710143649402408
0.045045;0.005742769570381307
0.0451;0.005776383702726868
0.045155;0.005810993472930305
0.04521;0.005846606834466045
0.045265;0.005883232267006002
0.04532;0.005920878776271582
0.045375;0.005959555894507038
0.04543;0.005999273681561244
0.045485000000000005;0.0060400427265659565
0.045540000000000004;0.006081874150199456
0.045595000000000004;0.006124779607528252
0.04565;0.006168771291416339
0.045705;0.006213861936498236
0.04576;0.006260064823708548
0.045815;0.0063073937853643704
0.04587;0.006355863210799079
0.045925;0.006405488052542685
0.04598;0.0064562838330500145
0.046035;0.006508266651977156
0.04609;0.006561453194004592
0.046145;0.00661586073721342
0.046200000000000005;0.0066715071620127905
0.046255000000000004;0.0067284109606274775
0.046310000000000004;0.006786591247145893
0.046365;0.006846067768139618
0.04642;0.006906860913854912
0.046475;0.006968991729990403
0.04653;0.007032481930064789
0.046585;0.007097353908386329
0.04664;0.007163630753634352
0.046695;0.007231336263062658
0.04675;0.007300494957339788
0.046805;0.007371132096036907
0.04686;0.00744327369377834
0.046915;0.007516946537069814
0.046970000000000005;0.007592178201820635
0.047025000000000004;0.0076689970715781534
0.047080000000000004;0.0077474323564875915
0.047135;0.007827514113004086
0.04719;0.007909273264370196
0.047245;0.00799274162188432
0.0473;0.008077951906980383
0.047355;0.008164937774142615
0.04741;0.008253733834681394
0.047465;0.008344375681394744
0.04752;0.008436899914141911
0.047575;0.008531344166360626
0.04763;0.008627747132553558
0.047685000000000005;0.008726148596780343
0.047740000000000005;0.008826589462181575
0.047795000000000004;0.008929111781574132
0.047850000000000004;0.009033758789152148
0.047905;0.009140574933329803
0.04796;0.009249605910763226
0.048015;0.009360898701598779
0.04807;0.009474501605981522
0.048125;0.00959046428187571
0.04818;0.009708837784239022
0.048235;0.009829674605599312
0.04829;0.009953028718086555
0.048345;0.010078955616971466
0.0484;0.010207512365764624
0.048455000000000005;0.010338757642933863
0.048510000000000005;0.010472751790301682
0.048565000000000004;0.01060955686318242
0.048620000000000003;0.010749236682326057
0.048675;0.010891856887735208
0.04873;0.011037484994427502
0.048785;0.011186190450216562
0.04884;0.011338044695590709
0.048895;0.011493121225763415
0.04895;0.011651495654992117
0.049005;0.01181324578323693
0.04906;0.011978451665267368
0.049115;0.012147195682300719
0.04917;0.012319562616274211
0.049225000000000005;0.012495639726863031
0.049280000000000004;0.012675516831343209
0.049335000000000004;0.012859286387415127
0.04939;0.01304704357911448
0.049445;0.013238886405922537
0.0495;0.013434915775215736
0.049555;0.013635235598180617
0.04961;0.013839952889345891
0.049665;0.014049177869868392
0.04972;0.014263024074739046
0.049775;0.014481608464056444
0.04983;0.014705051538549242
0.049885;0.014933477459517638
0.049940000000000005;0.015167014173379354
0.049995000000000005;0.015405793541008425
0.050050000000000004;0.015649951472079725
0.050105000000000004;0.015899628064615225
0.05016;0.016154967749966474
0.050215;0.016416119443450856
0.05027;0.016683236700892227
0.050325;0.016956477881314987
0.05038;0.017236006316056
0.050435;0.017521990484566128
0.05049;0.017814604197198852
0.050545;0.018114026785280755
0.0506;0.01842044329878906
0.050655;0.018734044711952058
0.050710000000000005;0.019055028137141425
0.050765000000000005;0.019383597047397637
0.050820000000000004;0.019719961507991036
0.050875000000000004;0.020064338417394564
0.05093;0.02041695175809968
0.050985;0.020778032857713714
0.05104;0.02114782066078149
0.051095;0.021526562011836323
0.05115;0.021914511950150047
0.051205;0.022311934016733845
0.05126;0.022719100574138888
0.051315;0.023136293139613365
0.05137;0.023563802732248562
0.051425;0.024001930234728467
0.051480000000000005;0.024450986770356398
0.051535000000000004;0.024911294096057125
0.051590000000000004;0.0253831850120681
0.051645;0.025867003789105426
0.0517;0.02636310661379295
0.051755;0.026871862053196388
0.05181;0.027393651539339203
0.051865;0.027928869874628434
0.05192;0.028477925759144783
0.051975;0.029041242340831983
0.05203;0.029619257789598036
0.052085;0.030212425896499057
0.05214;0.03082121669911232
0.052195000000000005;0.03144611713435592
0.052250000000000005;0.032087631720000495
0.052305000000000004;0.032746283266220914
0.052360000000000004;0.03342261361858777
0.052415;0.03411718443394811
0.05247;0.034830577990720445
0.052525;0.035563398035226124
0.05258;0.03631627066568952
0.052635;0.03708984525570055
0.05269;0.037884795418914
0.052745;0.03870182001692151
0.0528;0.03954164421228823
0.052855;0.04040502056881113
0.05291;0.04129273020116028
0.052965000000000005;0.0422055839761856
0.053020000000000005;0.04314442376819863
0.053075000000000004;0.04411012377071408
0.053130000000000004;0.045103591867148234
0.053185;0.046125771063136214
0.05324;0.047177640983217875
0.053295;0.04826021943469737
0.05335;0.04937456404163742
0.053405;0.05052177395201679
0.05346;0.05170299162119175
0.053515;0.05291940467489087
0.05357;0.054172247855042883
0.053625;0.05546280505188962
0.05368;0.05679241142582189
0.053735000000000005;0.05816245562256582
0.053790000000000004;0.059574382085266046
0.053845000000000004;0.06102969346718866
0.0539;0.06252995314879241
0.053955;0.06407678786278882
0.05401;0.06567189043104853
0.054065;0.06731702261694844
0.05412;0.06901401809684528
0.054175;0.07076478555426965
0.05423;0.07257131190016697
0.054285;0.0744356656224883
0.05434;0.07636000026817238
0.054395;0.07834655806012145
0.054450000000000005;0.08039767365169025
0.054505000000000005;0.08251577802040425
0.054560000000000004;0.08470340250245158
0.054615000000000004;0.08696318296853263
0.05467;0.08929786414114103
0.054725;0.09171030405218526
0.05478;0.09420347863904396
0.054835;0.09678048647577242
0.05489;0.09944455363474122
0.054945;0.10219903867229439
0.055;0.10504743773025618
0.055055;0.10799338974264971
0.05511;0.1110406817346706
0.055165;0.11419325419789524
0.055220000000000005;0.11745520652254483
0.055275000000000005;0.1208308024637788
0.055330000000000004;0.1243244756147365
0.055385000000000004;0.1279408348541812
0.05544;0.1316846697313797
0.055495;0.1355609557443102
0.05555;0.1395748594608516
0.055605;0.14373174342447628
0.05566;0.14803717077756928
0.055715;0.15249690952583733
0.05577;0.15711693635631088
0.055825;0.16190343990971173
0.05588;0.1668628233947491
0.055935;0.17200170641720725
0.055990000000000005;0.17732692588072696
0.056045000000000005;0.18284553579853874
0.056100000000000004;0.18856480583639523
0.056155000000000004;0.1944922183856722
0.05621;0.20063546394356863
0.056265;0.20700243455239165
0.05632;0.21360121502439688
0.056375;0.22044007165069257
0.05643;0.22752743806370868
0.056485;0.23487189789193114
0.05654;0.24248216381490295
0.056595;0.2503670525933594
0.05665;0.2585354556183719
0.056705000000000005;0.26699630449094536
0.056760000000000005;0.27575853111430193
0.056815000000000004;0.28483102175349306
0.056870000000000004;0.29422256449336825
0.056925;0.30394178950884404
0.05698;0.3139971015502649
0.057035;0.3243966040468391
0.05709;0.33514801424280494
0.057145;0.3462585688074653
0.0572;0.3577349194073228
0.057255;0.36958301779554614
0.05731;0.38180799006938587
0.057365;0.39441399987130177
0.05742;0.40740410046951075
0.057475000000000005;0.4207800758544644
0.057530000000000005;0.4345422712300946
0.057585000000000004;0.4486894135705254
0.057640000000000004;0.46321842325265694
0.057695;0.4781242181690296
0.05775;0.49339951216867645
0.057805;0.5090346101673745
0.05786;0.5250172028062342
0.057915;0.5413321641110717
0.05797;0.5579613561992135
0.058025;0.5748834456826509
0.05808;0.5920737369990026
0.058135;0.6095040284426697
0.05819;0.6271424971309935
0.058245000000000005;0.6449536194901458
0.058300000000000005;0.6628981340420026
0.058355000000000004;0.6809330532744579
0.058410000000000004;0.6990117311419459
0.058465;0.7170839922318062
0.05852;0.7350963278151067
0.058575;0.7529921628547266
0.05863;0.7707121965625515
0.058685;0.7881948172918839
0.05874;0.8053765904518558
0.058795;0.8221928157927132
0.05885;0.8385781479115906
0.058905;0.8544672712664243
0.058960000000000005;0.8697956184827027
0.059015000000000005;0.8845001184219055
0.059070000000000004;0.8985199584885235
0.059125000000000004;0.9117973441195624
0.05918;0.9242782374393177
0.059235;0.9359130567706768
0.05929;0.9466573191268528
0.059345;0.9564722089844426
0.0594;0.965325058532538
0.059455;0.9731897271294134
0.05951;0.9800468707641556
0.059565;0.9858840957679171
0.05962;0.9906959946725405
0.059675;0.9944840657934968
0.059730000000000005;0.9972565216328741
0.059785000000000005;0.9990279943944103
0.059840000000000004;0.9998191496328954
0.059895000000000004;0.9996562212213558
0.05995;0.9985704823446587
0.060005;0.9965976680938795
0.06006;0.993777365457237
0.060115;0.9901523861295697
0.06017;0.9857681366710513
0.060225;0.9806719992322332
0.06028;0.9749127344339513
0.060335;0.9685399161558551
0.06039;0.9616034060499102
0.060445;0.9541528736509984
0.060500000000000005;0.9462373660833897
0.060555000000000005;0.9379049296244403
0.060610000000000004;0.929202283831386
0.060665000000000004;0.9201745475927899
0.06072;0.9108650153486677
0.060775;0.9013149808344812
0.06083;0.8915636050342615
0.060885;0.8816478245636861
0.06094;0.871602296419732
0.060995;0.8614593749095517
0.06105;0.851249116575386
0.061105;0.8409993090467888
0.06116;0.8307355199437333
0.061215000000000006;0.8204811622091736
0.061270000000000005;0.8102575725427329
0.061325000000000005;0.8000840999245192
0.061380000000000004;0.7899782015454119
0.061435000000000003;0.7799555437852425
0.06149;0.7700301061955288
0.061545;0.7602142867430792
0.0616;0.7505190068485539
0.061655;0.7409538150098101
0.06171;0.7315269880292751
0.061765;0.7222456290703414
0.06182;0.7131157619476498
0.061875;0.7041424212134089
0.06193;0.6953297377354324
0.061985000000000005;0.6866810195780133
0.062040000000000005;0.6781988280906834
0.062095000000000004;0.6698850491901172
0.062150000000000004;0.6617409598830388
0.062205;0.6537672901300371
0.06226;0.6459642801891587
0.062315;0.6383317336088223
0.06237;0.6308690660607601
0.062425;0.6235753502191923
0.06248;0.6164493569012548
0.06253500000000001;0.6094895926885028
0.06259;0.6026943342493354
0.062645;0.5960616595805652
0.0627;0.5895894763807852
0.062755;0.583275547762044
0.06281;0.5771175154980902
0.062865;0.5711129209984248
0.06292;0.5652592241880184
0.062975;0.5595538204623605
0.06303;0.553994055877334
0.063085;0.5485772407236162
0.06314;0.5433006616248962
0.063195;0.5381615922898272
0.06325;0.5331573030382204
0.063305;0.5282850692127184
0.06336;0.5235421785790677
0.063415;0.5189259378098012
0.06347;0.5144336781383427
0.063525;0.510062760263747
0.06358;0.5058105785794317
0.063635;0.5016745647927858
0.06369;0.4976521909972959
0.063745;0.4937409722528705
0.0638;0.4899384687254059
0.06385500000000001;0.48624228743212805
0.06391000000000001;0.482650083634655
0.06396500000000001;0.4791595619182177
0.06402000000000001;0.47576847699179065
0.06407500000000001;0.4724746342404273
0.06413;0.469275890058532
0.064185;0.46617015198956435
0.06424;0.4631553786955858
0.064295;0.4602295797775446
0.06435;0.4573908154652977
0.064405;0.45463719619420817
0.06446;0.45196688208383995
0.064515;0.4493780823322772
0.06457;0.44686905453856723
0.064625;0.44443810396418687
0.06468;0.4420835827435074
0.064735;0.43980388905198003
0.06479;0.43759746624003504
0.064845;0.4354628019395491
0.0649;0.43339842714921184
0.064955;0.4314029153041967
0.06501;0.42947488133520706
0.065065;0.4276129807209297
0.06512;0.425815908537924
0.065175;0.42408239851113383
0.06523;0.42241122206796794
0.065285;0.42080118739849576
0.06534000000000001;0.41925113852388923
0.06539500000000001;0.41775995437501834
0.06545000000000001;0.41632654788290313
0.06550500000000001;0.4149498650822314
0.06556000000000001;0.41362888422921806
0.065615;0.41236261493473536
0.06567;0.41115009731345326
0.065725;0.40999040114972374
0.06578;0.40888262508057305
0.065835;0.4078258957962978
0.06589;0.4068193672588446
0.065945;0.40586221993818683
0.066;0.40495366006676786
0.066055;0.4040929189120498
0.06611;0.40327925206705717
0.066165;0.4025119387588996
0.06622;0.40179028117501686
0.066275;0.40111360380703065
0.06633;0.4004812528119025
0.066385;0.3998925953901854
0.06644;0.3993470191810342
0.066495;0.39884393167369103
0.06655;0.3983827596350679
0.066605;0.39796294855315195
0.06666;0.3975839620957762
0.066715;0.39724528158447264
0.06677;0.3969464054829727
0.066825;0.39668684890000516
0.06688000000000001;0.39646614310596745
0.06693500000000001;0.3962838350631294
0.06699000000000001;0.3961394869689569
0.06704500000000001;0.39603267581214624
0.0671;0.3959629929410215
0.067155;0.39593004364392065
0.06721;0.3959334467411095
0.067265;0.39597283418796364
0.06732;0.39604785068897136
0.067375;0.396158153322208
0.06743;0.3963034111739479
0.067485;0.3964833049830372
0.06754;0.3966975267946815
0.067595;0.3969457796233454
0.06765;0.39722777712439955
0.067705;0.39754324327416146
0.06776;0.39789191205810803
0.067815;0.3982735271668601
0.06787;0.39868784169966354
0.067925;0.3991346178750842
0.06798;0.39961362674863515
0.068035;0.4001246479370027
0.06809;0.4006674693486801
0.068145;0.4012418869206596
0.0682;0.40184770436097184
0.068255;0.4024847328968101
0.06831;0.40315279102798796
0.06836500000000001;0.4038517042854865
0.06842000000000001;0.4045813049948706
0.06847500000000001;0.4053414320443266
0.06853000000000001;0.40613193065713926
0.06858500000000001;0.40695265216833115
0.06864;0.4078034538053254
0.068695;0.40868419847237225
0.06875;0.4095947545385802
0.068805;0.4105349956293507
0.06886;0.4115048004210104
0.068915;0.41250405243848876
0.06897;0.4135326398558482
0.069025;0.4145904552995124
0.06908;0.4156773956540286
0.069135;0.4167933618701492
0.06919;0.41793825877520996
0.069245;0.41911199488546885
0.0693;0.42031448222045364
0.069355;0.4215456361190414
0.06941;0.4228053750571868
0.069465;0.42409362046717375
0.06952;0.42541029655825663
0.069575;0.4267553301385556
0.06963;0.4281286504381114
0.069685;0.4295301889329969
0.06974;0.4309598791703255
0.069795;0.4324176565941016
0.06985000000000001;0.4339034583718235
0.06990500000000001;0.43541722322169746
0.06996000000000001;0.4369588912403904
0.07001500000000001;0.4385284037312739
0.07007000000000001;0.44012570303303433
0.070125;0.4417507323485546
0.07018;0.4434034355740967
0.070235;0.44508375712856013
0.07029;0.4467916417829584
0.070345;0.44852703448978026
0.0704;0.45028988021251315
0.070455;0.45208012375496254
0.07051;0.45389770959056036
0.070565;0.4557425816914738
0.07062;0.4576146833575805
0.070675;0.4595139570451775
0.07073;0.46144034419553037
0.070785;0.4633937850630873
0.07084;0.46537421854349637
0.070895;0.4673815820012963
0.07095;0.4694158110973431
0.071005;0.4714768396159494
0.07106;0.47356459929175504
0.071115;0.4756790196363174
0.07117;0.47782002776448695
0.071225;0.47998754822049605
0.07128;0.4821815028039403
0.071335;0.48440181039550556
0.07139000000000001;0.48664838678265704
0.07144500000000001;0.48892114448517654
0.07150000000000001;0.49121999258075716
0.07155500000000001;0.49354483653056874
0.07161000000000001;0.49589557800494305
0.071665;0.49827211470926835
0.07172;0.5006743402100765
0.071775;0.5031021437614843
0.07183;0.5055554101321073
0.071885;0.508034019432411
0.07194;0.5105378469427491
0.071995;0.5130667629421143
0.07205;0.5156206325377186
0.072105;0.5181993154956307
0.07216;0.5208026660724114
0.072215;0.5234305328480341
0.07227;0.5260827585602499
0.072325;0.5287591799403837
0.07238;0.5314596275509186
0.072435;0.5341839256248566
0.07249;0.5369318919071724
0.072545;0.5397033374984262
0.0726;0.5424980667007803
0.072655;0.5453158768665827
0.07271;0.5481565582497218
0.072765;0.5510198938599596
0.07282;0.553905659320434
0.07287500000000001;0.5568136227285405
0.07293000000000001;0.5597435445204236
0.07298500000000001;0.5626951773393375
0.07304000000000001;0.565668265907999
0.07309500000000001;0.5686625469052822
0.07315;0.5716777488474151
0.073205;0.5747135919739488
0.07326;0.5777697881387402
0.073315;0.5808460407062079
0.07337;0.5839420444530768
0.073425;0.587057485475893
0.07348;0.5901920411045793
0.073535;0.5933453798222454
0.07359;0.5965171611915513
0.073645;0.5997070357878326
0.0737;0.6029146451393249
0.073755;0.6061396216747087
0.07381;0.609381588678116
0.073865;0.612640160252133
0.07392;0.6159149412887626
0.073975;0.6192055274487295
0.07403;0.622511505149427
0.074085;0.6258324515616331
0.07414;0.6291679346152792
0.074195;0.6325175130145999
0.07425;0.6358807362626622
0.074305;0.6392571446957764
0.07436000000000001;0.6426462695277588
0.07441500000000001;0.6460476329043908
0.07447000000000001;0.6494607479682296
0.07452500000000001;0.6528851189339125
0.07458000000000001;0.6563202411742283
0.074635;0.6597656013169755
0.07469;0.6632206773528612
0.074745;0.6666849387545842
0.0748;0.6701578466071166
0.074855;0.6736388537494191
0.07491;0.6771274049275345
0.074965;0.6806229369593173
0.07502;0.6841248789106615
0.075075;0.6876326522834104
0.07513;0.6911456712149001
0.075185;0.6946633426891371
0.07524;0.6981850667596199
0.075295;0.701710236783784
0.07535;0.705238239668871
0.075405;0.7087684561293879
0.07546;0.7123002609558131
0.075515;0.7158330232945597
0.07557;0.719366106939015
0.075625;0.7228988706314458
0.07568;0.7264306683756941
0.075735;0.7299608497602759
0.07579;0.7334887602917569
0.07584500000000001;0.7370137417381751
0.07590000000000001;0.7405351324820795
0.07595500000000001;0.7440522678830215
0.07601000000000001;0.747564480649061
0.07606500000000001;0.7510711012169893
0.07612000000000001;0.7545714581409186
0.076175;0.758064878488654
0.07623;0.761550688245768
0.076285;0.7650282127264992
0.07634;0.7684967769914266
0.076395;0.771955706271119
0.07645;0.7754043263954103
0.076505;0.7788419642278138
0.07656;0.7822679481043283
0.076615;0.7856816082763031
0.07667;0.7890822773567583
0.076725;0.7924692907693134
0.07678;0.7958419871995794
0.076835;0.7991997090478753
0.07689;0.8025418028831569
0.076945;0.8058676198970814
0.077;0.8091765163578971
0.077055;0.8124678540632816
0.07711;0.8157410007916109
0.077165;0.818995330750944
0.07722;0.8222302250250642
0.077275;0.825445072015913
0.07733;0.8286392678818318
0.07738500000000001;0.8318122169707385
0.07744000000000001;0.8349633322479207
0.07749500000000001;0.8380920357174546
0.07755000000000001;0.841197758836852
0.07760500000000001;0.8442799429241526
0.07766;0.8473380395569565
0.077715;0.8503715109626925
0.07777;0.8533798303995713
0.077825;0.8563624825276333
0.07788;0.8593189637693398
0.077935;0.8622487826591451
0.07799;0.8651514601815093
0.078045;0.8680265300968919
0.0781;0.8708735392551753
0.078155;0.873692047896148
0.07821;0.8764816299365037
0.078265;0.879241873243011
0.07832;0.8819723798915099
0.078375;0.8846727664112426
0.07843;0.8873426640143134
0.078485;0.8899817188099544
0.07854;0.892589592003257
0.078595;0.8951659600782306
0.07865;0.8977105149648705
0.078705;0.9002229641901648
0.07876;0.9027030310127906
0.078815;0.9051504545414641
0.07887000000000001;0.9075649898368164
0.07892500000000001;0.9099464079967201
0.07898000000000001;0.9122944962251206
0.07903500000000001;0.9146090578843097
0.07909000000000001;0.916889912530664
0.07914500000000001;0.9191368959340841
0.0792;0.9213498600809095
0.079255;0.9235286731608419
0.07931;0.9256732195376709
0.079365;0.9277833997042642
0.07942;0.9298591302218076
0.079475;0.9319003436437491
0.07953;0.933906988424534
0.079585;0.9358790288135075
0.07964;0.9378164447343169
0.079695;0.9397192316500774
0.07975;0.9415874004147107
0.079805;0.9434209771108215
0.07986;0.9452200028744987
0.079915;0.9469845337074763
0.07997;0.9487146402770169
0.080025;0.9504104077040865
0.08008;0.952071935340143
0.080135;0.9536993365331131
0.08019;0.9552927383829383
0.080245;0.9568522814873149
0.0803;0.9583781196779912
0.08035500000000001;0.9598704197482087
0.08041000000000001;0.9613293611717821
0.08046500000000001;0.9627551358143408
0.08052000000000001;0.964147947637202
0.08057500000000001;0.9655080123944895
0.08063000000000001;0.9668355573239374
0.080685;0.9681308208319356
0.08074;0.9693940521733405
0.080795;0.9706255111265433
0.08085;0.9718254676643561
0.080905;0.9729942016211679
0.08096;0.9741320023569048
0.081015;0.9752391684182995
0.08107;0.9763160071979244
0.081125;0.9773628345914975
0.08118;0.9783799746539202
0.081235;0.9793677592544848
0.08129;0.9803265277317647
0.081345;0.9812566265485411
0.0814;0.9821584089472372
0.081455;0.983032234606295
0.08151;0.9838784692978281
0.081565;0.9846974845469958
0.08162;0.9854896572934492
0.081675;0.9862553695551767
0.08173;0.9869950080951752
0.081785;0.9877089640911562
0.08184;0.9883976328087093
0.08189500000000001;0.9890614132781653
0.08195000000000001;0.9897007079754323
0.08200500000000001;0.9903159225071196
0.08206000000000001;0.9909074653001535
0.08211500000000001;0.9914757472961608
0.08217;0.9920211816507993
0.082225;0.9925441834382859
0.08228;0.9930451693612876
0.082335;0.9935245574663542
0.08239;0.993982766865067
0.082445;0.9944202174610363
0.0825;0.9948373296828961
0.082555;0.9952345242233993
0.08261;0.9956122217847541
0.082665;0.9959708428302291
0.08272;0.9963108073421953
0.082775;0.9966325345866006
0.08283;0.9969364428839423
0.082885;0.9972229493868748
0.08294;0.9974924698642885
0.082995;0.9977454184921208
0.08305;0.99798220765071
0.083105;0.9982032477288332
0.08316;0.9984089469343079
0.083215;0.9985997111112463
0.08327;0.9987759435638457
0.083325;0.9989380448867287
0.08338000000000001;0.9990864128017941
0.08343500000000001;0.999221442001487
0.08349000000000001;0.9993435239984788
0.08354500000000001;0.9994530469816585
0.08360000000000001;0.9995503956783792
0.08365500000000001;0.9996359512228848
0.08371;0.9997100910308255
0.083765;0.9997731886797803
0.08382;0.9998256137957053
0.083875;0.9998677319451861
0.08393;0.9998999045334086
0.083985;0.9999224887077705
0.08404;0.9999358372669662
0.084095;0.999940298575493
0.08415;0.9999362164834382
0.084205;0.9999239302514318
0.08426;0.9999037744806538
0.084315;0.9998760790477889
0.08437;0.9998411690447816
0.084425;0.9997993647232992
0.08448;0.9997509814437585
0.084535;0.9996963296288097
0.08459;0.9996357147211462
0.084645;0.9995694371455186
0.0847;0.9994977922748364
0.084755;0.9994210704002177
0.08481;0.9993395567048974
0.08486500000000001;0.9992535312418306
0.08492000000000001;0.9991632689148964
0.08497500000000001;0.9990690394635912
0.08503000000000001;0.9989711074510603
0.08508500000000001;0.9988697322553866
0.08514000000000001;0.9987651680639945
0.085195;0.9986576638710561
0.08525;0.9985474634778082
0.085305;0.9984348054956581
0.08536;0.9983199233519361
0.085415;0.9982030452982587
0.08547;0.9980843944213255
0.085525;0.9979641886560792
0.08558;0.9978426408011436
0.085635;0.9977199585363952
0.08569;0.9975963444426239
0.085745;0.9974719960231306
0.0858;0.9973471057272378
0.085855;0.9972218609755477
0.08591;0.9970964441869264
0.085965;0.9969710328070835
0.08602;0.9968457993386911
0.086075;0.9967209113729467
0.08613;0.9965965316224921
0.086185;0.9964728179556632
0.08624;0.9963499234319098
0.086295;0.9962279963384101
0.08635;0.996107180227723
0.08640500000000001;0.9959876139564996
0.08646000000000001;0.9958694317251042
0.08651500000000001;0.995752763118129
0.08657000000000001;0.9956377331457467
0.08662500000000001;0.9955244622858367
0.08668000000000001;0.9954130665267977
0.086735;0.9953036574110445
0.08679;0.9951963420791026
0.086845;0.99509122331427
0.0869;0.9949883995877722
0.086955;0.9948879651044182
0.08701;0.9947900098486429
0.087065;0.9946946196309518
0.08712;0.9946018761347523
0.087175;0.9945118569633412
0.08723;0.9944246356873913
0.087285;0.9943402818924839
0.08734;0.9942588612269191
0.087395;0.994180435449718
0.08745;0.9941050624787298
0.087505;0.9940327964388865
0.08756;0.9939636877105367
0.087615;0.9938977829778569
0.08767;0.9938351252772906
0.087725;0.9937757540460361
0.08778;0.9937197051705228
0.087835;0.9936670110348699
0.08789000000000001;0.9936177005693396
0.08794500000000001;0.9935717992987046
0.08800000000000001;0.9935293293905857
0.08805500000000001;0.9934903097036872
0.08811000000000001;0.9934547558359683
0.08816500000000001;0.993422680172688
0.08822;0.9933940919343615
0.088275;0.9933689972245775
0.08833;0.9933473990776902
0.088385;0.9933292975063827
0.08844;0.993314689549076
0.088495;0.9933035693171792
0.08855;0.9932959280422087
0.088605;0.993291754122714
0.08866;0.9932910331710644
0.088715;0.9932937480600439
0.08877;0.9932998789693106
0.088825;0.993309403431622
0.08888;0.9933222963789584
0.088935;0.9933385301884177
0.08899;0.9933580747279354
0.089045;0.9933808974018703
0.0891;0.9934069631963608
0.089155;0.9934362347245447
0.08921;0.9934686722715792
0.089265;0.9935042338395008
0.08932;0.993542875191918
0.08937500000000001;0.9935845498985136
0.08943000000000001;0.9936292093794127
0.08948500000000001;0.9936768029493435
0.08954000000000001;0.9937272778616841
0.08959500000000001;0.9937805793523125
0.08965000000000001;0.9938366506833204
0.08970500000000001;0.9938954331865691
0.08976;0.9939568663070946
0.089815;0.9940208876463753
0.08987;0.9940874330054407
0.089925;0.9941564364278666
0.08998;0.994227830242612
0.090035;0.9943015451067346
0.09009;0.9943775100479803
0.090145;0.9944556525072445
0.0902;0.9945358983809212
0.090255;0.9946181720631087
0.09031;0.9947023964877408
0.090365;0.9947884931705763
0.09042;0.9948763822510945
0.090475;0.9949659825342791
0.09053;0.9950572115323132
0.090585;0.9951499855061541
0.09064;0.9952442195070313
0.090695;0.9953398274178411
0.09075;0.9954367219944579
0.090805;0.995534814906933
0.09086;0.9956340167806361
0.09091500000000001;0.9957342372372934
0.09097000000000001;0.9958353849359304
0.09102500000000001;0.995937367613755
0.09108000000000001;0.9960400921269443
0.09113500000000001;0.9961434644913376
0.09119000000000001;0.9962473899230684
0.091245;0.9963517728790945
0.0913;0.996456517097667
0.091355;0.9965615256386844
0.09141;0.9966667009240026
0.091465;0.9967719447776193
0.09152;0.9968771584657988
0.091575;0.996982242737103
0.09163;0.9970870978623213
0.091685;0.9971916236743166
0.09174;0.9972957196077821
0.091795;0.9973992847388813
0.09185;0.9975022178248053
0.091905;0.9976044173432127
0.09196;0.9977057815315616
0.092015;0.9978062084263407
0.09207;0.9979055959021635
0.092125;0.9980038417107481
0.09218;0.9981008435197835
0.092235;0.9981964989516314
0.09229;0.9982907056219267
0.092345;0.9983833611779985
0.09240000000000001;0.998474363337165
0.09245500000000001;0.9985636099248542
0.09251000000000001;0.9986509989125759
0.09256500000000001;0.9987364284557081
0.09262000000000001;0.9988197969311086
0.09267500000000001;0.9989010029745449
0.09273;0.9989799455179201
0.092785;0.9990565238263055
0.09284;0.9991306375347621
0.092895;0.9992021866849219
0.09295;0.9992710717613804
0.093005;0.9993371937278064
0.09306;0.9994004540629333
0.093115;0.9994607547956835
0.09317;0.9995179985415524
0.093225;0.9995720885366473
0.09328;0.9996229286730326
0.093335;0.9996704235330988
0.09339;0.9997144784237736
0.093445;0.9997549994104016
0.0935;0.9997918933502917
0.093555;0.9998250679259271
0.09361;0.9998544316778324
0.093665;0.999879894037076
0.09372;0.9999013653574024
0.093775;0.9999187569469837
0.09383;0.999931981099786
0.09388500000000001;0.9999409511264945
0.09394000000000001;0.9999455813851013
0.09399500000000001;0.9999457873109561
0.09405000000000001;0.9999414854465005
0.09410500000000001;0.9999325934704599
0.09416000000000001;0.9999190302266182
0.09421500000000001;0.9999007157521221
0.09427;0.9998775713052881
0.094325;0.9998495193929338
0.09438;0.9998164837971975
0.094435;0.9997783896018441
0.09449;0.999735163218048
0.094545;0.9996867324096439
0.0946;0.9996330263178348
0.094655;0.9995739754853376
0.09471;0.9995095118799726
0.094765;0.9994395689176684
0.09482;0.9993640814848993
0.094875;0.9992829859605106
0.09493;0.9991962202369542
0.094985;0.9991037237409081
0.09504;0.9990054374532819
0.095095;0.9989013039285876
0.09515;0.9987912673136721
0.095205;0.998675273365818
0.09526;0.9985532694701799
0.095315;0.9984252046565729
0.09537000000000001;0.9982910296155896
0.09542500000000001;0.9981506967140382
0.09548000000000001;0.9980041600097243
0.09553500000000001;0.9978513752655237
0.09559000000000001;0.997692299962785
0.09564500000000001;0.9975268933140219
0.09570000000000001;0.9973551162749221
0.095755;0.9971769315556426
0.09581;0.9969923036313909
0.095865;0.9968011987523175
0.09592;0.9966035849526693
0.095975;0.9963994320592355
0.09603;0.996188711699086
0.096085;0.9959713973065611
0.09614;0.9957474641295673
0.096195;0.9955168892351303
0.09625;0.9952796515142219
0.096305;0.9950357316858743
0.09636;0.9947851123005699
0.096415;0.9945277777428828
0.09647;0.9942637142334304
0.096525;0.9939929098300725
0.09658;0.9937153544284165
0.096635;0.9934310397615873
0.09669;0.9931399593992857
0.096745;0.9928421087461435
0.0968;0.9925374850393568
0.096855;0.9922260873456334
0.09691000000000001;0.9919079165574236
0.09696500000000001;0.9915829753884611
0.09702000000000001;0.9912512683686264
0.09707500000000001;0.9909128018381034
0.09713000000000001;0.9905675839408924
0.09718500000000001;0.9902156246176136
0.09724000000000001;0.9898569355976755
0.097295;0.9894915303907829
0.09735;0.989119424277773
0.097405;0.9887406343008506
0.09746;0.9883551792531573
0.097515;0.9879630796677278
0.09757;0.9875643578058428
0.097625;0.9871590376447642
0.09768;0.9867471448648794
0.097735;0.9863287068362673
0.09779;0.9859037526046778
0.097845;0.9854723128769656
0.0979;0.9850344200059429
0.097955;0.9845901079747502
0.09801;0.9841394123806086
0.098065;0.983682370418141
0.09812;0.9832190208621516
0.098175;0.982749404049898
0.09823;0.9822735618629029
0.098285;0.9817915377083146
0.09834;0.9813033764997752
0.09839500000000001;0.98080912463788
0.09845000000000001;0.9803088299901941
0.09850500000000001;0.9798025418708612
0.09856000000000001;0.9792903110198119
0.09861500000000001;0.9787721895815853
0.09867000000000001;0.9782482310837809
0.09872500000000001;0.9777184904151444
0.09878;0.977183023803328
0.098835;0.9766418887923007
0.09889;0.9760951442194561
0.098945;0.9755428501924212
0.099;0.9749850680655682
0.099055;0.9744218604162711
0.09911;0.9738532910208871
0.099165;0.973279424830515
0.09922;0.9727003279465103
0.099275;0.9721160675957949
0.09933;0.9715267121059689
0.099385;0.9709323308802349
0.09944;0.9703329943721579
0.099495;0.9697287740602618
0.09955;0.9691197424224944
0.099605;0.9685059729105636
0.09966;0.9678875399241463
0.099715;0.9672645187850323
0.09977;0.9666369857111504
0.099825;0.9660050177905419
0.09988000000000001;0.9653686929552702
0.09993500000000001;0.9647280899552885
0.09999000000000001;0.9640832883322846
0.10004500000000001;0.9634343683935013
0.10010000000000001;0.9627814111855449
0.10015500000000001;0.9621244984682311
0.10021000000000001;0.9614637126884219
0.100265;0.9607991369539085
0.10032;0.9601308550073506
0.100375;0.9594589512002676
0.10043;0.9587835104670864
0.100485;0.9581046182992988
0.10054;0.957422360719684
0.100595;0.9567368242566698
0.10065;0.9560480959187684
0.100705;0.9553562631691779
0.10076;0.9546614139004973
0.100815;0.953963636409596
0.10087;0.953263019372634
0.100925;0.952559651820272
0.10098;0.9518536231130272
0.101035;0.9511450229168305
0.10109;0.9504339411787839
0.101145;0.9497204681031008
0.1012;0.9490046941272917
0.101255;0.9482867098985237
0.10131;0.94756660625025
0.101365;0.9468444741790563
0.10142000000000001;0.9461204048217381
0.10147500000000001;0.9453944894326441
0.10153000000000001;0.944666819361274
0.10158500000000001;0.9439374860301377
0.10164000000000001;0.9432065809128608
0.10169500000000001;0.9424741955126112
0.10175000000000001;0.9417404213407445
0.101805;0.9410053498958029
0.10186;0.9402690726427378
0.101915;0.9395316809924725
0.10197;0.9387932662817691
0.102025;0.9380539197532333
0.10208;0.9373137325362141
0.102135;0.9365727956268481
0.10219;0.9358311998697968
0.102245;0.9350890359393468
0.1023;0.9343463943211742
0.102355;0.9336033652943941
0.10241;0.9328600389139503
0.102465;0.9321165049932725
0.10252;0.9313728530873311
0.102575;0.9306291724759949
0.10263;0.9298855521476945
0.102685;0.9291420807834796
0.10274;0.9283988467413478
0.102795;0.9276559380409417
0.10285;0.9269134423485929
0.10290500000000001;0.926171446962665
0.10296000000000001;0.9254300387992654
0.10301500000000001;0.9246893043782726
0.10307000000000001;0.9239493298097147
0.10312500000000001;0.923210200780463
0.10318000000000001;0.9224720025412888
0.10323500000000001;0.9217348198942161
0.10329;0.9209987371802464
0.103345;0.9202638382673604
0.1034;0.91953020653894
0.103455;0.9187979248824049
0.10351;0.918067075678259
0.103565;0.9173377407894278
0.10362;0.9166100015509308
0.103675;0.9158839387598433
0.10373;0.9151596326656283
0.103785;0.9144371629607324
0.10384;0.9137166087715181
0.103895;0.9129980486495098
0.10395;0.9122815605629352
0.104005;0.9115672218885689
0.10406;0.9108551094038849
0.104115;0.9101452992795092
0.10417;0.909437867071949
0.104225;0.9087328877166299
0.10428;0.9080304355212139
0.104335;0.9073305841592029
0.10439000000000001;0.9066334066638098
0.10444500000000001;0.9059389754221235
0.10450000000000001;0.9052473621695445
0.10455500000000001;0.9045586379844668
0.10461000000000001;0.9038728732832528
0.10466500000000001;0.9031901378154474
0.10472000000000001;0.90251050065926
0.10477500000000001;0.9018340302173035
0.10483;0.9011607942125546
0.104885;0.9004908596845966
0.10494;0.8998242929860643
0.104995;0.8991611597793553
0.10505;0.8985015250335475
0.105105;0.8978454530215624
0.10516;0.897193007317539
0.105215;0.8965442507944298
0.10527;0.8958992456218121
0.105325;0.8952580532638926
0.10538;0.8946207344777539
0.105435;0.8939873493117584
0.10549;0.8933579571041687
0.105545;0.8927326164819701
0.1056;0.8921113853598531
0.105655;0.8914943209394033
0.10571;0.8908814797084516
0.105765;0.8902729174406127
0.10582;0.8896686891949787
0.105875;0.8890688493159936
0.10593000000000001;0.8884734514334709
0.10598500000000001;0.8878825484627823
0.10604000000000001;0.887296192605189
0.10609500000000001;0.8867144353483295
0.10615000000000001;0.8861373274668316
0.10620500000000001;0.8855649190230981
0.10626000000000001;0.8849972593681888
0.106315;0.8844343971428603
0.10637;0.8838763802787154
0.106425;0.8833232559995016
0.10648;0.8827750708224754
0.106535;0.8822318705599568
0.10659;0.8816937003209169
0.106645;0.8811606045127304
0.1067;0.8806326268429949
0.106755;0.8801098103214718
0.10681;0.8795921972621025
0.106865;0.8790798292851365
0.10692;0.878572747319327
0.106975;0.8780709916042233
0.10703;0.8775746016925412
0.107085;0.8770836164526087
0.10714;0.8765980740708763
0.107195;0.8761180120545198
0.10725;0.8756434672340728
0.107305;0.8751744757661718
0.10736;0.8747110731363102
0.10741500000000001;0.8742532941616808
0.10747000000000001;0.8738011729940593
0.10752500000000001;0.8733547431227381
0.10758000000000001;0.8729140373775183
0.10763500000000001;0.8724790879317232
0.10769000000000001;0.8720499263052749
0.10774500000000001;0.8716265833677956
0.1078;0.871209089341744
0.107855;0.8707974738055939
0.10791;0.8703917656970391
0.107965;0.8699919933162024
0.10802;0.8695981843289141
0.108075;0.8692103657699588
0.10813;0.8688285640463934
0.108185;0.8684528049408373
0.10824;0.8680831136148024
0.108295;0.867719514612026
0.10835;0.867362031861815
0.108405;0.867010688682399
0.10846;0.8666655077842824
0.108515;0.8663265112735969
0.10857;0.8659937206554749
0.108625;0.8656671568373948
0.10868;0.8653468401325315
0.108735;0.8650327902631251
0.10879;0.8647250263637886
0.108845;0.864423566984872
0.10890000000000001;0.8641284300957641
0.10895500000000001;0.8638396330881998
0.10901000000000001;0.8635571927795668
0.10906500000000001;0.8632811254161675
0.10912000000000001;0.863011446676495
0.10917500000000001;0.8627481716744553
0.10923000000000001;0.8624913149626027
0.10928500000000001;0.862240890535332
0.10934;0.8619969118320517
0.109395;0.8617593917403386
0.10945;0.8615283425990562
0.109505;0.8613037762014557
0.10956;0.8610857037982407
0.109615;0.8608741361006105
0.10967;0.8606690832832664
0.109725;0.8604705549873797
0.10978;0.8602785603235505
0.109835;0.860093107874703
0.10989;0.8599142056989749
0.109945;0.8597418613325231
0.11;0.8595760817923895
0.110055;0.8594168735792026
0.11011;0.8592642426799387
0.110165;0.8591181945706116
0.11022;0.8589787342189026
0.110275;0.8588458660867935
0.11033;0.8587195941331232
0.110385;0.8585999218161198
0.11044000000000001;0.8584868520958869
0.11049500000000001;0.858380387436847
0.11055000000000001;0.8582805298101468
0.11060500000000001;0.8581872806960146
0.11066000000000001;0.8581006410860773
0.11071500000000001;0.8580206114856284
0.11077000000000001;0.8579471919158704
0.110825;0.8578803819160778
0.11088;0.857820180545755
0.110935;0.8577665863867256
0.11099;0.8577195975451803
0.111045;0.8576792116536908
0.1111;0.8576454258731613
0.111155;0.8576182368947479
0.11121;0.8575976409417346
0.111265;0.8575836337713573
0.11132;0.8575762106765749
0.111375;0.8575753664878195
0.11143;0.8575810955746807
0.111485;0.8575933918475529
0.11154;0.8576122487592363
0.111595;0.8576376593065
0.11165;0.8576696160315873
0.111705;0.8577081110236965
0.11176;0.8577531359203934
0.111815;0.8578046819090086
0.11187;0.8578627397279655
0.11192500000000001;0.857927299668089
0.11198000000000001;0.8579983515738488
0.11203500000000001;0.8580758848445853
0.11209000000000001;0.858159888435669
0.11214500000000001;0.8582503508596423
0.11220000000000001;0.858347260187306
0.11225500000000001;0.8584506040487696
0.11231000000000001;0.8585603696344593
0.112365;0.8586765436961022
0.11242;0.858799112547646
0.112475;0.858928062066167
0.11253;0.8590633776927258
0.112585;0.8592050444331868
0.11264;0.8593530468590183
0.112695;0.8595073691080255
0.11275;0.8596679948850897
0.112805;0.8598349074628442
0.11286;0.860008089682316
0.112915;0.8601875239535705
0.11297;0.8603731922562796
0.113025;0.8605650761402917
0.11308;0.8607631567261533
0.113135;0.86096741470562
0.11319;0.8611778303421203
0.113245;0.8613943834712086
0.1133;0.861617053500982
0.113355;0.8618458194124778
0.11341000000000001;0.8620806597600469
0.11346500000000001;0.862321552671696
0.11352000000000001;0.8625684758494241
0.11357500000000001;0.8628214065695263
0.11363000000000001;0.8630803216828719
0.11368500000000001;0.863345197615179
0.11374000000000001;0.8636160103672663
0.11379500000000001;0.8638927355152827
0.11385;0.8641753482109247
0.113905;0.8644638231816427
0.11396;0.8647581347308236
0.114015;0.8650582567379815
0.11407;0.8653641626589136
0.114125;0.8656758255258676
0.11418;0.8659932179476806
0.114235;0.8663163121099275
0.11429;0.8666450797750598
0.114345;0.8669794922825301
0.1144;0.867319520548923
0.114455;0.867665135068083
0.11451;0.8680163059112392
0.114565;0.8683730027271275
0.11462;0.8687351947421206
0.114675;0.8691028507603575
0.11473;0.8694759391638828
0.114785;0.8698544279127829
0.11484;0.870238284545333
0.11489500000000001;0.8706274761781639
0.11495000000000001;0.8710219695064159
0.11500500000000001;0.8714217308039305
0.11506000000000001;0.8718267259234277
0.11511500000000001;0.8722369202967347
0.11517000000000001;0.8726522789349759
0.11522500000000001;0.8730727664288441
0.11528000000000001;0.8734983469488354
0.11533500000000001;0.8739289842455478
0.11539;0.87436464164996
0.115445;0.8748052820737691
0.1155;0.8752508680097387
0.115555;0.8757013615320693
0.11561;0.8761567242968007
0.115665;0.8766169175422497
0.11572;0.8770819020894604
0.115775;0.8775516383427178
0.11583;0.878026086290056
0.115885;0.8785052055038565
0.11594;0.8789889551414073
0.115995;0.8794772939455698
0.11605;0.8799701802454772
0.116105;0.8804675719572009
0.11616;0.8809694265845958
0.116215;0.88147570122005
0.11627;0.8819863525455061
0.116325;0.8825013368326738
0.11638;0.8830206099453837
0.11643500000000001;0.8835441273391734
0.11649000000000001;0.88407184406312
0.11654500000000001;0.8846037147607171
0.11660000000000001;0.8851396936711431
0.11665500000000001;0.8856797346304397
0.11671000000000001;0.88622379107282
0.11676500000000001;0.8867718160320305
0.11682000000000001;0.887323762142751
0.116875;0.887879581642094
0.11693;0.8884392263711555
0.116985;0.8890026477766315
0.11704;0.8895697969124938
0.117095;0.8901406244417757
0.11715;0.8907150806383927
0.117205;0.891293115389064
0.11726;0.8918746781952968
0.117315;0.8924597181754531
0.11737;0.8930481840669224
0.117425;0.8936400242283369
0.11748;0.8942351866419055
0.117535;0.8948336189158295
0.11759;0.8954352682867959
0.117645;0.8960400816225956
0.1177;0.8966480054247935
0.117755;0.8972589858315403
0.11781;0.8978729686204692
0.117865;0.898489899211696
0.11792000000000001;0.8991097226709377
0.11797500000000001;0.8997323837127358
0.11803000000000001;0.900357826703818
0.11808500000000001;0.9009859956665608
0.11814000000000001;0.9016168342826044
0.11819500000000001;0.9022502858965917
0.11825000000000001;0.9028862935200579
0.11830500000000001;0.9035247998354747
0.11836;0.9041657472004592
0.118415;0.9048090776521817
0.11847;0.905454732911902
0.118525;0.9061026543898246
0.11858;0.9067527831900699
0.118635;0.9074050601159699
0.11869;0.9080594256756532
0.118745;0.9087158200879031
0.1188;0.9093741832884366
0.118855;0.9100344549365772
0.11891;0.9106965744224025
0.118965;0.9113604808745088
0.11902;0.9120261131684012
0.119075;0.9126934099357105
0.11913;0.913362309574391
0.119185;0.9140327502600777
0.11924;0.9147046699588416
0.119295;0.9153780064419226
0.11935;0.9160526973022959
0.11940500000000001;0.9167286799745272
0.11946000000000001;0.9174058917578664
0.11951500000000001;0.9180842698440503
0.11957000000000001;0.9187637513510432
0.11962500000000001;0.9194442733646281
0.11968000000000001;0.9201257729902862
0.11973500000000001;0.9208081874189985
0.11979000000000001;0.9214914540118195
0.11984500000000001;0.9221755104103099
0.1199;0.9228602946829053
0.119955;0.9235457455220881
0.12001;0.9242318025144831
0.120065;0.92491840651744
0.12012;0.9256055001941277
0.120175;0.9262930287896565
0.12023;0.9269809412822074
0.120285;0.9276691921333006
0.12034;0.9283577440237507
0.120395;0.9290465722666111
0.12045;0.9297356721851058
0.120505;0.9304250719721318
0.12056;0.9311148562298006
0.120615;0.9318052116635557
0.12067;0.9324965223769165
0.120725;0.9331895873036347
0.12078;0.9338861776232166
0.120835;0.9345907104804947
0.12089;0.935316571937227
0.12094500000000001;0.9361208691580908
0.12100000000000001;0.9375266584707301
0.12105500000000001;1.0102933669219023
0.12111000000000001;0.9386074530738998
0.12116500000000001;0.9388273695370554
0.12122000000000001;0.9394140740584879
0.12127500000000001;0.9400602210638395
0.12133000000000001;0.940723595022243
0.121385;0.9413932507085037
0.12144;0.9420652935878767
0.121495;0.9427380284719655
0.12155;0.9434105998818753
0.121605;0.9440825211003221
0.12166;0.9447534849987079
0.121715;0.9454232791883291
0.12177;0.946091744559152
0.121825;0.9467587535805267
0.12188;0.9474241982871273
0.121935;0.9480879833072698
0.12199;0.9487500216531214
0.122045;0.9494102320906588
0.1221;0.9500685374475658
0.122155;0.9507248634966208
0.12221;0.9513791382023107
0.122265;0.9520312912027837
0.12232;0.9526812534477099
0.122375;0.9533289569415849
0.12243000000000001;0.953974334559717
0.12248500000000001;0.9546173199151482
0.12254000000000001;0.9552578472616745
0.12259500000000001;0.9558958514234441
0.12265000000000001;0.9565312677430693
0.12270500000000001;0.9571640320444158
0.12276000000000001;0.9577940806057179
0.12281500000000001;0.9584213501408071
0.12287000000000001;0.9590457777864096
0.122925;0.9596673010941655
0.12298;0.9602858580263032
0.123035;0.9609013869541692
0.12309;0.9615138266590029
0.123145;0.9621231163344995
0.1232;0.9627291955907824
0.123255;0.9633320044595339
0.12331;0.9639314834000028
0.123365;0.9645275733057862
0.12342;0.9651202155121774
0.123475;0.965709351804003
0.12353;0.9662949244238547
0.123585;0.9668768760806199
0.12364;0.9674551499582791
0.123695;0.9680296897248905
0.12375;0.9686004395417238
0.123805;0.9691673440725516
0.12386;0.9697303484929801
0.12391500000000001;0.9702893984998902
0.12397000000000001;0.970844440320893
0.12402500000000001;0.9713954207238196
0.12408000000000001;0.9719422870262313
0.12413500000000001;0.9724849871048844
0.12419000000000001;0.9730234694052228
0.12424500000000001;0.973557682950801
0.12430000000000001;0.9740875773526891
0.12435500000000001;0.9746131028188112
0.12441;0.9751342101632319
0.124465;0.9756508508153738
0.12452;0.976162976829159
0.124575;0.9766705408920697
0.12463;0.97717349633412
0.124685;0.9776717971367369
0.12474;0.9781653979415345
0.124795;0.9786542540589941
0.12485;0.9791383214770276
0.124905;0.979617556869433
0.12496;0.9800919176042179
0.12501500000000002;0.9805613617518127
0.12507000000000001;0.9810258480931472
0.12512500000000001;0.9814853361276116
0.12518;0.9819397860808592
0.125235;0.982389158912481
0.12529;0.9828334163235447
0.125345;0.9832725207639689
0.1254;0.983706435439767
0.125455;0.9841351243201187
0.12551;0.984558552144304
0.125565;0.9849766844284541
0.12562;0.9853894874721666
0.125675;0.9857969283649279
0.12573;0.9861989749923847
0.125785;0.9865955960424422
0.12584;0.9869867610111738
0.125895;0.9873724402085703
0.12595;0.9877526047641074
0.126005;0.9881272266321183
0.12606;0.9884962785969929
0.126115;0.9888597342781906
0.12617;0.989217568135065
0.126225;0.9895697554714948
0.12628;0.989916272440305
0.126335;0.9902570960475524
0.12639;0.9905922041565173
0.126445;0.9909215754915971
0.1265;0.9912451896419401
0.126555;0.9915630270648902
0.12661;0.9918750690892888
0.126665;0.9921812979183746
0.12672;0.9924816966327926
0.126775;0.9927762491931204
0.12683;0.993064940442324
0.126885;0.9933477561079767
0.12694;0.9936246828042536
0.126995;0.9938957080337483
0.12705;0.9941608201890414
0.127105;0.9944200085540916
0.12716;0.9946732633053982
0.127215;0.9949205755129499
0.12727;0.99516193714098
0.127325;0.9953973410484861
0.12738;0.9956267809895525
0.127435;0.9958502516134634
0.12749;0.9960677484645977
0.127545;0.9962792679821023
0.1276;0.9964848074993812
0.127655;0.9966843652433552
0.12771000000000002;0.9968779403335111
0.12776500000000002;0.9970655327807406
0.12782000000000002;0.9972471434859953
0.12787500000000002;0.9974227742386984
0.12793000000000002;0.9975924277149737
0.12798500000000002;0.9977561074756548
0.12804000000000001;0.9979138179641058
0.12809500000000001;0.998065564503825
0.12815000000000001;0.9982113532958458
0.128205;0.9983511914159588
0.12826;0.9984850868116928
0.128315;0.9986130482991546
0.12837;0.9987350855596155
0.128425;0.9988512091359475
0.12848;0.9989614304288433
0.128535;0.9990657616928559
0.12859;0.9991642160322476
0.128645;0.9992568073966476
0.1287;0.9993435505765457
0.128755;0.9994244611985611
0.12881;0.99949955572059
0.128865;0.9995688514267221
0.12892;0.9996323664220256
0.128975;0.9996901196271263
0.12903;0.999742130772636
0.129085;0.9997884203934067
0.12914;0.99982900982263
0.129195;0.9998639211857632
0.12925;0.9998931773943073
0.129305;0.9999168021394181
0.12936;0.9999348198853665
0.129415;0.9999472558628684
0.12947;0.9999541360622412
0.129525;0.9999554872264402
0.12958;0.9999513368439077
0.129635;0.9999417131413809
0.12969;0.9999266450759728
0.129745;0.999906162330095
0.1298;0.999880295298951
0.129855;0.9998490750876453
0.12991;0.9998125335008419
0.129965;0.9997707030352544
0.13002;0.9997236168715274
0.130075;0.9996713088660204
0.13013;0.9996138135424292
0.130185;0.9995511660833963
0.13024;0.9994834023219387
0.130295;0.9994105587328294
0.13035;0.9993326724238591
0.130405;0.9992497811270259
0.13046;0.9991619231896399
0.130515;0.9990691375653293
0.13057;0.9989714638049888
0.130625;0.9988689420476392
0.13068000000000002;0.9987616130112292
0.13073500000000002;0.9986495179833533
0.13079000000000002;0.9985326988119303
0.13084500000000002;0.9984111978957936
0.13090000000000002;0.9982850581752597
0.13095500000000002;0.9981543231226053
0.13101000000000002;0.9980190367325272
0.13106500000000001;0.9978792435125488
0.13112000000000001;0.9977349884733708
0.131175;0.9975863171192167
0.13123;0.9974332754380929
0.131285;0.997275909892085
0.13134;0.9971142674075559
0.131395;0.9969483953653839
0.13145;0.996778341591135
0.131505;0.9966041543452502
0.13156;0.9964258823131915
0.131615;0.9962435745955573
0.13167;0.99605728069842
0.131725;0.9958670505231109
0.13178;0.9956729343567033
0.131835;0.995474982861992
0.13189;0.9952732470676792
0.131945;0.9950677783585502
0.132;0.9948586284656329
0.132055;0.9946458494564117
0.13211;0.9944294937250288
0.132165;0.9942096139825306
0.13222;0.9939862632471336
0.132275;0.9937594948345104
0.13233;0.9935293623481295
0.132385;0.9932959196696031
0.13244;0.9930592209490954
0.132495;0.9928193205957607
0.13255;0.9925762732682294
0.132605;0.9923301338651392
0.13266;0.9920809575157129
0.132715;0.9918287995703967
0.13277;0.9915737155915414
0.132825;0.9913157613441425
0.13288;0.9910549927866629
0.132935;0.9907914660618775
0.13299;0.9905252374878187
0.133045;0.9902563635487611
0.1331;0.9899849008863003
0.133155;0.9897109062904846
0.13321;0.9894344366910296
0.133265;0.9891555491486094
0.13332;0.9888743008462154
0.133375;0.9885907490806074
0.13343;0.9883049512538461
0.133485;0.988016964864902
0.13354;0.9877268475013545
0.133595;0.9874346568311759
0.13365;0.9871404505946216
0.13370500000000002;0.9868442865961824
0.13376000000000002;0.9865462226966583
0.13381500000000002;0.986246316805315
0.13387000000000002;0.9859446268721279
0.13392500000000002;0.9856412108801473
0.13398000000000002;0.9853361268379424
0.13403500000000002;0.9850294327721605
0.13409000000000001;0.9847211867201756
0.13414500000000001;0.9844114467228586
0.1342;0.9841002708174351
0.134255;0.983787717030464
0.13431;0.9834738433709159
0.134365;0.9831587078233658
0.13442;0.9828423683412887
0.134475;0.9825248828404873
0.13453;0.982206309192594
0.134585;0.9818867052187328
0.13464;0.9815661286832632
0.134695;0.9812446372876507
0.13475;0.9809222886644573
0.134805;0.9805991403714465
0.13486;0.9802752498858106
0.134915;0.979950674598499
0.13497;0.979625471808703
0.135025;0.9792996987184316
0.13508;0.9789734124272118
0.135135;0.978646669926932
0.13519;0.9783195280967819
0.135245;0.9779920436983425
0.1353;0.9776642733707767
0.135355;0.9773362736261658
0.13541;0.9770081008449611
0.135465;0.9766798112715461
0.13552;0.9763514610099698
0.135575;0.9760231060197766
0.13563;0.9756948021119638
0.135685;0.9753666049450642
0.13574;0.9750385700213803
0.135795;0.9747107526833341
0.13585;0.9743832081099469
0.135905;0.9740559913134434
0.13596;0.9737291571360148
0.136015;0.9734027602466715
0.13607;0.9730768551382691
0.136125;0.9727514961246375
0.13618;0.9724267373378636
0.136235;0.9721026327256832
0.13629;0.9717792360490428
0.136345;0.9714566008797668
0.1364;0.9711347805983569
0.136455;0.9708138283919667
0.13651;0.9704937972524568
0.136565;0.9701747399746405
0.13662;0.9698567091546182
0.13667500000000002;0.9695397571882958
0.13673000000000002;0.9692239362699987
0.13678500000000002;0.9689092983912659
0.13684000000000002;0.96859589533975
0.13689500000000002;0.9682837786982711
0.13695000000000002;0.967972999844029
0.13700500000000002;0.9676636099479232
0.13706000000000002;0.9673556599740456
0.13711500000000001;0.9670492006792993
0.13717000000000001;0.9667442826131757
0.137225;0.9664409561176556
0.13728;0.9661392713273024
0.137335;0.9658392781694349
0.13739;0.9655410263645101
0.137445;0.9652445654266277
0.1375;0.9649499446641944
0.137555;0.9646572131807202
0.13761;0.9643664198758092
0.137665;0.9640776134462711
0.13772;0.9637908423873925
0.137775;0.9635061549943934
0.13783;0.9632235993640077
0.137885;0.9629432233962556
0.13794;0.9626650747963676
0.137995;0.9623892010768607
0.13805;0.9621156495598147
0.138105;0.9618444673792916
0.13816;0.961575701483929
0.138215;0.9613093986397282
0.13827;0.9610456054329999
0.138325;0.9607843682734885
0.13838;0.9605257333977069
0.138435;0.9602697468724121
0.13849;0.9600164545983119
0.138545;0.9597659023139321
0.1386;0.9595181355996975
0.138655;0.9592731998821998
0.13871;0.9590311404386821
0.138765;0.9587920024017049
0.13882;0.9585558307640419
0.138875;0.9583226703837755
0.13893;0.958092565989634
0.138985;0.9578655621865131
0.13904;0.9576417034612388
0.139095;0.9574210341886016
0.13915;0.9572035986375395
0.139205;0.956989440977649
0.13926;0.9567786052858835
0.139315;0.9565711355535296
0.13937;0.9563670756934429
0.139425;0.9561664695474992
0.13948;0.9559693608943862
0.139535;0.9557757934575912
0.13959;0.9555858109137215
0.139645;0.9553994569010772
0.13970000000000002;0.9552167750285291
0.13975500000000002;0.9550378088846688
0.13981000000000002;0.9548626020472508
0.13986500000000002;0.9546911980929994
0.13992000000000002;0.9545236406076095
0.13997500000000002;0.9543599731961757
0.14003000000000002;0.9542002394938336
0.14008500000000002;0.9540444831767557
0.14014000000000001;0.9538927479735052
0.14019500000000001;0.9537450776765485
0.14025;0.9536015161542805
0.140305;0.9534621073631832
0.14036;0.9533268953602856
0.140415;0.9531959243164048
0.14047;0.9530692385274109
0.140525;0.9529468824305976
0.14058;0.9528289006152386
0.140635;0.9527153378374204
0.14069;0.9526062390334532
0.140745;0.9525016493335354
0.1408;0.952401614075154
0.140855;0.9523061788163502
0.14091;0.952215389348456
0.140965;0.9521292917081523
0.14102;0.952047932188509
0.141075;0.9519713573485598
0.14113;0.9518996140208328
0.141185;0.951832749316105
0.14124;0.9517708106242071
0.141295;0.9517138456094671
0.14135;0.9516619021986308
0.141405;0.9516150285581669
0.14146;0.9515732730564717
0.141515;0.9515366842040586
0.14157;0.9515053105611796
0.141625;0.9514792005955812
0.14168;0.9514584024618344
0.141735;0.951442963651824
0.14179;0.9514329304230509
0.141845;0.9514283468189841
0.1419;0.9514292528774285
0.141955;0.9514356810394042
0.14201;0.9514476479155038
0.142065;0.951465130896858
0.14212;0.9514879677074258
0.142175;0.9575205717269354
0.14223;0.9593307913586291
0.142285;0.960348546322773
0.14234;0.9611235888036693
0.142395;0.9617663523602553
0.14245;0.9623226900485264
0.142505;0.962816915778404
0.14256;0.9632637685600954
0.142615;0.9636729847355603
0.14267;0.9640513951770564
0.14272500000000002;0.9644040113322809
0.14278000000000002;0.964734639005287
0.14283500000000002;0.9650462490126093
0.14289000000000002;0.9653412130055393
0.14294500000000002;0.9656214599737414
0.14300000000000002;0.9658885837951104
0.14305500000000002;0.9661439193444603
0.14311000000000001;0.9663885977173998
0.14316500000000001;0.966623587175797
0.14322000000000001;0.9668497240844954
0.143275;0.9670677366771943
0.14333;0.9672782635844853
0.143385;0.9674818684698593
0.14344;0.9676790517288001
0.143495;0.9678702599408147
0.14355;0.9680558935805595
0.143605;0.9682363133646655
0.14366;0.9684118455182302
0.143715;0.9685827861775955
0.14377;0.968749405096514
0.143825;0.9689119487858345
0.14388;0.9690706431891096
0.143935;0.9692256959752813
0.14399;0.969377298513364
0.144045;0.9695256275814396
0.1441;0.9696708468523852
0.144155;0.9698131081909364
0.14421;0.9699525527906204
0.144265;0.9700893121740062
0.14432;0.970223509075889
0.144375;0.9703552582256634
0.14443;0.9704846670426444
0.144485;0.9706118362558606
0.14454;0.9707368604581008
0.144595;0.9708598286025486
0.14465;0.9709808244491143
0.144705;0.9710999269664989
0.14476;0.9712172106952875
0.144815;0.9713327460768157
0.14487;0.9714465997506593
0.144925;0.9715588348262412
0.14498;0.9716695111291312
0.145035;0.9717786854262519
0.14509;0.9718864116316386
0.145145;0.971992740994859
0.1452;0.9720977222738107
0.145255;0.9722014018934597
0.14531;0.9723038240919342
0.145365;0.9724050310551027
0.14542;0.9725050630408065
0.145475;0.97260395849363
0.14553;0.9727017541511144
0.145585;0.9727984851421846
0.14564;0.9728941850784403
0.14569500000000002;0.9729888861389558
0.14575000000000002;0.9730826191491538
0.14580500000000002;0.9731754136542142
0.14586000000000002;0.973267297987498
0.14591500000000002;0.973358299334406
0.14597000000000002;0.9734484437919972
0.14602500000000002;0.9735377564247274
0.14608000000000002;0.9736262613166581
0.14613500000000001;0.9737139816202774
0.14619000000000001;0.9738009396023486
0.146245;0.9738871566869142
0.1463;0.9739726534956512
0.146355;0.9740574498858339
0.14641;0.9741415649861856
0.146465;0.9742250172302133
0.14652;0.9743078243881833
0.146575;0.974390003596869
0.14663;0.9744715713877701
0.146685;0.9745525437137538
0.14674;0.9746329359742177
0.146795;0.9747127630388892
0.14685;0.9747920392703596
0.146905;0.9748707785454057
0.14696;0.9749489942752019
0.147015;0.9750266994244916
0.14707;0.9751039065297598
0.147125;0.975180627716498
0.14718;0.9752568747155963
0.147235;0.9753326588789272
0.14729;0.9754079911941538
0.147345;0.9754828822988446
0.1474;0.9755573424938696
0.147455;0.9756313817562042
0.14751;0.97570500975109
0.147565;0.9757782358436652
0.14762;0.9758510691100312
0.147675;0.9759235183478265
0.14773;0.9759955920863308
0.147785;0.9760672985960895
0.14784;0.9761386458981409
0.147895;0.9762096417728332
0.14795;0.9762802937682297
0.148005;0.9763506092082012
0.14806;0.9764205952001336
0.148115;0.9764902586423239
0.14817;0.9765596062310592
0.148225;0.9766286444674316
0.14828;0.9766973796638199
0.148335;0.9767658179501659
0.14839;0.9768339652799529
0.148445;0.9769018274359687
0.1485;0.9769694100358371
0.148555;0.9770367185373203
0.14861;0.977103758243433
0.148665;0.9771705343073422
0.14872000000000002;0.9772370517371012
0.14877500000000002;0.9773033154001761
0.14883000000000002;0.9773693300278213
0.14888500000000002;0.977435100219307
0.14894000000000002;0.9775006304459396
0.14899500000000002;0.9775659250549926
0.14905000000000002;0.9776309882734677
0.14910500000000002;0.9776958242117132
0.14916000000000001;0.9777604368669327
0.14921500000000001;0.9778248301265612
0.14927;0.9778890077715189
0.149325;0.9779529734793624
0.14938;0.9780167308273188
0.149435;0.9780802832952258
0.14949;0.9781436342683565
0.149545;0.9782067870401715
0.1496;0.9782697448149669
0.149655;0.9783325107104311
0.14971;0.9783950877601352
0.149765;0.9784574789159273
0.14982;0.9785196870502585
0.149875;0.9785817149584382
0.14993;0.9786435653608061
0.149985;0.9787052409048538
0.15004;0.9787667441672815
0.150095;0.9788280776559648
0.15015;0.9788892438119051
0.150205;0.9789502450110853
0.15026;0.9790110835662957
0.150315;0.9790717617289049
0.15037;0.9791322816905569
0.150425;0.9791926455848547
0.15048;0.9792528554889747
0.150535;0.9793129134252418
0.15059;0.9793728213626732
0.150645;0.9794325812184584
0.1507;0.979492194859429
0.150755;0.9795516641034729
0.15081;0.9796109907209065
0.150865;0.9796701764358428
0.15092;0.9797292229274964
0.150975;0.9797881318314716
0.15103;0.9798469047410162
0.151085;0.9799055432082614
0.15114;0.9799640487454004
0.151195;0.9800224228258976
0.15125;0.9800806668856151
0.151305;0.9801387823239476
0.15136;0.9801967705049247
0.151415;0.9802546327583395
0.15147;0.9803123703807294
0.151525;0.980369984636525
0.15158;0.980427476759049
0.151635;0.980484847951478
0.15169000000000002;0.9805420993879254
0.15174500000000002;0.980599232214401
0.15180000000000002;0.980656247549776
0.15185500000000002;0.9807131464867798
0.15191000000000002;0.9807699300929332
0.15196500000000002;0.9808265994115051
0.15202000000000002;0.9808831554624624
0.15207500000000002;0.9809395992434012
0.15213000000000002;0.9809959317304869
0.15218500000000001;0.9810521538793651
0.15224000000000001;0.9811082666261033
0.152295;0.9811642708881166
0.15235;0.9812201675650829
0.152405;0.9812759575398757
0.15246;0.9813316416795107
0.152515;0.9813872208360609
0.15257;0.9814426958476141
0.152625;0.9814980675392206
0.15268;0.9815533367238557
0.152735;0.9816085042034018
0.15279;0.9816635707696209
0.152845;0.9817185372051748
0.1529;0.9817734042846364
0.152955;0.9818281727755387
0.15301;0.9818828434394418
0.153065;0.9819374170330188
0.15312;0.9819918943091689
0.153175;0.9820462760181862
0.15323;0.9821005629089244
0.153285;0.9821547557300224
0.15334;0.9822088552311727
0.153395;0.9822628621644193
0.15345;0.9823167772855116
0.153505;0.982370601355319
0.15356;0.9824243351412808
0.153615;0.9824779794189537
0.15367;0.9825315349735778
0.153725;0.9825850026017688
0.15378;0.9826383831132457
0.153835;0.9826916773326743
0.15389;0.9827448861015942
0.153945;0.9827980102804348
0.154;0.9828510507506639
0.154055;0.9829040084170325
0.15411;0.9829568842099731
0.154165;0.9830096790881141
0.15422;0.9830623940409583
0.154275;0.9831150300917213
0.15433;0.9831675883003658
0.154385;0.9832200697667891
0.15444;0.9832724756342746
0.154495;0.9833248070931181
0.15455;0.9833770653845563
0.154605;0.983429251804918
0.15466;0.9834813677101064
0.15471500000000002;0.9835334145203749
0.15477000000000002;0.9835853937254793
0.15482500000000002;0.9836373068901902
0.15488000000000002;0.9836891556602333
0.15493500000000002;0.9837409417686875
0.15499000000000002;0.9837926670428707
0.15504500000000002;0.9838443334117832
0.15510000000000002;0.9838959429141424
0.15515500000000002;0.9839474977070706
0.15521000000000001;0.9839990000755207
0.15526500000000001;0.9840504524424563
0.15532;0.9841018573799334
0.155375;0.9841532176211294
0.15543;0.9842045360734186
0.155485;0.9842558158326222
0.15554;0.9843070601985333
0.155595;0.9843582726918761
0.15565;0.9844094570728231
0.155705;0.9844606173612653
0.15576;0.98451175785902
0.155815;0.9845628831741944
0.15587;0.9846139982479096
0.155925;0.9846651083837678
0.15598;0.9847162192802077
0.156035;0.9847673370662594
0.15609;0.9848184683409973
0.156145;0.9848696202171745
0.1562;0.9849208003695629
0.156255;0.9849720170885468
0.15631;0.9850232793397011
0.156365;0.9850745968300586
0.15642;0.98512598008197
0.156475;0.985177440515595
0.15653;0.9852289905411308
0.156585;0.9852806436621538
0.15664;0.9853324145916409
0.156695;0.985384319382432
0.15675;0.9854363755742469
0.156805;0.9854886023597155
0.15686;0.9855410207722224
0.156915;0.9855936538989464
0.15697;0.9856465271230065
0.157025;0.9856996683993252
0.15708;0.985753108569641
0.157135;0.9858068817232838
0.15719;0.9858610256111616
0.157245;0.9859155821224009
0.1573;0.9859705978345957
0.157355;0.9860261246505703
0.15741;0.9860822205382546
0.157465;0.9861389503923547
0.15752;0.9861963870417121
0.157575;0.986254612430989
0.15763;0.9863137190118666
0.157685;0.9863738113873228
0.15774000000000002;0.9864350082627246
0.15779500000000002;0.9864974447709024
0.15785000000000002;0.9865612752551155
0.15790500000000002;0.9866266766157824
0.15796000000000002;0.9866938523549125
0.15801500000000002;0.9867630374892535
0.15807000000000002;0.9868345045515563
0.15812500000000002;0.9869085709636817
0.15818000000000002;0.9869856081511239
0.15823500000000001;0.9870660528842663
0.15829000000000001;0.987150421489045
0.158345;0.9872393277857817
0.1584;0.987333505914848
0.158455;0.9874338396284877
0.15851;0.9875414002255956
0.158565;0.9876574961652058
0.15862;0.9877837386470015
0.158675;0.987922129300458
0.15873;0.9880751789110007
0.158785;0.9882460703756294
0.15884;0.9884388857301187
0.158895;0.9886589276780033
0.15895;0.9889131833008692
0.159005;0.9892110064508415
0.15906;0.9895651448552962
0.159115;0.9899933257962458
0.15917;0.9905207755917391
0.159225;0.9911843567045111
0.15928;0.992039624217257
0.159335;0.9931734082158445
0.15939;0.9947274607845722
0.159445;0.9969458011928799
0.1595;1.0002771657811071
0.159555;1.0056194434304562
0.15961;1.0149815651855372
0.159665;1.0336085793564698
0.15972;1.0786451566305963
0.159775;1.2282072759510743
0.15983;1.845332711341847
0.159885;1.505732711711326
0.15994;1.1450060704182845
0.159995;1.0574757516122046
0.16005;1.0266019560845139
0.160105;1.0125229298139036
0.16016;1.0049938449446607
0.160215;1.000517420811559
0.16027;0.9976490961794471
0.160325;0.9957066902262947
0.16038;0.9943345871466941
0.160435;0.9933327992432978
0.16049;0.9925819002498438
0.160545;0.9920070131345379
0.1606;0.9915592611876194
0.160655;0.9912056392464963
0.16071000000000002;0.9909232057049715
0.16076500000000002;0.9906956109162084
0.16082000000000002;0.9905109466576988
0.16087500000000002;0.9903603719187294
0.16093000000000002;0.9902372104952066
0.16098500000000002;0.9901363439370113
0.16104000000000002;0.9900537943053463
0.16109500000000002;0.989986431807169
0.16115000000000002;0.9899317663372561
0.16120500000000001;0.9898877964839493
0.16126000000000001;0.9898528985754868
0.16131500000000001;0.9898257440704705
0.16137;0.9898052373050323
0.161425;0.9897904680557958
0.16148;0.989780675019105
0.161535;0.9897752174251488
0.16159;0.9897735527785643
0.161645;0.9897752192584417
0.1617;0.9897798216945561
0.161755;0.9897870203120421
0.16181;0.9897965216365736
0.161865;0.9898080710981711
0.16192;0.9898214469802281
0.161975;0.9898364554408151
0.16203;0.9898529263943635
0.162085;0.989870710087567
0.16214;0.9898896742388213
0.162195;0.9899097016374916
0.16225;0.9899306881203217
0.162305;0.9899525408586468
0.16236;0.9899751769029977
0.162415;0.9899985219417083
0.16247;0.9900225092382716
0.162525;0.9900470787185898
0.16258;0.9900721761843666
0.162635;0.9900977526330945
0.16269;0.9901237636683972
0.162745;0.9901501689872709
0.1628;0.990176931932888
0.162855;0.9902040191036382
0.16291;0.990231400010327
0.162965;0.9902590467749746
0.16302;0.9902869338654693
0.163075;0.9903150378612636
0.16313;0.99034333724606
0.163185;0.9903718122239634
0.16324;0.9904004445560953
0.163295;0.990429217415131
0.16335;0.9904581152555102
0.163405;0.990487123697442
0.16346;0.99051622942304
0.163515;0.9905454200831492
0.16357;0.9905746842136346
0.163625;0.9906040111600367
0.16368;0.9906333910096554
0.16373500000000002;0.9906628145302313
0.16379000000000002;0.9906922731145004
0.16384500000000002;0.990721758729995
0.16390000000000002;0.9907512638734967
0.16395500000000002;0.9907807815297238
0.16401000000000002;0.9908103051337064
0.16406500000000002;0.9908398285365897
0.16412000000000002;0.9908693459744115
0.16417500000000002;0.9908988520396286
0.16423000000000001;0.990928341655086
0.16428500000000001;0.9909578100502152
0.16434;0.9909872527392044
0.164395;0.9910166655009988
0.16445;0.9910460443609435
0.164505;0.991075385573902
0.16456;0.9911046856087392
0.164615;0.9911339411340103
0.16467;0.9911631490047853
0.164725;0.991192306250507
0.16478;0.9912214100637295
0.164835;0.9912504577897627
0.16489;0.9912794469170444
0.164945;0.9913083750682697
