1e-20;1.9434400295888415e-17
5.500000000000001e-05;2.0245129531237395e-17
0.00011000000000000002;2.109072072031043e-17
0.000165;2.1972718965724948e-17
0.00022;2.28927399432701e-17
0.000275;2.385247322338811e-17
0.00033;2.4853685753714544e-17
0.00038500000000000003;2.5898225510709082e-17
0.00044;2.6988025328839855e-17
0.000495;2.8125106916187445e-17
0.00055;2.9311585065871913e-17
0.0006050000000000001;3.054967207307044e-17
0.00066;3.184168236804081e-17
0.000715;3.3190037375953727e-17
0.0007700000000000001;3.459727061503039e-17
0.000825;3.606603304501031e-17
0.00088;3.759909867860301e-17
0.0009350000000000001;3.919937046922919e-17
0.00099;4.086988648912978e-17
0.0010450000000000001;4.261382641251004e-17
0.0011;4.4434518319349654e-17
0.001155;4.6335445836046946e-17
0.0012100000000000001;4.8320255630315744e-17
0.001265;5.0392765278200555e-17
0.00132;5.255697152246298e-17
0.0013750000000000001;5.481705894222984e-17
0.00143;5.717740905510498e-17
0.001485;5.9642609873988e-17
0.0015400000000000001;6.221746594194601e-17
0.001595;6.490700886978807e-17
0.00165;6.771650840239497e-17
0.0017050000000000001;7.065148404100485e-17
0.00176;7.371771725038022e-17
0.001815;7.692126428106508e-17
0.0018700000000000001;8.026846963878652e-17
0.001925;8.37659802346083e-17
0.00198;8.742076025135183e-17
0.002035;9.124010676350738e-17
0.0020900000000000003;9.523166615029432e-17
0.002145;9.940345134306771e-17
0.0022;1.0376385995101232e-16
0.002255;1.0832169331115326e-16
0.00231;1.1308617651126558e-16
0.002365;1.1806697943692619e-16
0.0024200000000000003;1.2327423889678676e-16
0.002475;1.2871858188286438e-16
0.00253;1.3441115002599685e-16
0.002585;1.4036362530976612e-16
0.00264;1.465882571097383e-16
0.002695;1.5309789062813907e-16
0.0027500000000000003;1.5990599679873988e-16
0.002805;1.6702670373982619e-16
0.00286;1.74474829838324e-16
0.002915;1.822659185519332e-16
0.00297;1.9041627502154623e-16
0.003025;1.9894300459103184e-16
0.0030800000000000003;2.0786405333664909e-16
0.003135;2.1719825071455455e-16
0.00319;2.2696535444018985e-16
0.003245;2.371860977204206e-16
0.0033;2.4788223896524157e-16
0.003355;2.5907661411375277e-16
0.0034100000000000003;2.7079319171561635e-16
0.003465;2.830571309183991e-16
0.00352;2.9589484251816666e-16
0.003575;3.0933405324111155e-16
0.00363;3.2340387343153057e-16
0.0036850000000000003;3.381348683334963e-16
0.0037400000000000003;3.5355913316212575e-16
0.003795;3.697103721730651e-16
0.00385;3.8662398194895377e-16
0.003905;4.04337139135765e-16
0.00396;4.2288889287396465e-16
0.004015;4.4232026218353697e-16
0.00407;4.626743385766816e-16
0.004125;4.839963941885428e-16
0.0041800000000000006;5.063339957308236e-16
0.004235;5.29737124593331e-16
0.00429;5.54258303434054e-16
0.004345;5.799527296206851e-16
0.0044;6.068784159061418e-16
0.004455;6.350963387418582e-16
0.00451;6.64670594657358e-16
0.0045650000000000005;6.956685651593411e-16
0.00462;7.281610906277321e-16
0.004675;7.622226537171425e-16
0.00473;7.979315727978466e-16
0.004785;8.35370206005103e-16
0.0048400000000000006;8.746251664964878e-16
0.004895;9.157875495525256e-16
0.00495;9.589531721929495e-16
0.005005;1.0042228260202826e-15
0.00506;1.05170254404596e-15
0.005115;1.1015038822940566e-15
0.00517;1.1537442170291973e-15
0.0052250000000000005;1.2085470585037772e-15
0.00528;1.266042382169893e-15
0.005335;1.3263669783620312e-15
0.00539;1.389664821510674e-15
0.005445;1.4560874600147336e-15
0.0055000000000000005;1.5257944279659278e-15
0.005555;1.598953679987956e-15
0.00561;1.6757420505291376e-15
0.005665;1.7563457390314958e-15
0.00572;1.8409608224756906e-15
0.005775000000000001;1.929793796901416e-15
0.00583;2.0230621495889997e-15
0.0058850000000000005;2.1209949636972874e-15
0.00594;2.2238335572565972e-15
0.005995;2.331832158532765e-15
0.00605;2.445258619894949e-15
0.006105;2.5643951724591095e-15
0.0061600000000000005;2.689539223905077e-15
0.006215;2.82100420201832e-15
0.00627;2.959120446665334e-15
0.006325;3.1042361530628736e-15
0.00638;3.2567183693952226e-15
0.006435000000000001;3.4169540520058833e-15
0.00649;3.585351181594211e-15
0.0065450000000000005;3.762339944053667e-15
0.0066;3.948373979821749e-15
0.006655;4.14393170583514e-15
0.00671;4.3495177144531625e-15
0.006765;4.56566425396411e-15
0.0068200000000000005;4.792932795590629e-15
0.006875;5.031915692209846e-15
0.00693;5.283237934321113e-15
0.006985;5.5475590091461274e-15
0.00704;5.82557486911645e-15
0.007095000000000001;6.11802001637847e-15
0.00715;6.425669710383121e-15
0.0072050000000000005;6.7493423060450385e-15
0.00726;7.089901730444505e-15
0.007315;7.44826010654426e-15
0.007370000000000001;7.825380532915146e-15
0.007425;8.22228002903887e-15
0.0074800000000000005;8.640032656368206e-15
0.007535;9.079772825954343e-15
0.00759;9.54269880414922e-15
0.007645;1.0030076428597728e-14
0.0077;1.0543243047556462e-14
0.007755000000000001;1.108361169634929e-14
0.00781;1.1652675525697929e-14
0.007865;1.2252012497569862e-14
0.00792;1.2883290365217973e-14
0.007975;1.3548271955135226e-14
0.00803;1.424882076979132e-14
0.008085;1.4986906931209883e-14
0.00814;1.5764613486799993e-14
0.008195000000000001;1.6584143100124267e-14
0.00825;1.744782515089031e-14
0.008305;1.835812326987605e-14
0.008360000000000001;1.9317643336279295e-14
0.008415;2.032914196671985e-14
0.00847;2.1395535526986393e-14
0.008525;2.2519909699696262e-14
0.00858;2.3705529643188712e-14
0.008635;2.495585077921127e-14
0.00869;2.6274530249525703e-14
0.008745000000000001;2.766543908401554e-14
0.0088;2.9132675125880594e-14
0.008855;3.0680576762258375e-14
0.00891;3.23137375119986e-14
0.008965;3.403702152550245e-14
0.00902;3.5855580055345224e-14
0.009075;3.77748689601489e-14
0.009130000000000001;3.9800667308301304e-14
0.009185;4.193909715250778e-14
0.00924;4.419664455096416e-14
0.009295000000000001;4.6580181915679346e-14
0.00935;4.9096991774162406e-14
0.009405;5.1754792036074056e-14
0.00946;5.4561762862665944e-14
0.009515000000000001;5.752657524339456e-14
0.00957;6.065842139075516e-14
0.009625;6.396704707215415e-14
0.009680000000000001;6.746278600504995e-14
0.009735;7.115659645045141e-14
0.00979;7.506010014856705e-14
0.009845;7.918562375000591e-14
0.0099;8.354624290617219e-14
0.009955;8.815582919349397e-14
0.01001;9.302910005750888e-14
0.010065000000000001;9.818167197557287e-14
0.01012;1.0363011704958393e-13
0.010175;1.093920232551721e-13
0.01023;1.154860585877344e-13
0.010285;1.2193203936270293e-13
0.01034;1.2875100294366976e-13
0.010395;1.359652851910353e-13
0.010450000000000001;1.4359860294258238e-13
0.010505;1.5167614185847875e-13
0.01056;1.602246499848537e-13
0.010615000000000001;1.692725374141847e-13
0.01067;1.7884998244488916e-13
0.010725;1.889890446699418e-13
0.01078;1.9972378545173563e-13
0.010835000000000001;2.110903962714062e-13
0.01089;2.2312733547221394e-13
0.010945;2.358754739507515e-13
0.011000000000000001;2.493782503856404e-13
0.011055;2.636818366326368e-13
0.01111;2.7883531395411306e-13
0.011165;2.948908607961469e-13
0.01122;3.1190395286965506e-13
0.011275;3.299335763435584e-13
0.01133;3.490424550058566e-13
0.011385000000000001;3.692972923059812e-13
0.01144;3.9076902924612453e-13
0.011495;4.135331191520384e-13
0.011550000000000001;4.376698204163542e-13
0.011605;4.632645083745039e-13
0.01166;4.904080075440595e-13
0.011715;5.19196945533286e-13
0.011770000000000001;5.497341300000068e-13
0.011825;5.821289501259264e-13
0.01188;6.164978041534848e-13
0.011935000000000001;6.529645546222027e-13
0.01199;6.916610130332452e-13
0.012045;7.327274557639278e-13
0.0121;7.763131731527058e-13
0.012155000000000001;8.225770537766733e-13
0.01221;8.716882060431861e-13
0.012265;9.238266193250256e-13
0.012320000000000001;9.791838669704216e-13
0.012375;1.0379638536266657e-12
0.01243;1.100383609420675e-12
0.012485000000000001;1.166674133639958e-12
0.01254;1.2370812906602122e-12
0.012595;1.3118667609515208e-12
0.01265;1.391309050091122e-12
0.012705000000000001;1.4757045587738517e-12
0.01276;1.5653687168834622e-12
0.012815;1.6606371847221285e-12
0.012870000000000001;1.7618671245273248e-12
0.012925;1.8694385453949245e-12
0.01298;1.9837557246927173e-12
0.013035;2.1052487089681325e-12
0.013090000000000001;2.2343748972397568e-12
0.013145;2.3716207093601694e-12
0.0132;2.517503341907559e-12
0.013255000000000001;2.6725726137088094e-12
0.01331;2.837412902674723e-12
0.013365;3.012645175080706e-12
0.01342;3.1989291077302135e-12
0.013475;3.3969653025944798e-12
0.01353;3.6074975924968413e-12
0.013585;3.831315435124105e-12
0.013640000000000001;4.069256391153763e-12
0.013695;4.322208680434289e-12
0.01375;4.5911138079897775e-12
0.013805000000000001;4.8769692490061105e-12
0.01386;5.180831178876074e-12
0.013915;5.503817230705078e-12
0.01397;5.847109258389273e-12
0.014025000000000001;6.211956078263885e-12
0.01408;6.5996761563376864e-12
0.014135;7.011660201100133e-12
0.014190000000000001;7.449373613651116e-12
0.014245;7.914358737215398e-12
0.0143;8.408236836843568e-12
0.014355;8.932709726838157e-12
0.014410000000000001;9.489560948051088e-12
0.014465;1.0080656379172138e-11
0.01452;1.0707944145095813e-11
0.014575000000000001;1.1373453660931864e-11
0.01463;1.2079293621731703e-11
0.014685;1.2827648714571668e-11
0.014740000000000001;1.362077479099712e-11
0.014795;1.4460992192518174e-11
0.01485;1.535067686930225e-11
0.014905;1.6292248870876685e-11
0.014960000000000001;1.7288157716265517e-11
0.015015;1.8340864067791496e-11
0.01507;1.9452817035954532e-11
0.015125000000000001;2.0626426329837267e-11
0.01518;2.1864028335928417e-11
0.015235;2.3167845054962125e-11
0.01529;2.453993464733944e-11
0.015345000000000001;2.5982132129245956e-11
0.0154;2.7495978517987208e-11
0.015455;2.908263644080926e-11
0.015510000000000001;3.074278988943349e-11
0.015565;3.2476525414672567e-11
0.01562;3.428319160154561e-11
0.015675;3.616123313490138e-11
0.01573;3.810799514390987e-11
0.015785;4.011949278633371e-11
0.01584;4.2190140180169555e-11
0.015895;4.4312431789881786e-11
0.01595;4.647656819955998e-11
0.016005000000000002;4.867001682594363e-11
0.01606;5.0876996501465445e-11
0.016115;5.3077872949094005e-11
0.01617;5.5248449922021406e-11
0.016225;5.735913813164416e-11
0.01628;5.937398096012701e-11
0.016335000000000002;6.124951226099271e-11
0.016390000000000002;6.29334171850934e-11
0.016445;6.436296180256599e-11
0.0165;6.546315116962446e-11
0.016555;6.614456822834098e-11
0.01661;6.630083730604694e-11
0.016665;6.580564573145012e-11
0.016720000000000002;6.45092448835612e-11
0.016775;6.223433744961925e-11
0.01683;5.877124031488712e-11
0.016885;5.387219177176782e-11
0.01694;4.724464692144295e-11
0.016995;3.8543375404626816e-11
0.01705;2.736113990660376e-11
0.017105000000000002;1.3217690962229094e-11
0.01716;6.17544856306395e-06
0.017215;3.38271253516978e-05
0.01727;6.329223028489886e-05
0.017325;9.467646776339583e-05
0.01738;0.0001280916243682748
0.017435;0.0001636561816991267
0.017490000000000002;0.00020149581138190195
0.017545;0.00024174387567554303
0.0176;0.0002845419549541539
0.017655;0.0003300404102365048
0.01771;0.00037839898589538855
0.017765;0.0004297874569004373
0.01782;0.0004843863248303543
0.017875000000000002;0.000542387567069409
0.01793;0.0006039954438927564
0.017985;0.0006694273685359202
0.01804;0.0007389148457959238
0.018095;0.0008127044852199108
0.01815;0.0008910590955216173
0.018205;0.000974258867497916
0.018260000000000002;0.0010626026534441937
0.018315;0.0011564093518505647
0.01837;0.0012560194070519906
0.018425;0.0013617964344754007
0.01848;0.0014741289832330353
0.018535;0.0015934324490083666
0.018590000000000002;0.0017201511515471995
0.018645000000000002;0.0018547605925622072
0.0187;0.001997769911552346
0.018755;0.002149724558911123
0.01881;0.0023112092077979002
0.018865;0.0024828509285990006
0.01892;0.0026653226524405845
0.018975000000000002;0.002859346953164322
0.019030000000000002;0.003065700180492309
0.019085;0.0032852169808253165
0.01914;0.003518795246324702
0.019195;0.00376740153761491
0.01925;0.004032077030789336
0.019305;0.0043139440453655396
0.019360000000000002;0.004614213216642935
0.019415;0.00493419138354636
0.01947;0.005275290271725199
0.019525;0.0056390360614816115
0.01958;0.006027079941277476
0.019635;0.006441209760178797
0.01969;0.006883362907029779
0.019745000000000002;0.007355640560473207
0.0198;0.007860323472622475
0.019855;0.008399889470449163
0.01991;0.008977032883215223
0.019965;0.00959468613204645
0.02002;0.010256043749481311
0.020075;0.010964589133143826
0.020130000000000002;0.011724124379354203
0.020185;0.01253880359018052
0.02024;0.013413170102308178
0.020295;0.01435219814891236
0.02035;0.015361339538104096
0.020405;0.016446576014479013
0.02046;0.01761447806590412
0.020515000000000002;0.018872271047371866
0.02057;0.020227909619951346
0.020625;0.021690161647769116
0.02068;0.023268702862345232
0.020735;0.024974223794131452
0.02079;0.026818550689343024
0.020845000000000002;0.02881478237888473
0.020900000000000002;0.03097744534924791
0.020955;0.03332266958553793
0.02101;0.0358683881170562
0.021065;0.03863456359806938
0.02112;0.041643445699976474
0.021175;0.044919863573779764
0.021230000000000002;0.04849155815525203
0.021285000000000002;0.0523895596151891
0.02134;0.05664861577839867
0.021395;0.06130767780606162
0.02145;0.06641044979269434
0.021505;0.07200600907399676
0.02156;0.07814950382823546
0.021615000000000002;0.08490293377002896
0.021670000000000002;0.09233601806863154
0.021725;0.10052715163248449
0.02178;0.10956444595691969
0.021835;0.11954684295645476
0.02189;0.13058527838268283
0.021945;0.14280385391810094
0.022000000000000002;0.1563409516438423
0.022055;0.17135018846892558
0.02211;0.18800105774062673
0.022165;0.2064790364724946
0.02222;0.22698484498622223
0.022275;0.24973242742850413
0.02233;0.2749450751096508
0.022385000000000002;0.3028489440428901
0.02244;0.3336630385483543
0.022495;0.3675845786072919
0.02255;0.40476860426575223
0.022605;0.4453008025951398
0.02266;0.48916302845709236
0.022715;0.5361920283957535
0.022770000000000002;0.5860336635448317
0.022825;0.6380975506118829
0.02288;0.6915202990493629
0.022935;0.7451487031407953
0.02299;0.7975559765712634
0.023045;0.8471025285484766
0.023100000000000002;0.8920462399368747
0.023155000000000002;0.9306955641630861
0.02321;0.9615846068721015
0.023265;0.983637889833458
0.02332;0.9962896859006225
0.023375;0.9995316837160323
0.02343;0.9938809322595528
0.023485000000000002;0.9802804042016466
0.023540000000000002;0.9599591290541512
0.023595;0.9342831829903792
0.02365;0.9046235654081368
0.023705;0.8722564457775324
0.02376;0.8383003308015442
0.023815;0.8036866261104064
0.023870000000000002;0.7691558498983244
0.023925000000000002;0.7352707937939115
0.02398;0.7024389794200551
0.024035;0.6709386621846039
0.02409;0.6409445989479963
0.024145;0.6125514263465562
0.0242;0.5857936733227775
0.024255000000000002;0.5606621890413939
0.024310000000000002;0.537117199818158
0.024365;0.5150984165667973
0.02442;0.49453268145165036
0.024475;0.47533963000235735
0.02453;0.4574357933792587
0.024585;0.4407374994688183
0.024640000000000002;0.4251628648351606
0.024695;0.41063310910420625
0.02475;0.39707337179784874
0.024805;0.384413169371695
0.02486;0.37258659650373055
0.024915;0.3615323493345257
0.024970000000000003;0.351193628073092
0.025025000000000002;0.34151796095312204
0.02508;0.3324569798989486
0.025135;0.32396616957883717
0.02519;0.31600460508669653
0.025245;0.30853468875803625
0.0253;0.30152189316826106
0.025355000000000003;0.294934514857312
0.025410000000000002;0.2887434415287121
0.025465;0.2829219341985571
0.02552;0.27744542488132484
0.025575;0.27229132979171816
0.02563;0.267438877637068
0.025685;0.2628689523180059
0.025740000000000002;0.2585639492019314
0.025795000000000002;0.25450764405510873
0.02585;0.25068507369141735
0.025905;0.24708242740315994
0.02596;0.24368694826926965
0.026015;0.2404868434810611
0.02607;0.2374712028781311
0.026125000000000002;0.23462992494449816
0.026180000000000002;0.23195364957262155
0.026235;0.22943369696064364
0.02629;0.22706201206296384
0.026345;0.22483111406651815
0.0264;0.22273405041390287
0.026455;0.22076435493963228
0.026510000000000002;0.21891600972723288
0.026565000000000002;0.21718341033302468
0.02662;0.21556133405689953
0.026675;0.21404491097180484
0.02673;0.21262959745206497
0.026785;0.21131115196627653
0.02684;0.21008561292370795
0.026895000000000002;0.20894927838385044
0.02695;0.2078986874575909
0.027005;0.20693060324524237
0.02706;0.2060419971719191
0.027115;0.20523003459416175
0.02717;0.20449206156413152
0.027225000000000003;0.20382559264848438
0.027280000000000002;0.20322829970906478
0.027335;0.20269800156126672
0.02739;0.20223265443396174
0.027445;0.20183034316208273
0.0275;0.20148927304927958
0.027555;0.2012077623439874
0.027610000000000003;0.20098423527742085
0.027665000000000002;0.20081721561669094
0.02772;0.2007053206905353
0.027775;0.20064725584894433
0.02783;0.20064180932145984
0.027885;0.20068784744197163
0.02794;0.2007843102107845
0.027995000000000003;0.20093020716717308
0.028050000000000002;0.2011246135479393
0.028105;0.2013666667097517
0.02816;0.20165556279467672
0.028215;0.20199055362031199
0.02827;0.20237094377727136
0.028325;0.20279608791829729
0.028380000000000002;0.20326538822459062
0.028435000000000002;0.20377829203600772
0.02849;0.2043342896329673
0.028545;0.20493291215879347
0.0286;0.20557372967215548
0.028655;0.20625634932003994
0.02871;0.20698041362243452
0.028765000000000002;0.20774559886061827
0.028820000000000002;0.20855161356149182
0.028875;0.20939819707099017
0.02893;0.2102851182101365
0.028985;0.21121217400774517
0.02904;0.21217918850420509
0.029095;0.21318601162123152
0.029150000000000002;0.21423251809268334
0.029205000000000002;0.21531860645209616
0.02926;0.21644419807266924
0.029315;0.21760923625588668
0.02937;0.21881368536505552
0.029425;0.22005753000042666
0.029480000000000003;0.22134077421269555
0.029535000000000002;0.22266344075187286
0.02959;0.22402557034872728
0.029645;0.2254272210261361
0.0297;0.2268684674379398
0.029755;0.2283494002328099
0.02981;0.22987012544103033
0.029865000000000003;0.23143076388203473
0.029920000000000002;0.23303145059072294
0.029975;0.23467233426067508
0.03003;0.23635357670242213
0.030085;0.23807535231513952
0.03014;0.23983784757001156
0.030195;0.24164126050385792
0.030250000000000003;0.24348580022138835
0.030305000000000002;0.245371686404705
0.03036;0.2472991488286893
0.030415;0.2492684268809643
0.03047;0.251279769085094
0.030525;0.25333343262580266
0.03058;0.25542968287512513
0.030635000000000003;0.2575687929181799
0.030690000000000002;0.2597510430775939
0.030745;0.2619767204354098
0.0308;0.2642461183514412
0.030855;0.2665595359771459
0.03091;0.2689172777639171
0.030965;0.27131965296487276
0.031020000000000002;0.27376697512928294
0.031075000000000002;0.27625956158859943
0.03113;0.2787977329333624
0.031185;0.2813818124799856
0.03124;0.28401212572669066
0.031295;0.28668899979778406
0.03135;0.2894127628754316
0.031405;0.29218374361826754
0.03146;0.29500227056608586
0.031515;0.2978686715298856
0.03157;0.3007832729667182
0.031625;0.30374639933852465
0.03168;0.3067583724545886
0.031735;0.30981951079685244
0.03179;0.3129301288277121
0.031845;0.31609053627970607
0.0319;0.3193010374266688
0.031955000000000004;0.32256193033605274
0.032010000000000004;0.32587350610191973
0.032065;0.32923604805836804
0.03212;0.3326498309731782
0.032175;0.336115120221399
0.03223;0.33963217093883324
0.032285;0.34320122715525275
0.03234;0.3468225209074045
0.032395;0.3504962713318879
0.03245;0.3542226837379769
0.032505;0.3580019486606477
0.03256;0.3618342408941353
0.032615;0.3657197185063408
0.032670000000000005;0.36965852183469766
0.032725000000000004;0.37365077246388734
0.032780000000000004;0.3776965721862947
0.032835;0.3817960019458364
0.03289;0.3859491207661169
0.032945;0.39015596466393626
0.033;0.3944165455491972
0.033055;0.39873085011261716
0.03311;0.40309883870243063
0.033165;0.4075204441917651
0.03322;0.4119955708381762
0.033275;0.4165240931372263
0.03333;0.42110585467201567
0.033385;0.4257406669606653
0.033440000000000004;0.4304283083039801
0.033495000000000004;0.43516852263567374
0.03355;0.4399610183776189
0.033605;0.4448054673027812
0.03366;0.44970150340860465
0.033715;0.4546487218037705
0.03377;0.45964667761149863
0.033825;0.4646948848925344
0.03388;0.46979281559110786
0.033935;0.4749398985075908
0.03399;0.48013551830122897
0.034045;0.4853790145268495
0.0341;0.49066968070926986
0.034155;0.496006763459623
0.034210000000000004;0.5013894616372867
0.034265000000000004;0.5068169255619791
0.03432;0.51228825627991
0.034375;0.5178025048884547
0.03443;0.5233586719236392
0.034485;0.5289557068148438
0.03454;0.5345925074109408
0.034595;0.5402679195825214
0.03465;0.5459807369042121
0.034705;0.5517297004218007
0.03476;0.5575134985079717
0.034815;0.5633307668111598
0.03487;0.5691800883013742
0.034925000000000005;0.5750599934170193
0.034980000000000004;0.5809689603162945
0.035035000000000004;0.5869054152369511
0.03509;0.5928677329675327
0.035145;0.5988542374335107
0.0352;0.6048632024007445
0.035255;0.6108928522992176
0.03531;0.616941363169122
0.035365;0.6230068637311582
0.03542;0.6290874365826218
0.035475;0.6351811195204208
0.03553;0.6412859069917988
0.035585;0.6473997516728865
0.03564;0.6535205661750539
0.035695000000000005;0.6596462248783758
0.035750000000000004;0.665774565891007
0.035805000000000003;0.6719033931329323
0.03586;0.6780304785417053
0.035915;0.6841535643976847
0.03597;0.6902703657654513
0.036025;0.6963785730475145
0.03608;0.702475854646149
0.036135;0.7085598597283469
0.03619;0.7146282210885423
0.036245;0.7206785581032501
0.0363;0.7267084797710283
0.036355;0.7327155878309467
0.03641;0.7386974799521506
0.036465000000000004;0.7446517529866018
0.036520000000000004;0.7505760062768079
0.036575;0.7564678450097462
0.03663;0.7623248836080659
0.036685;0.768144749149204
0.03674;0.773925084802767
0.036795;0.7796635532762564
0.03685;0.7853578402591639
0.036905;0.7910056578552735
0.03696;0.7966047479927565
0.037015;0.8021528858017238
0.03707;0.8076478829490702
0.037125;0.8130875909201077
0.037180000000000005;0.8184699042370451
0.037235000000000004;0.8237927636041059
0.037290000000000004;0.8290541589696498
0.037345;0.834252132495817
0.0374;0.8393847814263519
0.037455;0.844450260843866
0.03751;0.8494467863082535
0.037565;0.8543726363679951
0.03762;0.8592261549373326
0.037675;0.8640057535318978
0.03773;0.8687099133569025
0.037785;0.8733371872418312
0.03784;0.8778862014167088
0.037895;0.8823556571253024
0.037950000000000005;0.8867443320716167
0.038005000000000004;0.8910510816964967
0.038060000000000004;0.8952748402819161
0.038115;0.8994146218811528
0.03817;0.9034695210739898
0.038225;0.907438713546464
0.03828;0.9113214564955646
0.038335;0.9151170888598927
0.03839;0.9188250313779864
0.038445;0.9224447864766342
0.0385;0.92597593799213
0.038555;0.9294181507278748
0.03861;0.9327711698526648
0.038665;0.9360348201439581
0.038720000000000004;0.939209005081541
0.038775000000000004;0.9422937057968802
0.03883;0.9452889798842905
0.038885;0.9481949600802658
0.03894;0.9510118528175497
0.038995;0.9537399366610693
0.03905;0.9563795606328026
0.039105;0.9589311424331162
0.03916;0.9613951665662267
0.039215;0.9637721823772775
0.03927;0.9660628020091594
0.039325;0.9682676982866604
0.03938;0.9703876025359616
0.039435000000000005;0.9724233023472532
0.039490000000000004;0.9743756392882139
0.039545000000000004;0.976245506576102
0.0396;0.978033846715858
0.039655;0.9797416491117775
0.03971;0.9813699476597519
0.039765;0.9829198183271978
0.03982;0.9843923767273702
0.039875;0.9857887756945535
0.03993;0.9871102028663674
0.039985;0.98835787827914
0.04004;0.9895330519819645
0.040095;0.9906370016748238
0.04015;0.9916710303757599
0.040205000000000005;0.9926364641218163
0.040260000000000004;0.9935346497081325
0.040315000000000004;0.9943669524692362
0.04037;0.9951347541062443
0.040425;0.9958394505633813
0.04048;0.9964824499568748
0.040535;0.997065170559049
0.04059;0.997589038839914
0.040645;0.9980554875685701
0.0407;0.99846595397614
0.040755;0.9988218779818379
0.04081;0.9991247004834376
0.040865;0.9993758617131806
0.04092;0.9995767996598381
0.040975000000000004;0.9997289485574953
0.041030000000000004;0.9998337374412918
0.041085;0.9998925887702468
0.04114;0.9999069171169623
0.041195;0.9998781279239695
0.04125;0.9998076163261185
0.041305;0.9996967660384056
0.04136;0.9995469483084141
0.041415;0.999359520932365
0.04147;0.9991358273337297
0.041525;0.9988771957031939
0.04158;0.9985849381986385
0.041635;0.9982603502037776
0.041690000000000005;0.997904709643949
0.041745000000000004;0.997519276357504
0.041800000000000004;0.9971052915211988
0.041855;0.9966639771279264
0.04191;0.9961965355150619
0.041965;0.9957041489417275
0.04202;0.9951879792131663
0.042075;0.9946491673504863
0.04213;0.9940888333039666
0.042185;0.9935080757081411
0.04224;0.9929079716768728
0.042295;0.9922895766366134
0.04235;0.9916539241961357
0.042405;0.9910020260509259
0.042460000000000005;0.9903348719205585
0.042515000000000004;0.9896534295173341
0.042570000000000004;0.988958644544503
0.042625;0.9882514407224644
0.04268;0.9875327198413181
0.042735;0.9868033618382129
0.04279;0.986064224897972
0.042845;0.9853161455755287
0.0429;0.9845599389387001
0.042955;0.9837963987299613
0.04301;0.9830262975458036
0.043065;0.9822503870324637
0.04312;0.9814693980966984
0.043175;0.9806840411304176
0.043230000000000005;0.9798950062480503
0.043285000000000004;0.979102963535493
0.043340000000000004;0.9783085633095886
0.043395;0.9775124363871184
0.04345;0.9767151943623261
0.043505;0.9759174298920712
0.04356;0.975119716987686
0.043615;0.9743226113127283
0.04367;0.9735266504858249
0.043725;0.9727323543878403
0.04378;0.9719402254726673
0.043835;0.9711507490809546
0.04389;0.9703643937561238
0.043945000000000005;0.9695816115621156
0.044000000000000004;0.9688028384022455
0.044055000000000004;0.9680284943386782
0.04411;0.9672589839120076
0.044165;0.9664946964604869
0.04422;0.9657360064384659
0.044275;0.9649832737336528
0.04433;0.9642368439827822
0.044385;0.9634970488854133
0.04444;0.9627642065154652
0.044495;0.962038621630246
0.04455;0.9613205859766646
0.044605;0.9606103785944343
0.04466;0.9599082661159664
0.044715000000000005;0.9592145030628076
0.044770000000000004;0.9585293321384285
0.044825000000000004;0.9578529845171575
0.04488;0.9571856801291534
0.044935;0.9565276279412736
0.04499;0.9558790262336991
0.045045;0.9552400628722488
0.0451;0.9546109155762745
0.045155;0.9539917521820585
0.04521;0.9533827309016785
0.045265;0.9527840005772498
0.04532;0.9521957009305533
0.045375;0.9516179628079741
0.04543;0.9510509084207674
0.045485000000000005;0.9504946515806164
0.045540000000000004;0.9499492979305135
0.045595000000000004;0.9494149451709097
0.04565;0.9488916832812295
0.045705;0.9483795947366905
0.04576;0.9478787547205065
0.045815;0.9473892313314893
0.04587;0.9469110857870774
0.045925;0.9464443726218387
0.04598;0.9459891398814996
0.046035;0.9455454293125574
0.04609;0.9451132765474859
0.046145;0.9446927112856548
0.046200000000000005;0.9442837574699627
0.046255000000000004;0.943886433459303
0.046310000000000004;0.9435007521968551
0.046365;0.9431267213743507
0.04642;0.9427643435923104
0.046475;0.9424136165163658
0.04653;0.9420745330297154
0.046585;0.9417470813818024
0.04664;0.9414312453332586
0.046695;0.9411270042972312
0.04675;0.940834333477127
0.046805;0.9405532040008656
0.04686;0.94028358305172
0.046915;0.940025433995798
0.046970000000000005;0.9397787165062743
0.047025000000000004;0.9395433866844092
0.047080000000000004;0.9393193971774498
0.047135;0.9391066972934969
0.04719;0.9389052331133614
0.047245;0.9387149475995628
0.0473;0.9385357807024598
0.047355;0.9383676694636217
0.04741;0.9382105481165486
0.047465;0.9380643481847171
0.04752;0.937928998577099
0.047575;0.9378044256812067
0.04763;0.9376905534536855
0.047685000000000005;0.9375873035085811
0.047740000000000005;0.9374945952033035
0.047795000000000004;0.9374123457223651
0.047850000000000004;0.9373404701589505
0.047905;0.937278881594402
0.04796;0.9372274911756182
0.048015;0.9371862081905247
0.04807;0.9371549401415508
0.048125;0.9371335928172865
0.04818;0.9371220703623053
0.048235;0.937120275345191
0.04829;0.9371281088249122
0.048345;0.9371454704154686
0.0484;0.9371722583489874
0.048455000000000005;0.9372083695372065
0.048510000000000005;0.9372536996314793
0.048565000000000004;0.9373081430812797
0.048620000000000003;0.9373715931913065
0.048675;0.9374439421772052
0.04873;0.9375250812199206
0.048785;0.9376149005188034
0.04884;0.9377132893434249
0.048895;0.9378201360841665
0.04895;0.9379353283016685
0.049005;0.9380587527751079
0.04906;0.9381902955493706
0.049115;0.9383298419811601
0.04917;0.938477276784062
0.049225000000000005;0.938632484072608
0.049280000000000004;0.9387953474053574
0.049335000000000004;0.9389657498270354
0.04939;0.9391435739097703
0.049445;0.9393287017934139
0.0495;0.9395210152250375
0.049555;0.9397203955975775
0.04961;0.9399267239876614
0.049665;0.9401398811926804
0.04972;0.9403597477670832
0.049775;0.9405862040579278
0.04983;0.9408191302397438
0.049885;0.9410584063486824
0.049940000000000005;0.9413039123159894
0.049995000000000005;0.9415555280008464
0.050050000000000004;0.9418131332225492
0.050105000000000004;0.9420766077921037
0.05016;0.9423458315431912
0.050215;0.9426206843625571
0.05027;0.9429010462198457
0.050325;0.9431867971968744
0.05038;0.9434778175163705
0.050435;0.9437739875701662
0.05049;0.9440751879469177
0.050545;0.944381299459294
0.0506;0.944692203170694
0.050655;0.9450077804214785
0.050710000000000005;0.9453279128547483
0.050765000000000005;0.9456524824416445
0.050820000000000004;0.9459813715062325
0.050875000000000004;0.9463144627499324
0.05093;0.9466516392755079
0.050985;0.9469927846106634
0.05104;0.9473377827312082
0.051095;0.947686518083818
0.05115;0.9480388756084015
0.051205;0.9483947407600652
0.05126;0.948753999530702
0.051315;0.9491165384701921
0.05137;0.9494822447072157
0.051425;0.94985100596972
0.051480000000000005;0.9502227106049835
0.051535000000000004;0.9505972475993523
0.051590000000000004;0.9509745065975794
0.051645;0.9513543779218394
0.0517;0.9517367525903606
0.051755;0.9521215223357339
0.05181;0.9525085796228372
0.051865;0.9528978176664502
0.05192;0.9532891304484911
0.051975;0.9536824127349417
0.05203;0.954077560092401
0.052085;0.9544744689043103
0.05214;0.954873036386846
0.052195000000000005;0.9552731606044691
0.052250000000000005;0.9556747404851309
0.052305000000000004;0.9560776758351401
0.052360000000000004;0.9564818673537074
0.052415;0.9568872166471493
0.05247;0.9572936262427387
0.052525;0.9577009996022414
0.05258;0.9581092411350995
0.052635;0.9585182562113053
0.05269;0.9589279511739005
0.052745;0.9593382333511604
0.0528;0.9597490110684541
0.052855;0.9601601936597419
0.05291;0.9605716914787443
0.052965000000000005;0.9609834159097805
0.053020000000000005;0.961395279378261
0.053075000000000004;0.9618071953608424
0.053130000000000004;0.96221907839524
0.053185;0.9626308440897113
0.05324;0.9630424091321775
0.053295;0.9634536912990382
0.05335;0.9638646094635988
0.053405;0.9642750836041996
0.05346;0.9646850348119805
0.053515;0.9650943852983003
0.05357;0.965503058401829
0.053625;0.9659109785952784
0.05368;0.9663180714918009
0.053735000000000005;0.9667242638510528
0.053790000000000004;0.9671294835848834
0.053845000000000004;0.9675336597627096
0.0539;0.9679367226165525
0.053955;0.9683386035456893
0.05401;0.9687392351210053
0.054065;0.9691385510889864
0.05412;0.9695364863753531
0.054175;0.9699329770883931
0.05423;0.9703279605219138
0.054285;0.9707213751578603
0.05434;0.9711131606686249
0.054395;0.9715032579189739
0.054450000000000005;0.9718916089676735
0.054505000000000005;0.9722781570687494
0.054560000000000004;0.97266284667244
0.054615000000000004;0.9730456234257887
0.05467;0.973426434172925
0.054725;0.9738052269550065
0.05478;0.9741819510098276
0.054835;0.9745565567711028
0.05489;0.9749289958674373
0.054945;0.9752992211209659
0.055;0.9756671865456542
0.055055;0.9760328473453245
0.05511;0.976396159911315
0.055165;0.9767570818198642
0.055220000000000005;0.9771155718291717
0.055275000000000005;0.9774715898761447
0.055330000000000004;0.9778250970728535
0.055385000000000004;0.9781760557026705
0.05544;0.9785244292161305
0.055495;0.9788701822264759
0.05555;0.9792132805049206
0.055605;0.979553690975629
0.05566;0.9798913817104021
0.055715;0.9802263219230893
0.05577;0.9805584819637299
0.055825;0.9808878333123978
0.05588;0.9812143485728099
0.055935;0.981538001465646
0.055990000000000005;0.9818587668216212
0.056045000000000005;0.982176620574299
0.056100000000000004;0.9824915397526474
0.056155000000000004;0.9828035024733617
0.05621;0.9831124879329345
0.056265;0.9834184763994948
0.05632;0.9837214492044024
0.056375;0.9840213887336359
0.05643;0.9843182784189367
0.056485;0.9846121027287557
0.05654;0.9849028471589676
0.056595;0.9851904982233891
0.05665;0.9854750434440958
0.056705000000000005;0.985756471341539
0.056760000000000005;0.9860347714244693
0.056815000000000004;0.9863099341796766
0.056870000000000004;0.986581951061557
0.056925;0.9868508144814766
0.05698;0.9871165177970096
0.057035;0.9873790553009688
0.05709;0.9876384222103087
0.057145;0.9878946146548491
0.0572;0.988147629665882
0.057255;0.9883974651646039
0.05731;0.9886441199504382
0.057365;0.9888875936892016
0.05742;0.9891278869011797
0.057475000000000005;0.9893650009490436
0.057530000000000005;0.9895989380256797
0.057585000000000004;0.9898297011419084
0.057640000000000004;0.9900572941140849
0.057695;0.9902817215516194
0.05775;0.9905029888443989
0.057805;0.9907211021501262
0.05786;0.9909360683815718
0.057915;0.9911478951937597
0.05797;0.9913565909710795
0.058025;0.9915621648143363
0.05808;0.9917646265277387
0.058135;0.991963986605845
0.05819;0.9921602562204436
0.058245000000000005;0.992353447207411
0.058300000000000005;0.992543572053519
0.058355000000000004;0.9927306438832123
0.058410000000000004;0.9929146764453793
0.058465;0.9930956841000621
0.05852;0.9932736818051894
0.058575;0.9934486851032793
0.05863;0.9936207101081354
0.058685;0.9937897734915531
0.05874;0.9939558924700127
0.058795;0.9941190847913997
0.05885;0.9942793687217227
0.058905;0.9944367630318564
0.058960000000000005;0.9945912869843139
0.059015000000000005;0.9947429603200197
0.059070000000000004;0.9948918032451569
0.059125000000000004;0.9950378364180027
0.05918;0.9951810809358453
0.059235;0.9953215583219074
0.05929;0.9954592905123566
0.059345;0.9955942998433331
0.0594;0.9957266090380583
0.059455;0.9958562411939834
0.05951;0.9959832197700245
0.059565;0.9961075685738465
0.05962;0.9962293117492207
0.059675;0.9963484737634734
0.059730000000000005;0.9964650793949799
0.059785000000000005;0.9965791537207869
0.059840000000000004;0.9966907221042651
0.059895000000000004;0.9967998101828995
0.05995;0.9969064438561336
0.060005;0.9970106492733274
0.06006;0.9971124528218085
0.060115;0.9972118811150195
0.06017;0.9973089609807693
0.060225;0.9974037194495862
0.06028;0.9974961837431904
0.060335;0.9975863812630543
0.06039;0.9976743395790968
0.060445;0.9977600864184888
0.060500000000000005;0.9978436496545517
0.060555000000000005;0.9979250572958135
0.060610000000000004;0.9980043374751488
0.060665000000000004;0.9980815184390713
0.06072;0.9981566285371261
0.060775;0.9982296962114239
0.06083;0.9983007499862994
0.060885;0.9983698184580978
0.06094;0.9984369302850897
0.060995;0.9985021141775293
0.06105;0.9985653988878287
0.061105;0.998626813200883
0.06116;0.9986863859245269
0.061215000000000006;0.9987441458801175
0.061270000000000005;0.9988001218932823
0.061325000000000005;0.9988543427847666
0.061380000000000004;0.998906837361462
0.061435000000000003;0.9989576344075513
0.06149;0.9990067626757938
0.061545;0.9990542508789696
0.0616;0.9991001276814493
0.061655;0.999144421690919
0.06171;0.9991871614502444
0.061765;0.9992283754294744
0.06182;0.999268092017992
0.061875;0.9993063395168222
0.06193;0.9993431461310636
0.061985000000000005;0.9993785399624776
0.062040000000000005;0.9994125490022162
0.062095000000000004;0.9994452011237095
0.062150000000000004;0.9994765240756752
0.062205;0.999506545475285
0.06226;0.9995352928014881
0.062315;0.9995627933884472
0.06237;0.9995890744191555
0.062425;0.9996141629191603
0.06248;0.9996380857504681
0.06253500000000001;0.9996608696055572
0.06259;0.9996825410015615
0.062645;0.9997031262745709
0.0627;0.999722651574097
0.062755;0.9997411428576645
0.06281;0.9997586258855415
0.062865;0.9997751262156169
0.06292;0.9997906691984206
0.062975;0.9998052799722607
0.06303;0.9998189834585267
0.063085;0.9998318043570957
0.06314;0.9998437671419136
0.063195;0.9998548960566707
0.06325;0.9998652151106434
0.063305;0.9998747480746408
0.06336;0.9998835184771084
0.063415;0.9998915496003473
0.06347;0.9998988644768576
0.063525;0.9999054858858358
0.06358;0.9999114363497618
0.063635;0.9999167381311554
0.06369;0.9999214132294152
0.063745;0.9999254833778135
0.0638;0.9999289700405983
0.06385500000000001;0.9999318944102208
0.06391000000000001;0.9999342774046867
0.06396500000000001;0.9999361396650132
0.06402000000000001;0.999937501552828
0.06407500000000001;0.9999383831480565
0.06413;0.9999388042467504
0.064185;0.9999387843590082
0.06424;0.9999383427070289
0.064295;0.9999374982232586
0.06435;0.9999362695486597
0.064405;0.9999346750310825
0.06446;0.9999327327237474
0.064515;0.9999304603838378
0.06457;0.9999278754711848
0.064625;0.9999249951470652
0.06468;0.9999218362731022
0.064735;0.9999184154102628
0.06479;0.9999147488179505
0.064845;0.9999108524532108
0.0649;0.9999067419700186
0.064955;0.9999024327186626
0.06501;0.9998979397452376
0.065065;0.9998932777912017
0.06512;0.9998884612930642
0.065175;0.9998835043821195
0.06523;0.9998784208843046
0.065285;0.9998732243201213
0.06534000000000001;0.9998679279046595
0.06539500000000001;0.9998625445476893
0.06545000000000001;0.9998570868538518
0.06550500000000001;0.9998515671229244
0.06556000000000001;0.9998459973501568
0.065615;0.9998403892267077
0.06567;0.9998347541401369
0.065725;0.9998291031749864
0.06578;0.9998234471134338
0.065835;0.9998177964360219
0.06589;0.9998121613224439
0.065945;0.9998065516524333
0.066;0.9998009770066882
0.066055;0.9997954466678804
0.06611;0.9997899696217335
0.066165;0.9997845545581636
0.06622;0.9997792098724796
0.066275;0.9997739436666571
0.06633;0.9997687637506619
0.066385;0.9997636776438481
0.06644;0.9997586925763984
0.066495;0.9997538154908427
0.06655;0.9997490570124479
0.066605;0.9997444232590836
0.06666;0.9997399169258354
0.066715;0.9997355438323148
0.06677;0.9997313095192191
0.066825;0.9997272192502057
0.06688000000000001;0.9997232780138067
0.06693500000000001;0.99971949052537
0.06699000000000001;0.999715861229061
0.06704500000000001;0.9997123942999124
0.0671;0.9997090936459011
0.067155;0.9997059629101099
0.06721;0.9997030054728745
0.067265;0.9997002244540387
0.06732;0.9996976227151887
0.067375;0.9996952028619845
0.06743;0.9996929672464971
0.067485;0.9996909179695753
0.06754;0.9996890568833018
0.067595;0.9996873855934243
0.06765;0.999685905461863
0.067705;0.9996846176092401
0.06776;0.9996835229174502
0.067815;0.9996826220322395
0.06787;0.9996819153658658
0.067925;0.9996814030997273
0.06798;0.9996810851870828
0.068035;0.9996809613557632
0.06809;0.9996810311109134
0.068145;0.9996812937377878
0.0682;0.9996817483045509
0.068255;0.9996823936651064
0.06831;0.999683228461956
0.06836500000000001;0.9996842511290881
0.06842000000000001;0.9996854598948809
0.06847500000000001;0.9996868527850424
0.06853000000000001;0.9996884276255487
0.06858500000000001;0.9996901820456303
0.06864;0.9996921134807675
0.068695;0.9996942191757111
0.06875;0.9996964961875153
0.068805;0.9996989413885967
0.06886;0.9997015514698032
0.068915;0.9997043229435285
0.06897;0.9997072521467963
0.069025;0.9997103352444168
0.06908;0.999713568232105
0.069135;0.9997169469396663
0.06919;0.9997204670341567
0.069245;0.9997241240230819
0.0693;0.9997279132576024
0.069355;0.9997318299357549
0.06941;0.9997358691056903
0.069465;0.9997400256689133
0.06952;0.9997442943835545
0.069575;0.9997486698676405
0.06963;0.9997531466023798
0.069685;0.9997577189354656
0.06974;0.9997623810843862
0.069795;0.9997671271397518
0.06985000000000001;0.9997719510686256
0.06990500000000001;0.999776846717886
0.06996000000000001;0.999781807817571
0.07001500000000001;0.9997868279842592
0.07007000000000001;0.9997919007244594
0.070125;0.9997970194379988
0.07018;0.9998021774214418
0.070235;0.9998073678715086
0.07029;0.9998125838885111
0.070345;0.999817818479808
0.0704;0.9998230645632679
0.070455;0.9998283149707413
0.07051;0.9998335624515661
0.070565;0.9998387996760714
0.07062;0.9998440192391107
0.070675;0.999849213663605
0.07073;0.9998543754041065
0.070785;0.9998594968503901
0.07084;0.9998645703310549
0.070895;0.9998695881171624
0.07095;0.9998745424258865
0.071005;0.9998794254241988
0.07106;0.9998842292325834
0.071115;0.9998889459287771
0.07117;0.9998935675515425
0.071225;0.9998980861044902
0.07128;0.9999024935599248
0.071335;0.9999067818627435
0.07139000000000001;0.9999109429343745
0.07144500000000001;0.9999149686767698
0.07150000000000001;0.9999188509764498
0.07155500000000001;0.9999225817086095
0.07161000000000001;0.9999261527412827
0.071665;0.9999295559395862
0.07172;0.9999327831700313
0.071775;0.9999358263049094
0.07183;0.9999386772267946
0.071885;0.999941327833112
0.07194;0.9999437700408323
0.071995;0.9999459957912731
0.07205;0.9999479970550195
0.072105;0.999949765837013
0.07216;0.9999512941817433
0.072215;0.9999525741786376
0.07227;0.9999535979676134
0.072325;0.999954357744826
0.07238;0.9999548457686361
0.072435;0.9999550543657949
0.07249;0.9999549759378994
0.072545;0.9999546029680979
0.0726;0.9999539280281334
0.072655;0.9999529437856823
0.07271;0.999951643012075
0.072765;0.9999500185904442
0.07282;0.9999480635242056
0.07287500000000001;0.9999457709461542
0.07293000000000001;0.9999431341279847
0.07298500000000001;0.9999401464904325
0.07304000000000001;0.9999368016140399
0.07309500000000001;0.9999330932506106
0.07315;0.9999290153354533
0.073205;0.9999245620004508
0.07326;0.9999197275880879
0.073315;0.9999145066664864
0.07337;0.9999088940456046
0.073425;0.9999028847946784
0.07348;0.9998964742610807
0.073535;0.9998896580907146
0.07359;0.9998824322501373
0.073645;0.9998747930505896
0.0737;0.9998667371741585
0.073755;0.999858261702298
0.07381;0.9998493641469999
0.073865;0.9998400424849087
0.07392;0.9998302951947343
0.073975;0.9998201212983512
0.07403;0.9998095204060458
0.074085;0.999798492766391
0.07414;0.999787039321367
0.074195;0.9997751617673418
0.07425;0.9997628626227165
0.074305;0.9997501453030346
0.07436000000000001;0.9997370142046158
0.07441500000000001;0.999723474797799
0.07447000000000001;0.9997095337311048
0.07452500000000001;0.9996951989478857
0.07458000000000001;0.9996804798171308
0.074635;0.9996653872805158
0.07469;0.9996499340180339
0.074745;0.9996341346349393
0.0748;0.9996180058732204
0.074855;0.9996015668513947
0.07491;0.9995848393369418
0.074965;0.9995678480566788
0.07502;0.9995506210511302
0.075075;0.9995331900802086
0.07513;0.9995155910888136
0.075185;0.9994978647426473
0.07524;0.999480057046608
0.075295;0.999462220060479
0.07535;0.9994444127298296
0.075405;0.9994267018535973
0.07546;0.999409163214631
0.075515;0.9993918829050823
0.07557;0.9993749588857919
0.075625;0.9993585028278481
0.07568;0.9993426422958381
0.075735;0.9993275233468324
0.07579;0.9993133136375107
0.07584500000000001;0.9993002061556092
0.07590000000000001;0.9992884237224191
0.07595500000000001;0.9992782244528884
0.07601000000000001;0.9992699084120672
0.07606500000000001;0.9992638257753776
0.07612000000000001;0.9992603868917636
0.076175;0.9992600747715061
0.07623;0.9992634606864196
0.076285;0.9992712237969594
0.07634;0.9992841760332619
0.076395;0.9993032938929227
0.07645;0.9993297594324615
0.076505;0.9993650136056242
0.07656;0.999410826368386
0.076615;0.9994693898270522
0.07667;0.9995434434691827
0.076725;0.9996364446972134
0.07678;0.9997528043228615
0.076835;0.9998982167905112
0.07689;1.0000801311173106
0.076945;1.0003084351763274
0.077;1.000596470852209
0.077055;1.0009625755097873
0.07711;1.001432484845287
0.077165;1.0020431917270565
0.07722;1.002849358469005
0.077275;1.0039344016139045
0.07733;1.0054305615155572
0.07738500000000001;1.0075572914627893
0.07744000000000001;1.010699721182751
0.07749500000000001;1.0155826565240018
0.07755000000000001;1.0236981819211461
0.07760500000000001;1.0385059546445552
0.07766;1.0694555102845456
0.077715;1.1490608031561118
0.07777;1.42284480775374
0.077825;1.9924354858812057
0.07788;1.4123803411082512
0.077935;1.152976500619703
0.07799;1.0746554938392676
0.078045;1.0431110943788373
0.0781;1.0275345061096361
0.078155;1.018731705179232
0.07821;1.0132653535938576
0.078265;1.0096270057165266
0.07832;1.0070727262549444
0.078375;1.005201776264666
0.07843;1.0037828957709853
0.078485;1.0026750540734295
0.07854;1.0017882678361272
0.078595;1.0010629183456146
0.07865;1.0004582243356375
0.078705;0.9999455164256651
0.07876;0.9995041564362236
0.078815;0.9991189762461665
0.07887000000000001;0.998778622146269
0.07892500000000001;0.9984744563259106
0.07898000000000001;0.9981998109800173
0.07903500000000001;0.9979494712810757
0.07909000000000001;0.9977193102783803
0.07914500000000001;0.9975060267188652
0.0792;0.997306953884584
0.079255;0.9971199182586883
0.07931;0.9969431336918879
0.079365;0.9967751212185133
0.07942;0.9966146476456201
0.079475;0.9964606780471292
0.07953;0.9963123386716427
0.079585;0.9961688877298623
0.07964;0.9960296922014242
0.079695;0.9958942092814302
0.07975;0.9957619714332473
0.079805;0.9956325742663754
0.07986;0.9955056666438623
0.079915;0.9953809425614707
0.07997;0.9952581344441166
0.080025;0.9951370075830185
0.08008;0.9950173554964016
0.080135;0.9948989960420606
0.08019;0.9947817681452605
0.080245;0.9946655290328198
0.0803;0.9945501518854247
0.08035500000000001;0.9944355238373073
0.08041000000000001;0.9943215442654699
0.08046500000000001;0.9942081233213448
0.08052000000000001;0.994095180666305
0.08057500000000001;0.9939826443791233
0.08063000000000001;0.9938704500090642
0.080685;0.9937585397527532
0.08074;0.9936468617365543
0.080795;0.9935353693891987
0.08085;0.9934240208918655
0.080905;0.9933127786949232
0.08096;0.9932016090921273
0.081015;0.99309048184465
0.08107;0.9929793698482363
0.081125;0.9928682488379639
0.08118;0.9927570971257229
0.081235;0.9926458953663496
0.08129;0.9925346263488236
0.081345;0.9924232748094987
0.0814;0.9923118272647078
0.081455;0.9922002718604527
0.08151;0.9920885982371906
0.081565;0.9919767974079914
0.08162;0.9918648616485355
0.081675;0.9917527843976521
0.08173;0.9916405601672346
0.081785;0.9915281844604968
0.08184;0.9914156536977305
0.08189500000000001;0.9913029651487076
0.08195000000000001;0.9911901168710828
0.08200500000000001;0.9910771076541716
0.08206000000000001;0.9909639369675506
0.08211500000000001;0.9908506049140029
0.08217;0.9907371121863817
0.082225;0.9906234600280154
0.08228;0.990509650196297
0.082335;0.9903956849291763
0.08239;0.9902815669142789
0.082445;0.9901672992603797
0.0825;0.9900528854710653
0.082555;0.9899383294203487
0.08261;0.9898236353300726
0.082665;0.9897088077489554
0.08272;0.9895938515331173
0.082775;0.9894787718279723
0.08283;0.9893635740513625
0.082885;0.989248263877848
0.08294;0.9891328472240127
0.082995;0.9890173302347682
0.08305;0.9889017192705047
0.083105;0.988786020895083
0.08316;0.9886702418645372
0.083215;0.9885543891165105
0.08327;0.9884384697602896
0.083325;0.9883224910674354
0.08338000000000001;0.988206460462959
0.08343500000000001;0.9880903855169989
0.08349000000000001;0.9879742739369578
0.08354500000000001;0.9878581335600752
0.08360000000000001;0.9877419723463807
0.08365500000000001;0.9876257983720454
0.08371;0.987509619823055
0.083765;0.98739344498921
0.08382;0.9872772822584343
0.083875;0.9871611401113377
0.08393;0.9870450271160599
0.083985;0.9869289519233398
0.08404;0.9868129232618349
0.084095;0.9866969499336116
0.08415;0.9865810408098742
0.084205;0.9864652048268635
0.08426;0.9863494509819132
0.084315;0.9862337883296981
0.08437;0.9861182259786209
0.084425;0.9860027730873333
0.08448;0.9858874388614175
0.084535;0.9857722325501758
0.08459;0.9856571634435509
0.084645;0.9855422408691566
0.0847;0.9854274741894118
0.084755;0.98531287279879
0.08481;0.9851984461211557
0.08486500000000001;0.9850842036071912
0.08492000000000001;0.9849701547319157
0.08497500000000001;0.9848563089922869
0.08503000000000001;0.9847426759048769
0.08508500000000001;0.9846292650036264
0.08514000000000001;0.984516085837679
0.085195;0.9844031479692618
0.08525;0.9842904609716505
0.085305;0.984178034427195
0.08536;0.9840658779253929
0.085415;0.9839540010610413
0.08547;0.983842413432413
0.085525;0.9837311246395216
0.08558;0.98362014428241
0.085635;0.9835094819594983
0.08569;0.9833991472659839
0.085745;0.9832891497922781
0.0858;0.983179499122491
0.085855;0.9830702048329578
0.08591;0.9829612764908202
0.085965;0.9828527236526219
0.08602;0.9827445558629626
0.086075;0.9826367826531937
0.08613;0.9825294135401291
0.086185;0.9824224580248201
0.08624;0.9823159255913412
0.086295;0.9822098257056248
0.08635;0.9821041678143302
0.08640500000000001;0.9819989613437338
0.08646000000000001;0.9818942156986694
0.08651500000000001;0.9817899402614829
0.08657000000000001;0.9816861443910249
0.08662500000000001;0.9815828374216895
0.08668000000000001;0.9814800286624499
0.086735;0.9813777273959584
0.08679;0.9812759428776573
0.086845;0.9811746843349188
0.0869;0.9810739609662253
0.086955;0.9809737819403586
0.08701;0.9808741563956507
0.087065;0.9807750934392169
0.08712;0.9806766021462622
0.087175;0.9805786915593827
0.08723;0.9804813706879053
0.087285;0.9803846485072685
0.08734;0.9802885339584053
0.087395;0.9801930359471757
0.08745;0.980098163343811
0.087505;0.9800039249823543
0.08756;0.9799103296602806
0.087615;0.9798173861378616
0.08767;0.9797251031378551
0.087725;0.9796334893450307
0.08778;0.9795425534057952
0.087835;0.9794523039278049
0.08789000000000001;0.9793627494796905
0.08794500000000001;0.9792738985906861
0.08800000000000001;0.9791857597503844
0.08805500000000001;0.9790983414084704
0.08811000000000001;0.9790116519744957
0.08816500000000001;0.9789256998176878
0.08822;0.9788404932667767
0.088275;0.9787560406098471
0.08833;0.9786723500942298
0.088385;0.9785894299264132
0.08844;0.978507288271989
0.088495;0.9784259332556168
0.08855;0.9783453729610367
0.088605;0.978265615431082
0.08866;0.9781866686677574
0.088715;0.9781085406323111
0.08877;0.978031239245371
0.088825;0.9779547723870771
0.08888;0.9778791478972819
0.088935;0.9778043735757495
0.08899;0.9777304571824017
0.089045;0.9776574064376004
0.0891;0.9775852290224497
0.089155;0.9775139325791452
0.08921;0.977443524711346
0.089265;0.9773740129845809
0.08932;0.9773054049266997
0.08937500000000001;0.9772377080283443
0.08943000000000001;0.9771709297434737
0.08948500000000001;0.9771050774899073
0.08954000000000001;0.9770401586499178
0.08959500000000001;0.9769761805708516
0.08965000000000001;0.9769131505657928
0.08970500000000001;0.976851075914274
0.08976;0.9767899638630086
0.089815;0.9767298216266759
0.08987;0.9766706563887423
0.089925;0.9766124753023346
0.08998;0.976555285491136
0.090035;0.9764990940503443
0.09009;0.9764439080476639
0.090145;0.9763897345243523
0.0902;0.9763365804962982
0.090255;0.9762844529551621
0.09031;0.9762333588695521
0.090365;0.9761833051862708
0.09042;0.9761342988315792
0.090475;0.9760863467125361
0.09053;0.9760394557183855
0.090585;0.9759936327220352
0.09064;0.975948884581462
0.090695;0.9759052181413483
0.09075;0.9758626402346597
0.090805;0.9758211576843209
0.09086;0.97578077730495
0.09091500000000001;0.9757415059046404
0.09097000000000001;0.9757033502868283
0.09102500000000001;0.9756663172522151
0.09108000000000001;0.9756304136007653
0.09113500000000001;0.975595646133749
0.09119000000000001;0.975562021655888
0.091245;0.9755295469775637
0.0913;0.9754982289170815
0.091355;0.9754680743030447
0.09141;0.9754390899767812
0.091465;0.9754112827948588
0.09152;0.9753846596316991
0.091575;0.9753592273822526
0.09163;0.975334992964785
0.091685;0.9753119633237375
0.09174;0.9752901454326987
0.091795;0.9752695462974512
0.09185;0.9752501729591394
0.091905;0.9752320324975331
0.09196;0.9752151320343831
0.092015;0.9751994787369118
0.09207;0.9751850798213905
0.092125;0.9751719425568496
0.09218;0.9751600742689037
0.092235;0.9751494823436979
0.09229;0.9751401742319807
0.092345;0.9751321574533167
0.09240000000000001;0.9751254396004287
0.09245500000000001;0.9751200283436618
0.09251000000000001;0.9751159314356392
0.09256500000000001;0.975113156716019
0.09262000000000001;0.9751117121164281
0.09267500000000001;0.975111605665554
0.09273;0.9751128454943986
0.092785;0.9751154398417047
0.09284;0.9751193970595582
0.092895;0.9751247256191602
0.09295;0.9751314341168289
0.093005;0.9751395312801074
0.09306;0.9751490259742138
0.093115;0.9751599272085466
0.09317;0.9751722441435132
0.093225;0.9751859860975453
0.09328;0.9752011625543365
0.093335;0.9752177831703381
0.09339;0.9752358577824993
0.093445;0.9752553964162584
0.0935;0.9752764092938051
0.093555;0.9752989068426224
0.09361;0.9753228997043086
0.093665;0.9753483987437066
0.09372;0.9753754150583342
0.093775;0.9754039599881482
0.09383;0.9754340451255612
0.09388500000000001;0.9754656823260179
0.09394000000000001;0.975498883718632
0.09399500000000001;0.9755336617174172
0.09405000000000001;0.9755700290328234
0.09410500000000001;0.9756079986836882
0.09416000000000001;0.9756475840095772
0.09421500000000001;0.9756887986836024
0.09427;0.9757316567256458
0.094325;0.9757761725160886
0.09438;0.9758223608099882
0.094435;0.9758702367517903
0.09449;0.9759198158905494
0.094545;0.9759711141957024
0.0946;0.9760241480734049
0.094655;0.9760789343834583
0.09471;0.9761354904568624
0.094765;0.9761938341139896
0.09482;0.9762539836834452
0.094875;0.9763159580216005
0.09493;0.9763797765328693
0.094985;0.9764454591907231
0.09504;0.9765130265594989
0.095095;0.9765824998170136
0.09515;0.9766539007780439
0.095205;0.9767272519186835
0.09526;0.9768025764016338
0.095315;0.9768798981024504
0.09537000000000001;0.9769592416368165
0.09542500000000001;0.9770406323888405
0.09548000000000001;0.9771240965404783
0.09553500000000001;0.9772096611020751
0.09559000000000001;0.9772973539441272
0.09564500000000001;0.9773872038302757
0.09570000000000001;0.9774792404516023
0.095755;0.9775734944623083
0.09581;0.9776699975167925
0.095865;0.9777687823082283
0.09592;0.9778698826086976
0.095975;0.9779733333109458
0.09603;0.9780791704718463
0.096085;0.9781874313576296
0.09614;0.9782981544909798
0.096195;0.9784113797000956
0.09625;0.9785271481697568
0.096305;0.9786455024945603
0.09636;0.9787664867343662
0.096415;0.9788901464721006
0.09647;0.9790165288740046
0.096525;0.9791456827524625
0.09658;0.9792776586315173
0.096635;0.979412508815213
0.09669;0.9795502874589141
0.096745;0.9796910506437135
0.0968;0.9798348564541239
0.096855;0.9799817650591772
0.09691000000000001;0.9801318387971267
0.09696500000000001;0.9802851422639278
0.09702000000000001;0.9804417424056712
0.09707500000000001;0.9806017086151887
0.09713000000000001;0.9807651128330538
0.09718500000000001;0.9809320296531369
0.09724000000000001;0.9811025364330571
0.097295;0.9812767134096759
0.09735;0.9814546438199667
0.097405;0.9816364140275169
0.09746;0.9818221136549522
0.097515;0.9820118357226045
0.09757;0.9822056767937569
0.097625;0.9824037371268334
0.09768;0.9826061208348412
0.097735;0.9828129360525617
0.09779;0.9830242951118205
0.097845;0.9832403147253317
0.0979;0.9834611161795411
0.097955;0.9836868255370564
0.09801;0.9839175738490644
0.098065;0.9841534973784231
0.09812;0.9843947378339469
0.098175;0.984641442616568
0.09823;0.984893765078003
0.098285;0.9851518647927008
0.09834;0.9854159078437817
0.09839500000000001;0.9856860671238188
0.09845000000000001;0.9859625226513054
0.09850500000000001;0.9862454619037461
0.09856000000000001;0.9865350801683408
0.09861500000000001;0.9868315809113115
0.09867000000000001;0.9871351761669976
0.09872500000000001;0.9874460869478847
0.09878;0.9877645436768691
0.098835;0.9880907866430744
0.09889;0.9884250664827013
0.098945;0.9887676446864194
0.099;0.9891187941349789
0.099055;0.9894787996647841
0.09911;0.989847958665328
0.099165;0.9902265817104781
0.09922;0.990614993225795
0.099275;0.991013532194196
0.09933;0.9914225529023682
0.099385;0.9918424257306986
0.09944;0.9922735379894092
0.099495;0.9927162948040769
0.09955;0.9931711200536941
0.099605;0.9936384573648294
0.09966;0.994118771165609
0.099715;0.9946125478035657
0.09977;0.9951202967316971
0.099825;0.9956425517673447
0.09988000000000001;0.9961798724289439
0.09993500000000001;0.9967328453559762
0.09999000000000001;0.9973020858180475
0.10004500000000001;0.9978882393190008
0.10010000000000001;0.9984919833032133
0.10015500000000001;0.9991140289709457
0.10021000000000001;0.99975512321069
0.100265;1.0004160506568964
0.10032;1.0010976358821035
0.100375;1.0018007457332385
0.10043;1.0025262918226638
0.100485;1.0032752331852863
0.10054;1.004048579114095
0.100595;1.0048473921873045
0.10065;1.0056727915015575
0.100705;1.0065259561266036
0.10076;1.0074081287982664
0.100815;1.0083206198678627
0.10087;1.0092648115276373
0.100925;1.0102421623335085
0.10098;1.011254212048101
0.101035;1.0123025868289495
0.10109;1.0133890047888596
0.101145;1.0145152819575676
0.1012;1.0156833386764152
0.101255;1.0168952064601788
0.10131;1.0181530353632728
0.101365;1.019459101890434
0.10142000000000001;1.0208158174954647
0.10147500000000001;1.0222257377151576
0.10153000000000001;1.0236915719894661
0.10158500000000001;1.025216194223093
0.10164000000000001;1.026802654148323
0.10169500000000001;1.028454189553677
0.10175000000000001;1.030174239448195
0.101805;1.0319664582367005
0.10186;1.033834730987422
0.101915;1.035783189879434
0.10197;1.0378162319242472
0.102025;1.0399385380626494
0.10208;1.0421550937453161
0.102135;1.0444712111131509
0.10219;1.0468925529010153
0.102245;1.0494251581962168
0.1023;1.0520754701909576
0.102355;1.0548503660750657
0.10241;1.0577571892224737
0.102465;1.0608037838307032
0.10252;1.0639985321774295
0.102575;1.067350394661133
0.10263;1.070868952793018
0.102685;1.0745644553045735
0.10274;1.0784478675274598
0.102795;1.0825309241890406
0.10285;1.0868261857459194
0.10290500000000001;1.091347098346924
0.10296000000000001;1.0961080574742976
0.10301500000000001;1.101124475252576
0.10307000000000001;1.106412851336778
0.10312500000000001;1.1119908471884408
0.10318000000000001;1.1178773634145804
0.10323500000000001;1.1240926196739647
0.10329;1.130658236436986
0.103345;1.1375973176114016
0.1034;1.1449345327018607
0.103455;1.1526961967431524
0.10351;1.1609103457171488
0.103565;1.1696068045123396
0.10362;1.1788172436888043
0.103675;1.1885752203465507
0.10373;1.1989161972312787
0.103785;1.2098775328230493
0.10384;1.221498433507104
0.103895;1.2338198570004935
0.10395;1.2468843539808376
0.104005;1.2607358323294224
0.10406;1.2754192255757297
0.104115;1.290980044060326
0.10417;1.3074637841145735
0.104225;1.3249151673569723
0.10428;1.3433771792795546
0.104335;1.3628898740367439
0.10439000000000001;1.383488911284403
0.10444500000000001;1.4052037917911304
0.10450000000000001;1.4280557623018622
0.10455500000000001;1.4520553679622081
0.10461000000000001;1.4771996439003108
0.10466500000000001;1.5034689578353713
0.10472000000000001;1.5308235443425169
0.10477500000000001;1.5591998098637119
0.10483;1.588506536224927
0.104885;1.6186211685772902
0.10494;1.6493864386689658
0.104995;1.6806076409147646
0.10505;1.7120509384258726
0.105105;1.7434431172284608
0.10516;1.7744732148676166
0.105215;1.804796408952192
0.10527;1.8340404484042776
0.105325;1.8618147377786887
0.10538;1.8877219462509824
0.105435;1.9113717255278249
0.10549;1.932395818679268
0.105545;1.950463571622071
0.1056;1.9652966732341874
0.105655;1.9766818955711865
0.10571;1.9844807104429134
0.105765;1.9886349220284958
0.10582;1.9891678444070882
0.105875;1.986181008112238
0.10593000000000001;1.9798468275386505
0.10598500000000001;1.9703980310007256
0.10604000000000001;1.958114896217661
0.10609500000000001;1.9433114233850581
0.10615000000000001;1.9263215231493556
0.10620500000000001;1.9074861288463714
0.10626000000000001;1.887141905435841
0.106315;1.8656119674693632
0.10637;1.8431987736516733
0.106425;1.820179162306516
0.10648;1.7968013432595977
0.106535;1.773283568873666
0.10659;1.749814163849195
0.106645;1.726552589300405
0.1067;1.7036312396672568
0.106755;1.681157710268016
0.10681;1.6592173197911846
0.106865;1.637875719262794
0.10692;1.6171814627710117
0.106975;1.5971684531613324
0.10703;1.5778582071109257
0.107085;1.5592619084875832
0.10714;1.5413822372944461
0.107195;1.524214974682703
0.10725;1.5077503934381877
0.107305;1.4919744489497342
0.10736;1.4768697887591817
0.10741500000000001;1.4624166000749128
0.10747000000000001;1.4485933146505985
0.10752500000000001;1.4353771896227687
0.10758000000000001;1.4227447815900178
0.10763500000000001;1.410672329632329
0.10769000000000001;1.3991360612833386
0.10774500000000001;1.388112433787622
0.1078;1.3775783213718797
0.107855;1.3675111577756105
0.10791;1.357889041944261
0.107965;1.3486908135915876
0.10802;1.3398961042899358
0.108075;1.3314853688332042
0.10813;1.3234399008335365
0.108185;1.3157418358403017
0.10824;1.3083741447002566
0.108295;1.3013206193958577
0.10835;1.2945658531931936
0.108405;1.2880952165924928
0.10846;1.2818948302907482
0.108515;1.2759515361311289
0.10857;1.2702528668193618
0.108625;1.2647870150261105
0.10868;1.259542802362894
0.108735;1.2545096486101088
0.10879;1.2496775414875005
0.108845;1.2450370071855454
0.10890000000000001;1.240579081817549
0.10895500000000001;1.236295283905462
0.10901000000000001;1.2321775879746986
0.10906500000000001;1.2282183993029008
0.10912000000000001;1.2244105298444348
0.10917500000000001;1.2207471753330574
0.10923000000000001;1.2172218935515144
0.10928500000000001;1.2138285837453417
0.10934;1.210561467150213
0.109395;1.2074150685962122
0.10945;1.2043841991481092
0.109505;1.2014639397382023
0.10956;1.1986496257465016
0.109615;1.1959368324825606
0.10967;1.1933213615232237
0.109725;1.1907992278609318
0.10978;1.188366647818615
0.109835;1.1860200276880581
0.10989;1.1837559530504105
0.109945;1.1815711787390235
0.11;1.1794626194066171
0.110055;1.1774273406604785
0.11011;1.1754625507313756
0.110165;1.1735655926434292
0.11022;1.171733936854271
0.110275;1.1699651743362525
0.11033;1.1682570100713567
0.110385;1.1666072569340198
0.11044000000000001;1.1650138299375576
0.11049500000000001;1.1634747408214787
0.11055000000000001;1.1619880929583348
0.11060500000000001;1.1605520765600015
0.11066000000000001;1.1591649641647246
0.11071500000000001;1.157825106387272
0.11077000000000001;1.156530927915819
0.110825;1.1552809237400947
0.11088;1.1540736555964444
0.110935;1.1529077486162846
0.11099;1.1517818881654176
0.111045;1.150694816862326
0.1111;1.1496453317645035
0.111155;1.1486322817124919
0.11121;1.147654564821966
0.111265;1.1467111261148797
0.11132;1.1458009552812352
0.111375;1.1449230845635754
0.11143;1.1440765867568365
0.111485;1.1432605733166783
0.11154;1.142474192569769
0.111595;1.141716628020054
0.11165;1.1409870967453044
0.111705;1.140284847878645
0.11176;1.139609161170131
0.111815;1.1389593456236684
0.11187;1.1383347382050013
0.11192500000000001;1.137734702616583
0.11198000000000001;1.137158628135584
0.11203500000000001;1.1366059285114296
0.11209000000000001;1.1360760409194302
0.11214500000000001;1.1355684249674787
0.11220000000000001;1.1350825617527005
0.11225500000000001;1.1346179529653846
0.11231000000000001;1.13417412003752
0.112365;1.133750603333512
0.11242;1.1333469613807399
0.112475;1.1329627701378295
0.11253;1.132597622298545
0.112585;1.132251126629452
0.11264;1.1319229073394628
0.112695;1.1316126034796443
0.11275;1.1313198683716474
0.112805;1.1310443690632503
0.11286;1.130785785809614
0.112915;1.1305438115789153
0.11297;1.1303181515810763
0.113025;1.1301085228184222
0.11308;1.1299146536571465
0.113135;1.1297362834185145
0.11319;1.1295731619888192
0.113245;1.1294250494471445
0.1133;1.1292917157100477
0.113355;1.1291729401923252
0.11341000000000001;1.1290685114830494
0.11346500000000001;1.1289782270361695
0.11352000000000001;1.1289018928749097
0.11357500000000001;1.1288393233093506
0.11363000000000001;1.1287903406665198
0.11368500000000001;1.128754775032389
0.11374000000000001;1.1287324640052958
0.11379500000000001;1.128723252460085
0.11385;1.1287269923226269
0.113905;1.1287435423541512
0.11396;1.1287727679449324
0.114015;1.1288145409169197
0.11407;1.128868739334888
0.114125;1.1289352473257317
0.11418;1.1290139549055136
0.114235;1.1291047578139326
0.11429;1.129207557355864
0.114345;1.1293222602496642
0.1144;1.1294487784819467
0.114455;1.129587029168532
0.11451;1.1297369344212833
0.114565;1.12989842122062
0.11462;1.1300714212934047
0.114675;1.1302558709960027
0.11473;1.1304517112023118
0.114785;1.1306588871964764
0.11484;1.1308773485701682
0.11489500000000001;1.1311070491242075
0.11495000000000001;1.1313479467743035
0.11500500000000001;1.1316000034608171
0.11506000000000001;1.1318631850623093
0.11511500000000001;1.1321374613127528
0.11517000000000001;1.1324228057222525
0.11522500000000001;1.132719195501106
0.11528000000000001;1.1330266114871064
0.11533500000000001;1.1333450380759258
0.11539;1.1336744631544333
0.115445;1.134014878036896
0.1155;1.1343662774038759
0.115555;1.1347286592437456
0.11561;1.135102024796709
0.115665;1.135486378501247
0.11572;1.1358817279428393
0.115775;1.1362880838049267
0.11583;1.136705459821988
0.115885;1.1371338727346572
0.11594;1.1375733422467973
0.115995;1.1380238909844496
0.11605;1.138485544456587
0.116105;1.1389583310175893
0.11616;1.139442281831368
0.116215;1.139937430837093
0.11627;1.1404438147164366
0.116325;1.140961472862248
0.11638;1.1414904473486671
0.11643500000000001;1.1420307829025278
0.11649000000000001;1.1425825268760894
0.11654500000000001;1.143145729220928
0.11660000000000001;1.14372044246305
0.11665500000000001;1.1443067216790923
0.11671000000000001;1.1449046244735919
0.11676500000000001;1.1455142109572556
0.11682000000000001;1.1461355437262262
0.116875;1.1467686878422176
0.11693;1.1474137108135734
0.116985;1.148070682577103
0.11704;1.148739675480733
0.117095;1.1494207642668663
0.11715;1.1501140260564686
0.117205;1.1508195403337638
0.11726;1.151537388931592
0.117315;1.1522676560172744
0.11737;1.1530104280790854
0.117425;1.1537657939131325
0.11748;1.1545338446107494
0.117535;1.155314673546259
0.11759;1.156108376365147
0.117645;1.1569150509725334
0.1177;1.1577347975219432
0.117755;1.1585677184043799
0.11781;1.15941391823755
0.117865;1.1602735038553185
0.11792000000000001;1.1611465842973046
0.11797500000000001;1.1620332707985257
0.11803000000000001;1.1629336767792091
0.11808500000000001;1.1638479178345205
0.11814000000000001;1.1647761117243784
0.11819500000000001;1.1657183783631493
0.11825000000000001;1.166674839809292
0.11830500000000001;1.1676456202548604
0.11836;1.16863084601485
0.118415;1.1696306455163155
0.11847;1.1706451492872592
0.118525;1.171674489945218
0.11858;1.1727188021855457
0.118635;1.1737782227692641
0.11869;1.1748528905105546
0.118745;1.1759429462637774
0.1188;1.1770485329099563
0.118855;1.1781697953427532
0.11891;1.1793068804538265
0.118965;1.1804599371175586
0.11902;1.1816291161751
0.119075;1.1828145704176474
0.11913;1.1840164545689997
0.119185;1.185234925267214
0.11924;1.1864701410454297
0.119295;1.1877222623117307
0.11935;1.188991451328027
0.11940500000000001;1.1902778721879113
0.11946000000000001;1.1915816907934014
0.11951500000000001;1.1929030748305443
0.11957000000000001;1.1942421937438223
0.11962500000000001;1.19559921870929
0.11968000000000001;1.1969743226064031
0.11973500000000001;1.1983676799884393
0.11979000000000001;1.1997794670515314
0.11984500000000001;1.2012098616021618
0.1199;1.202659043023109
0.119955;1.2041271922377728
0.12001;1.2056144916728055
0.120065;1.2071211252190102
0.12012;1.2086472781903816
0.120175;1.2101931372813066
0.12023;1.2117588905217718
0.120285;1.213344727230572
0.12034;1.2149508379664131
0.120395;1.2165774144768613
0.12045;1.2182246496450413
0.120505;1.2198927374340411
0.12056;1.2215818728289356
0.120615;1.22329225177633
0.12067;1.2250240711213924
0.120725;1.2267775285422855
0.12078;1.2285528224818945
0.120835;1.2303501520768059
0.12089;1.2321697170834482
0.12094500000000001;1.2340117178013188
0.12100000000000001;1.235876354993199
0.12105500000000001;1.2377638298023572
0.12111000000000001;1.2396743436665023
0.12116500000000001;1.2416080982286022
0.12122000000000001;1.2435652952443614
0.12127500000000001;1.2455461364862819
0.12133000000000001;1.2475508236443373
0.121385;1.2495795582230187
0.12144;1.2516325414348413
0.121495;1.253709974090118
0.12155;1.255812056482958
0.121605;1.2579389882734866
0.12166;1.2600909683660595
0.121715;1.2622681947835817
0.12177;1.2644708645377174
0.121825;1.2666991734950028
0.12188;1.2689533162387645
0.121935;1.27123348592682
0.12199;1.273539874144804
0.122045;1.2758726707552068
0.1221;1.278232063741926
0.122155;1.2806182390504257
0.12221;1.2830313804232676
0.122265;1.2854716692311907
0.12232;1.2879392842995434
0.122375;1.2904344017300622
0.12243000000000001;1.2929571947180214
0.12248500000000001;1.295507833364679
0.12254000000000001;1.2980864844850528
0.12259500000000001;1.3006933114108956
0.12265000000000001;1.3033284737890363
0.12270500000000001;1.3059921273749597
0.12276000000000001;1.308684423821674
0.12281500000000001;1.3114055104638598
0.12287000000000001;1.3141555300974186
0.122925;1.3169346207542387
0.12298;1.319742915472546
0.123035;1.3225805420625292
0.12309;1.3254476228675596
0.123145;1.3283442745210141
0.1232;1.3312706076986576
0.123255;1.3342267268669041
0.12331;1.3372127300267922
0.123365;1.3402287084540427
0.12342;1.3432747464351724
0.123475;1.3463509209998035
0.12353;1.3494573016494367
0.123585;1.3525939500827013
0.12364;1.3557609199174268
0.123695;1.3589582564095795
0.12375;1.3621859961693445
0.123805;1.3654441668746558
0.12386;1.3687327869822306
0.12391500000000001;1.372051865436557
0.12397000000000001;1.3754014013769822
0.12402500000000001;1.378781383843218
0.12408000000000001;1.3821917914796809
0.12413500000000001;1.3856325922387631
0.12419000000000001;1.3891037430836264
0.12424500000000001;1.3926051896907032
0.12430000000000001;1.396136866152364
0.12435500000000001;1.3996986946801233
0.12441;1.4032905853088018
0.124465;1.406912435602074
0.12452;1.4105641303598555
0.124575;1.4142455413279607
0.12463;1.417956526910628
0.124685;1.4216969318861898
0.12474;1.4254665871267311
0.124795;1.4292653093219252
0.12485;1.433092900707862
0.124905;1.4369491488013055
0.12496;1.4408338261399753
0.12501500000000002;1.444746690029507
0.12507000000000001;1.448687482297665
0.12512500000000001;1.4526559290563672
0.12518;1.4566517404723087
0.125235;1.4606746105467012
0.12529;1.4647242169048278
0.125345;1.4688002205961064
0.1254;1.4729022659052737
0.125455;1.4770299801754805
0.12551;1.4811829736438478
0.125565;1.4853608392902444
0.12562;1.4895631527000355
0.125675;1.4937894719413358
0.12573;1.4980393374576793
0.125785;1.5023122719764914
0.12584;1.5066077804344031
0.125895;1.510925349919756
0.12595;1.5152644496331822
0.126005;1.5196245308667977
0.12606;1.5240050270026706
0.126115;1.5284053535312316
0.12617;1.5328249080902026
0.126225;1.5372630705245158
0.12628;1.5417192029680404
0.126335;1.546192649947376
0.12639;1.5506827385083912
0.126445;1.5551887783659097
0.1265;1.5597100620769977
0.126555;1.5642458652382853
0.12661;1.56879544670765
0.126665;1.5733580488505616
0.12672;1.5779328978115088
0.126775;1.5825192038105644
0.12683;1.5871161614653924
0.126885;1.5917229501388146
0.12694;1.5963387343119908
0.126995;1.6009626639833336
0.12705;1.6055938750929877
0.127105;1.6102314899729708
0.12716;1.6148746178226439
0.127215;1.61952235520953
0.12727;1.6241737865950518
0.127325;1.6288279848848577
0.12738;1.6334840120035075
0.127435;1.6381409194929124
0.12749;1.6427977491340562
0.127545;1.6474535335914433
0.1276;1.6521072970795407
0.127655;1.6567580560506903
0.12771000000000002;1.6614048199034261
0.12776500000000002;1.6660465917105893
0.12782000000000002;1.6706823689662766
0.12787500000000002;1.6753111443505353
0.12793000000000002;1.679931906511024
0.12798500000000002;1.6845436408602323
0.12804000000000001;1.6891453303873787
0.12809500000000001;1.693735956483708
0.12815000000000001;1.6983144997798647
0.128205;1.7028799409941626
0.12826;1.7074312617902505
0.128315;1.7119674456430216
0.12837;1.7164874787110769
0.128425;1.7209903507144655
0.12848;1.7254750558161318
0.128535;1.7299405935055265
0.12859;1.7343859694829422
0.128645;1.7388101965428806
0.1287;1.7432122954548905
0.128755;1.7475912958404438
0.12881;1.7519462370440055
0.128865;1.7562761689969093
0.12892;1.7605801530723626
0.128975;1.7648572629299453
0.12903;1.7691065853482242
0.129085;1.7733272210436495
0.12914;1.7775182854744953
0.129195;1.7816789096281684
0.12925;1.7858082407904858
0.129305;1.789905443295499
0.12936;1.7939696992544376
0.129415;1.7980002092625114
0.12947;1.8019961930822743
0.129525;1.8059568903022238
0.12958;1.8098815609696022
0.129635;1.8137694861961897
0.12969;1.8176199687361503
0.129745;1.8214323335348468
0.1298;1.825205928247763
0.129855;1.8289401237287768
0.12991;1.8326343144869035
0.129965;1.8362879191109713
0.13002;1.8399003806615222
0.130075;1.843471167029461
0.13013;1.8469997712611126
0.130185;1.8504857118491729
0.13024;1.8539285329893878
0.130295;1.8573278048028101
0.13035;1.8606831235234569
0.130405;1.8639941116513494
0.13046;1.8672604180710912
0.130515;1.8704817181359912
0.13057;1.8736577137180992
0.130625;1.8767881332242922
0.13068000000000002;1.879872731578914
0.13073500000000002;1.8829112901733736
0.13079000000000002;1.8859036167831689
0.13084500000000002;1.888849545452967
0.13090000000000002;1.891748936350379
0.13095500000000002;1.8946016755891169
0.13101000000000002;1.897407675022297
0.13106500000000001;1.9001668720067433
0.13112000000000001;1.9028792291391168
0.131175;1.9055447339647902
0.13123;1.9081633986604758
0.131285;1.9107352596915594
0.13134;1.913260377445161
0.131395;1.9157388358400684
0.13145;1.9181707419145566
0.131505;1.9205562253932862
0.13156;1.9228954382343315
0.131615;1.92518855415761
0.13167;1.9274357681558076
0.131725;1.9296372959889785
0.13178;1.9317933736640884
0.131835;1.9339042569005789
0.13189;1.935970220583219
0.131945;1.937991558203441
0.132;1.9399685812902363
0.132055;1.9419016188319151
0.13211;1.943791016689761
0.132165;1.9456371370048262
0.13222;1.9474403575988843
0.132275;1.9492010713707102
0.13233;1.9509196856887443
0.132385;1.9525966217811521
0.13244;1.9542323141243705
0.132495;1.955827209831064
0.13255;1.9573817680384933
0.132605;1.9588964592982139
0.13266;1.960371764968
0.132715;1.961808176606853
0.13277;1.9632061953739048
0.132825;1.9645663314320658
0.13288;1.9658891033570693
0.132935;1.9671750375527317
0.13299;1.968424667673021
0.133045;1.9696385340516147
0.1331;1.970817183139566
0.133155;1.971961166951579
0.13321;1.973071042521477
0.133265;1.9741473713673123
0.13332;1.9751907189665934
0.133375;1.976201654242038
0.13343;1.9771807490581792
0.133485;1.9781285777292825
0.13354;1.9790457165387403
0.133595;1.9799327432702996
0.13365;1.980790236751371
0.13370500000000002;1.9816187764085609
0.13376000000000002;1.982418941835687
0.13381500000000002;1.983191312374315
0.13387000000000002;1.983936466707066
0.13392500000000002;1.9846549824636566
0.13398000000000002;1.985347435839814
0.13403500000000002;1.9860144012290788
0.13409000000000001;1.986656450867481
0.13414500000000001;1.9872741544911325
0.1342;1.9878680790066416
0.134255;1.988438788174326
0.13431;1.9889868423041472
0.134365;1.989512797964266
0.13442;1.9900172077020972
0.134475;1.990500619777752
0.13453;1.990963577909711
0.134585;1.9914066210325703
0.13464;1.9918302830666976
0.134695;1.9922350926995904
0.13475;1.9926215731787953
0.134805;1.9929902421160661
0.13486;1.9933416113027342
0.134915;1.9936761865358428
0.13497;1.993994467455018
0.135025;1.994296947389697
0.13508;1.9945841132165378
0.135135;1.9948564452267672
0.13519;1.9951144170031612
0.135245;1.9953584953064745
0.1353;1.9955891399709906
0.135355;1.9958068038090129
0.13541;1.9960119325239258
0.135465;1.996204964631714
0.13552;1.9963863313905021
0.135575;1.996556456738017
0.13563;1.9967157572366054
0.135685;1.996864642025593
0.13574;1.9970035127807082
0.135795;1.9971327636803504
0.13585;1.997252781378387
0.135905;1.9973639449833007
0.13596;1.9974666260433982
0.136015;1.9975611885378444
0.13607;1.9976479888732868
0.136125;1.997727375885849
0.13618;1.9977996908482314
0.136235;1.997865267481724
0.13629;1.9979244319729002
0.136345;1.9979775029947635
0.1364;1.9980247917321527
0.136455;1.9980666019111843
0.13651;1.9981032298325567
0.136565;1.9981349644084818
0.13662;1.9981620872030768
0.13667500000000002;1.998184872476048
0.13673000000000002;1.9982035872294357
0.13678500000000002;1.998218491257302
0.13684000000000002;1.9982298371981642
0.13689500000000002;1.9982378705899837
0.13695000000000002;1.9982428299276167
0.13700500000000002;1.9982449467225294
0.13706000000000002;1.9982444455646204
0.13711500000000001;1.9982415441860206
0.13717000000000001;1.9982364535267998
0.137225;1.998229377802287
0.13728;1.9982205145720582
0.137335;1.9982100548103434
0.13739;1.9981981829777957
0.137445;1.9981850770944758
0.1375;1.9981709088139947
0.137555;1.9981558434986246
0.13761;1.9981400402953868
0.137665;1.9981236522129309
0.13772;1.9981068261991686
0.137775;1.9980897032195428
0.13783;1.9980724183358938
0.137885;1.9980551007857843
0.13794;1.9980378740622722
0.137995;1.998020855994014
0.13805;1.998004158825657
0.138105;1.9979878892984353
0.13816;1.9979721487309623
0.138215;1.9979570331000756
0.13827;1.9979426331217751
0.138325;1.997929034332131
0.13838;1.9979163171681802
0.138435;1.9979045570486706
0.13849;1.997893824454763
0.138545;1.9978841850104612
0.1386;1.9978756995629385
0.138655;1.9978684242625238
0.13871;1.9978624106425054
0.138765;1.9978577056985707
0.13882;1.9978543519679608
0.138875;1.9978523876082364
0.13893;1.9978518464757231
0.138985;1.9978527582034973
0.13904;1.99785514827901
0.139095;1.9978590381212573
0.13915;1.9978644451574938
0.139205;1.9978713828995236
0.13926;1.9978798610194672
0.139315;1.9978898854250857
0.13937;1.997901458334581
0.139425;1.997914578350911
0.13948;1.997929240535571
0.139535;1.9979454364818905
0.13959;1.9979631543877654
0.139645;1.997982379127889
0.13970000000000002;1.9980030923254253
0.13975500000000002;1.9980252724231897
0.13981000000000002;1.9980488947542232
0.13986500000000002;1.9980739316118816
0.13992000000000002;1.9981003523193486
0.13997500000000002;1.998128123298632
0.14003000000000002;1.9981572081389887
0.14008500000000002;1.9981875676648095
0.14014000000000001;1.9982191600029837
0.14019500000000001;1.9982519406496833
0.14025;1.9982858625366338
0.140305;1.998320876096824
0.14036;1.9983569293296874
0.140415;1.99839396786573
0.14047;1.9984319350306348
0.140525;1.9984707719088146
0.14058;1.9985104174064316
0.140635;1.998550808313884
0.14069;1.9985918793677624
0.140745;1.998633563312252
0.1408;1.998675790960029
0.140855;1.9987184912525917
0.14091;1.9987615913200802
0.140965;1.9988050165405482
0.14102;1.998848690598716
0.141075;1.998892535544157
0.14113;1.9989364718489568
0.141185;1.998980418464845
0.14124;1.999024292879769
0.141295;1.999068011173909
0.14135;1.9991114880751697
0.141405;1.9991546370140807
0.14146;1.9991973701781844
0.141515;1.9992395985658256
0.14157;1.999281232039418
0.141625;1.9993221793781344
0.14168;1.9993623483300949
0.141735;1.999401645664031
0.14179;1.9994399772205844
0.141845;1.9994772479633345
0.1419;1.9995133620300098
0.141955;1.9995482227848504
0.14201;1.9995817328749625
0.142065;1.9996137943012464
0.14212;1.9996443085653943
0.142175;1.9997886972009264
0.14223;1.99980732952409
0.142285;1.999824630802657
0.14234;1.9998402894344747
0.142395;1.9998541692841807
0.14245;1.9998661591047293
0.142505;1.9998761555999336
0.14256;1.9998840588361337
0.142615;1.9998897705539511
0.14267;1.9998931934377766
0.14272500000000002;1.9998942307705645
0.14278000000000002;1.999892786265444
0.14283500000000002;1.999888763986562
0.14289000000000002;1.9998820683183003
0.14294500000000002;1.9998726039621089
0.14300000000000002;1.999860275949866
0.14305500000000002;1.9998449896674158
0.14311000000000001;1.9998266508844729
0.14316500000000001;1.9998051657886775
0.14322000000000001;1.9997804410221838
0.143275;1.9997523837200035
0.14333;1.999720901549311
0.143385;1.9996859027493192
0.14344;1.999647296171459
0.143495;1.9996049913195748
0.14355;1.9995588983900265
0.143605;1.9995089283115721
0.14366;1.9994549927849026
0.143715;1.999397004321838
0.14377;1.9993348762840457
0.143825;1.9992685229213263
0.14388;1.9991978594093296
0.143935;1.999122801886796
0.14399;1.9990432674922043
0.144045;1.9989591743998025
0.1441;1.9988704418551266
0.144155;1.998776990209806
0.14421;1.9986787409558107
0.144265;1.9985756167590172
0.14432;1.9984675414921236
0.144375;1.9983544402669202
0.14443;1.9982362394658606
0.144485;1.998112866772936
0.14454;1.9979842512038923
0.144595;1.9978503231357019
0.14465;1.9977110143353318
0.144705;1.997566257987791
0.14476;1.9974159887234502
0.144815;1.9972601426446168
0.14487;1.9970986573513276
0.144925;1.9969314719664555
0.14498;1.9967585271599984
0.145035;1.9965797651725932
0.14509;1.9963951298383005
0.145145;1.9962045666065689
0.1452;1.9960080225634118
0.145255;1.9958054464517951
0.14531;1.9955967886912367
0.145365;1.9953820013965817
0.14542;1.9951610383959635
0.145475;1.9949338552479932
0.14553;1.9947004092580554
0.145585;1.9944606594938579
0.14564;1.9942145668001054
0.14569500000000002;1.993962093812367
0.14575000000000002;1.9937032049701064
0.14580500000000002;1.9934378665288819
0.14586000000000002;1.9931660465717058
0.14591500000000002;1.9928877150195639
0.14597000000000002;1.9926028436411296
0.14602500000000002;1.9923114060615905
0.14608000000000002;1.9920133777706852
0.14613500000000001;1.9917087361298615
0.14619000000000001;1.9913974603786446
0.146245;1.9910795316401286
0.1463;1.9907549329256633
0.146355;1.9904236491386846
0.14641;1.990085667077758
0.146465;1.98974097543876
0.14652;1.9893895648162472
0.146575;1.9890314277040295
0.14663;1.988666558494896
0.146685;1.9882949534795848
0.14674;1.9879166108448798
0.146795;1.9875315306709942
0.14685;1.9871397149280934
0.146905;1.9867411674720752
0.14696;1.986335894039583
0.147015;1.985923902242202
0.14707;1.9855052015599552
0.147125;1.9850798033340085
0.14718;1.9846477207586524
0.147235;1.9842089688725488
0.14729;1.9837635645492326
0.147345;1.9833115264869663
0.1474;1.9828528751977994
0.147455;1.9823876329960028
0.14751;1.9819158239858083
0.147565;1.981437474048484
0.14762;1.9809526108287259
0.147675;1.9804612637204433
0.14773;1.9799634638518897
0.147785;1.9794592440701835
0.14784;1.9789486389252144
0.147895;1.9784316846529781
0.14795;1.9779084191582987
0.148005;1.9773788819970504
0.14806;1.9768431143577405
0.148115;1.976301159042644
0.14817;1.9757530604483489
0.148225;1.9751988645458594
0.14828;1.9746386188601524
0.148335;1.9740723724493026
0.14839;1.973500175883111
0.148445;1.972922081221337
0.1485;1.9723381419914503
0.148555;1.9717484131660183
0.14861;1.9711529511396542
0.148665;1.9705518137056308
0.14872000000000002;1.9699450600321073
0.14877500000000002;1.9693327506379872
0.14883000000000002;1.9687149473685095
0.14888500000000002;1.9680917133704474
0.14894000000000002;1.967463113067078
0.14899500000000002;1.9668292121328321
0.14905000000000002;1.966190077467683
0.14910500000000002;1.965545777171309
0.14916000000000001;1.9648963805169977
0.14921500000000001;1.964241957925352
0.14927;1.9635825809377951
0.149325;1.9629183221898747
0.14938;1.9622492553844413
0.149435;1.9615754552646296
0.14949;1.9608969975867334
0.149545;1.960213959092967
0.1496;1.9595264174840927
0.149655;1.9588344513919984
0.14971;1.9581381403521727
0.149765;1.957437564776151
0.14982;1.9567328059238973
0.149875;1.9560239458761746
0.14993;1.955311067506891
0.149985;1.9545942544554673
0.15004;1.9538735910991982
0.150095;1.9531491625256694
0.15015;1.9524210545052016
0.150205;1.951689353463368
0.15026;1.9509541464535631
0.150315;1.9502155211296786
0.15037;1.949473565718882
0.150425;1.9487283689944657
0.15048;1.9479800202488746
0.150535;1.9472286092668254
0.15059;1.9464742262985897
0.150645;1.9457169620334576
0.1507;1.9449569075733137
0.150755;1.944194154406458
0.15081;1.9434287943815682
0.150865;1.9426609196818974
0.15092;1.941890622799654
0.150975;1.94111799651063
0.15103;1.9403431338490256
0.151085;1.939566128082544
0.15114;1.9387870726877232
0.151195;1.938006061325441
0.15125;1.9372231878169113
0.151305;1.9364385461196303
0.15136;1.9356522303038401
0.151415;1.9348643345291656
0.15147;1.9340749530215855
0.151525;1.9332841800506215
0.15158;1.9324921099069237
0.151635;1.931698836880055
0.15169000000000002;1.9309044552366288
0.15174500000000002;1.9301090591987542
0.15180000000000002;1.9293127429227448
0.15185500000000002;1.928515600478179
0.15191000000000002;1.9277177258272042
0.15196500000000002;1.9269192128041954
0.15202000000000002;1.926120155095688
0.15207500000000002;1.9253206462205907
0.15213000000000002;1.9245207795106891
0.15218500000000001;1.923720648091443
0.15224000000000001;1.922920344863018
0.152295;1.9221199624815914
0.15235;1.921319593340866
0.152405;1.9205193295538219
0.15246;1.919719262934646
0.152515;1.9189194849808218
0.15257;1.918120086855334
0.152625;1.9173211593689532
0.15268;1.9165227929626012
0.152735;1.9157250776896009
0.15279;1.9149281031979102
0.152845;1.91413195871214
0.1529;1.9133367330152877
0.152955;1.9125425144300987
0.15301;1.9117493907998588
0.153065;1.9109574494685055
0.15312;1.9101667772598125
0.153175;1.9093774604554241
0.15323;1.9085895847714485
0.153285;1.907803235333253
0.15334;1.9070184966480324
0.153395;1.9062354525746317
0.15345;1.9054541862899752
0.153505;1.9046747802513972
0.15356;1.903897316153828
0.153615;1.9031218748807486
0.15367;1.9023485364474555
0.153725;1.9015773799348374
0.15378;1.9008084834114647
0.153835;1.9000419238412294
0.15389;1.8992777769730103
0.153945;1.8985161172080018
0.154;1.8977570174390999
0.154055;1.8970005488552477
0.15411;1.896246780701549
0.154165;1.8954957799833918
0.15422;1.8947476110992096
0.154275;1.8940023353818476
0.15433;1.8932600105220334
0.154385;1.892520689838886
0.15444;1.8917844213504562
0.154495;1.8910512465807747
0.15455;1.8903211990169675
0.154605;1.8895943020973311
0.15466;1.8888705665646466
0.15471500000000002;1.8881499869516567
0.15477000000000002;1.8874325368664548
0.15482500000000002;1.8867181625980503
0.15488000000000002;1.8860067743393847
0.15493500000000002;1.8852982339815756
0.15499000000000002;1.8845923378953884
0.15504500000000002;1.883888792255169
0.15510000000000002;1.8831871770530493
0.15515500000000002;1.8824868925913878
0.15521000000000001;1.8817870781754025
0.15526500000000001;1.8810864855031988
0.15532;1.8803832759628352
0.155375;1.8796746856298425
0.15543;1.8789564509116368
0.155485;1.8782217806335986
0.15554;1.8774594203682105
0.155595;1.8766497768153934
0.15565;1.875756549833875
0.155705;1.8747068583855098
0.15576;1.8733377754295668
0.155815;1.8712256703297288
0.15587;1.8669850285125733
0.155925;1.8538741796568103
0.15598;1.7515647947750586
0.156035;1.6087746448608897
0.15609;1.838108032128211
0.156145;1.8584273680252004
0.1562;1.8635969268927335
0.156255;1.8654063821035598
0.15631;1.8660566946064652
0.156365;1.8662009155453605
0.15642;1.8660894035210438
0.156475;1.865835369243642
0.15653;1.8654963096026955
0.156585;1.8651040637373981
0.15664;1.8646774864956355
0.156695;1.8642283597822833
0.15675;1.8637643776129835
0.156805;1.8632907534316292
0.15686;1.862811132753313
0.156915;1.862328135028459
0.15697;1.8618436878601061
0.157025;1.8613592400448666
0.15708;1.8608759013306508
0.157135;1.8603945364489287
0.15719;1.8599158298188185
0.157245;1.8594403309728984
0.1573;1.8589684870294032
0.157355;1.8585006662864783
0.15741;1.8580371756218155
0.157465;1.8575782734988497
0.15752;1.8571241798102471
0.157575;1.8566750834132328
0.15763;1.8562311479589004
0.157685;1.8557925164463716
0.15774000000000002;1.8553593148127303
0.15779500000000002;1.8549316547871333
0.15785000000000002;1.854509636177808
0.15790500000000002;1.8540933487182756
0.15796000000000002;1.853682873568098
0.15801500000000002;1.8532782845408386
0.15807000000000002;1.8528796491149777
0.15812500000000002;1.8524870292710962
0.15818000000000002;1.8521004821889697
0.15823500000000001;1.851720060831101
0.15829000000000001;1.8513458144336232
0.158345;1.850977788921282
0.1584;1.8506160272598051
0.158455;1.850260569756443
0.15851;1.8499114543173705
0.158565;1.8495687166690418
0.15862;1.8492323905492711
0.158675;1.848902507872801
0.15873;1.8485790988753208
0.158785;1.848262192239135
0.15884;1.8479518152032
0.158895;1.8476479936598376
0.15895;1.8473507522399557
0.159005;1.8470601143884149
0.15906;1.8467761024308689
0.159115;1.8464987376332282
0.15917;1.8462280402547246
0.159225;1.8459640295953612
0.15928;1.8457067240385256
0.159335;1.8454561410893093
0.15939;1.8452122974090746
0.159445;1.8449752088467455
0.1595;1.8447448904671597
0.159555;1.8445213565768488
0.15961;1.8443046207475766
0.159665;1.8440946958377697
0.15972;1.8438915940122138
0.159775;1.8436953267600942
0.15983;1.8435059049116158
0.159885;1.8433233386533001
0.15994;1.843147637542146
0.159995;1.842978810518736
0.16005;1.8428168659193735
0.160105;1.8426618114873992
0.16016;1.8425136543836977
0.160215;1.8423724011965235
0.16027;1.8422380579506765
0.160325;1.842110630116087
0.16038;1.841990122615854
0.160435;1.8418765398338275
0.16049;1.8417698856217102
0.160545;1.8416701633057433
0.1606;1.8415773756930218
0.160655;1.8414915250774522
0.16071000000000002;1.84141261324538
0.16076500000000002;1.8413406414808997
0.16082000000000002;1.8412756105709245
0.16087500000000002;1.8412175208099186
0.16093000000000002;1.841166372004458
0.16098500000000002;1.8411221634775217
0.16104000000000002;1.8410848940725482
0.16109500000000002;1.8410545621573338
0.16115000000000002;1.841031165627702
0.16120500000000001;1.841014701911017
0.16126000000000001;1.8410051679694883
0.16131500000000001;1.8410025603033595
0.16137;1.8410068749539048
0.161425;1.8410181075063103
0.16148;1.8410362530923705
0.161535;1.841061306393109
0.16159;1.8410932616412083
0.161645;1.8411321126233913
0.1617;1.8411778526826075
0.161755;1.8412304747201578
0.16181;1.8412899711976864
0.161865;1.8413563341391088
0.16192;1.8414295551323736
0.161975;1.841509625331183
0.16203;1.8415965354565922
0.162085;1.8416902757985325
0.16214;1.8417908362172306
0.162195;1.8418982061445615
0.16225;1.842012374585315
0.162305;1.8421333301183602
0.16236;1.8422610608977608
0.162415;1.8423955546538204
0.16247;1.8425367986940102
0.162525;1.842684779903875
0.16258;1.842839484747847
0.162635;1.8430008992699933
0.16269;1.8431690090946977
0.162745;1.8433437994272959
0.1628;1.8435252550546195
0.162855;1.8437133603455074
0.16291;1.843908099251231
0.162965;1.8441094553059039
0.16302;1.8443174116267889
0.163075;1.8445319509145859
0.16313;1.8447530554536467
0.163185;1.8449807071121576
0.16324;1.8452148873422523
0.163295;1.8454555771800927
0.16335;1.845702757245895
0.163405;1.845956407743917
0.16346;1.8462165084623876
0.163515;1.8464830387734206
0.16357;1.8467559776328601
0.163625;1.847035303580089
0.16368;1.8473209947378313
0.16373500000000002;1.8476130288118682
0.16379000000000002;1.8479113830907625
0.16384500000000002;1.8482160344455276
0.16390000000000002;1.8485269593292566
0.16395500000000002;1.8488441337767298
0.16401000000000002;1.8491675334040156
0.16406500000000002;1.8494971334079908
0.16412000000000002;1.8498329085658767
0.16417500000000002;1.8501748332347314
0.16423000000000001;1.8505228813509236
0.16428500000000001;1.8508770264295784
0.16434;1.8512372415640068
0.164395;1.8516034994250974
0.16445;1.851975772260729
0.164505;1.8523540318951146
0.16456;1.852738249728173
0.164615;1.8531283967348517
0.16467;1.8535244434644742
0.164725;1.8539263600400246
0.16478;1.8543341161574827
0.164835;1.854747681085089
0.16489;1.8551670236626476
0.164945;1.8555921123008248
