1e-20;1.304932617124202e-17
5.500000000000001e-05;1.3689745293408266e-17
0.00011000000000000002;1.4362567315007367e-17
0.000165;1.506947985269311e-17
0.00022;1.5812260797007723e-17
0.000275;1.6592783255754225e-17
0.00033;1.7413020773117513e-17
0.00038500000000000003;1.827505284007512e-17
0.00044;1.9181070712522083e-17
0.000495;2.0133383554425852e-17
0.00055;2.1134424924373605e-17
0.0006050000000000001;2.218675962478963e-17
0.00066;2.3293090934305332e-17
0.000715;2.4456268244763582e-17
0.0007700000000000001;2.567929512568076e-17
0.000825;2.6965337840137297e-17
0.00088;2.8317734337467106e-17
0.0009350000000000001;2.974000374944314e-17
0.00099;3.123585641824518e-17
0.0010450000000000001;3.2809204485878054e-17
0.0011;3.4464173076522134e-17
0.001155;3.6205112104765075e-17
0.0012100000000000001;3.803660874475976e-17
0.001265;3.99635005969063e-17
0.00132;4.199088959092607e-17
0.0013750000000000001;4.412415666598986e-17
0.00143;4.636897727092842e-17
0.001485;4.873133772976679e-17
0.0015400000000000001;5.121755252008658e-17
0.001595;5.383428251429179e-17
0.00165;5.658855423645927e-17
0.0017050000000000001;5.948778019001864e-17
0.00176;6.253978031442473e-17
0.001815;6.575280463179166e-17
0.0018700000000000001;6.913555714755834e-17
0.001925;7.269722107241662e-17
0.00198;7.644748543580152e-17
0.002035;8.039657316469584e-17
0.0020900000000000003;8.45552707051488e-17
0.002145;8.893495926699117e-17
0.0022;9.354764777635945e-17
0.002255;9.840600762398302e-17
0.00231;1.0352340930129386e-16
0.002365;1.0891396101985594e-16
0.0024200000000000003;1.1459254941416725e-16
0.002475;1.2057488243090891e-16
0.00253;1.2687753451242297e-16
0.002585;1.3351799418568173e-16
0.00264;1.405147141719024e-16
0.002695;1.4788716413549312e-16
0.0027500000000000003;1.5565588619512067e-16
0.002805;1.6384255332225117e-16
0.00286;1.7247003075655822e-16
0.002915;1.8156244056921614e-16
0.00297;1.9114522950869559e-16
0.003025;2.0124524026460363e-16
0.0030800000000000003;2.1189078628655227e-16
0.003135;2.231117302960791e-16
0.00319;2.349395666280414e-16
0.003245;2.474075075380455e-16
0.0033;2.605505736083875e-16
0.003355;2.744056883817787e-16
0.0034100000000000003;2.8901177734570883e-16
0.003465;3.044098713833483e-16
0.00352;3.2064321479581315e-16
0.003575;3.377573779893469e-16
0.00363;3.558003749035214e-16
0.0036850000000000003;3.748227852394773e-16
0.0037400000000000003;3.948778815225275e-16
0.003795;4.1602176100646827e-16
0.00385;4.3831348239380077e-16
0.003905;4.61815207307e-16
0.00396;4.865923464008437e-16
0.004015;5.127137099513307e-16
0.00407;5.402516626940086e-16
0.004125;5.692822826141454e-16
0.0041800000000000006;5.998855233028708e-16
0.004235;6.321453794014087e-16
0.00429;6.661500545374648e-16
0.004345;7.019921310338179e-16
0.0044;7.397687405181696e-16
0.004455;7.79581734393281e-16
0.00451;8.215378529316742e-16
0.0045650000000000005;8.657488915384337e-16
0.00462;9.123318624665943e-16
0.004675;9.614091499849248e-16
0.00473;1.0131086566596368e-15
0.004785;1.0675639380411596e-15
0.0048400000000000006;1.1249143226129035e-15
0.004895;1.185305013371428e-15
0.00495;1.2488871668510471e-15
0.005005;1.315817944776213e-15
0.00506;1.3862605328074038e-15
0.005115;1.4603841200279597e-15
0.00517;1.5383638319006648e-15
0.0052250000000000005;1.620380608372337e-15
0.00528;1.7066210176115326e-15
0.005335;1.7972769945232153e-15
0.00539;1.8925454916457508e-15
0.005445;1.9926280283092823e-15
0.0055000000000000005;2.097730121967748e-15
0.005555;2.2080605833860313e-15
0.00561;2.3238306548394613e-15
0.005665;2.4452529676323723e-15
0.00572;2.5725402919806804e-15
0.005775000000000001;2.7059040486494702e-15
0.00583;2.8455525475533698e-15
0.0058850000000000005;2.991688913817899e-15
0.00594;3.1445086564431517e-15
0.005995;3.304196828642962e-15
0.00605;3.4709247220451917e-15
0.006105;3.6448460291479805e-15
0.0061600000000000005;3.82609239955754e-15
0.006215;4.014768305492186e-15
0.00627;4.2109451206476465e-15
0.006325;4.414654303553444e-15
0.00638;4.625879561879822e-15
0.006435000000000001;4.844547857447959e-15
0.00649;5.070519092743493e-15
0.0065450000000000005;5.3035742981652274e-15
0.0066;5.54340211477245e-15
0.006655;5.789583339388539e-15
0.00671;6.041573267258047e-15
0.006765;6.298681531332435e-15
0.0068200000000000005;6.560049096211154e-15
0.006875;6.824622017958294e-15
0.00693;7.091121527676259e-15
0.006985;7.358009935927264e-15
0.00704;7.623451785764604e-15
0.007095000000000001;7.885269602958839e-15
0.00715;8.140893501694775e-15
0.0072050000000000005;8.387303800763277e-15
0.00726;8.620965687330115e-15
0.007315;8.837754830455424e-15
0.007370000000000001;9.03287269218282e-15
0.007425;9.200750107286802e-15
0.0074800000000000005;9.334937500344521e-15
0.007535;9.427979876739865e-15
0.00759;9.471274457992028e-15
0.007645;9.45490852628293e-15
0.0077;9.367474692101958e-15
0.007755000000000001;9.19586039532791e-15
0.00781;8.925007985727151e-15
0.007865;8.537641193532282e-15
0.00792;8.013953182656975e-15
0.007975;7.331250662198616e-15
0.00803;6.463547692711218e-15
0.008085;5.381101814879805e-15
0.00814;4.04988379846643e-15
0.008195000000000001;2.4309697935573057e-15
0.00825;4.798267533713871e-16
0.008305;1.4609416460552946e-09
0.008360000000000001;3.4387944544161383e-09
0.008415;5.539140062749544e-09
0.00847;7.768637177832842e-09
0.008525;1.0134310848015138e-08
0.00858;1.2643578691038436e-08
0.008635;1.5304276223850358e-08
0.00869;1.812468317212044e-08
0.008745000000000001;2.111355128816954e-08
0.0088;2.4280133944883036e-08
0.008855;2.7634217703847054e-08
0.00891;3.118615603930478e-08
0.008965;3.4946905399947744e-08
0.00902;3.8928063799584504e-08
0.009075;4.3141912140578804e-08
0.009130000000000001;4.760145848955162e-08
0.009185;5.232048554305713e-08
0.00924;5.731360154178587e-08
0.009295000000000001;6.259629491345663e-08
0.00935;6.818499295094832e-08
0.009405;7.40971248587238e-08
0.00946;8.035118953160116e-08
0.009515000000000001;8.696682846386657e-08
0.00957;9.396490422299138e-08
0.009625;1.0136758496436975e-07
0.009680000000000001;1.0919843550732208e-07
0.009735;1.1748251554434932e-07
0.00979;1.2624648560961527e-07
0.009845;1.3551872149499867e-07
0.0099;1.4532943786930117e-07
0.009955;1.5571082193283262e-07
0.01001;1.6669717802238802e-07
0.010065000000000001;1.783250841759962e-07
0.01012;1.906335617695095e-07
0.010175;2.0366425945468567e-07
0.01023;2.1746165275568725e-07
0.010285;2.3207326082701635e-07
0.01034;2.475498820353867e-07
0.010395;2.6394585021072534e-07
0.010450000000000001;2.813193136124927e-07
0.010505;2.9973253888530147e-07
0.01056;3.19252242532531e-07
0.010615000000000001;3.399499527254871e-07
0.01067;3.6190240458663285e-07
0.010725;3.8519197245300373e-07
0.01078;4.0990714303579403e-07
0.010835000000000001;4.361430338602561e-07
0.01089;4.640019618973688e-07
0.010945;4.935940678978216e-07
0.011000000000000001;5.250380026192369e-07
0.011055;5.584616819142587e-07
0.01111;5.940031185264796e-07
0.011165;6.318113394530097e-07
0.01122;6.72047398879957e-07
0.011275;7.148854980237442e-07
0.01133;7.605142247178958e-07
0.011385000000000001;8.091379273343791e-07
0.01144;8.60978239625775e-07
0.011495;9.162757753949932e-07
0.011550000000000001;9.752920145717937e-07
0.011605;1.0383114053729427e-06
0.01166;1.1056437108242446e-06
0.011715;1.1776266321077174e-06
0.011770000000000001;1.2546287460762341e-06
0.011825;1.3370527999866675e-06
0.01188;1.4253394131806087e-06
0.011935000000000001;1.519971243291257e-06
0.01199;1.62147768379504e-06
0.012045;1.7304401706246144e-06
0.0121;1.8474981884683288e-06
0.012155000000000001;1.9733560826932996e-06
0.01221;2.1087908010528168e-06
0.012265;2.2546607110952477e-06
0.012320000000000001;2.4119156652361614e-06
0.012375;2.5816085167431786e-06
0.01243;2.764908327589474e-06
0.012485000000000001;2.963115554717438e-06
0.01254;3.1776795565941136e-06
0.012595;3.410218829317551e-06
0.01265;3.6625444639551437e-06
0.012705000000000001;3.936687417934879e-06
0.01276;4.234930318031255e-06
0.012815;4.5598446668615926e-06
0.012870000000000001;4.9143345168514595e-06
0.012925;5.301687915564578e-06
0.01298;5.725637727638078e-06
0.013035;6.190433818919634e-06
0.013090000000000001;6.700929071203421e-06
0.013145;7.262682312100474e-06
0.0132;7.882082035867511e-06
0.013255000000000001;8.566495813292135e-06
0.01331;9.324451618501628e-06
0.013365;1.0165859042171978e-05
0.01342;1.1102280658440917e-05
0.013475;1.2147266868265653e-05
0.01353;1.3316771638210547e-05
0.013585;1.4629672093261724e-05
0.013640000000000001;1.610842248372272e-05
0.013695;1.777988346944439e-05
0.01375;1.967638218484056e-05
0.013805000000000001;2.183707900412671e-05
0.01386;2.4309746093929345e-05
0.013915;2.71531049717069e-05
0.01397;3.0439931999705887e-05
0.014025000000000001;3.42612325064916e-05
0.01408;3.8731922922678886e-05
0.014135;4.399867370452609e-05
0.014190000000000001;5.025090055548832e-05
0.014245;5.773642783871032e-05
0.0143;6.6784227959846e-05
0.014355;7.783812181992377e-05
0.014410000000000001;9.150789244730809e-05
0.014465;0.00010864885888543079
0.01452;0.00013048948915716108
0.014575000000000001;0.00015884314721498132
0.01463;0.0001964736130213657
0.014685;0.0002477560575293403
0.014740000000000001;0.0003199404270283939
0.014795;0.00042573458995631843
0.01485;0.0005890476835465624
0.014905;0.0008592084541561896
0.014960000000000001;0.0013515965045510841
0.015015;0.002389944654429663
0.01507;0.005190886930536916
0.015125000000000001;0.017852374273260183
0.01518;0.4282465360318104
0.015235;0.03886512644645431
0.01529;0.008290052767550654
0.015345000000000001;0.003549379099847925
0.0154;0.001983899209996445
0.015455;0.001277413222508346
0.015510000000000001;0.0008980201148917298
0.015565;0.0006702503571232093
0.01562;0.0005224523232852885
0.015675;0.00042088461021230723
0.01573;0.0003479405698167156
0.015785;0.0002936906290927922
0.01584;0.00025218278746977504
0.015895;0.00021966943693542748
0.01595;0.00019369331229820148
0.016005000000000002;0.00017258746970244188
0.01606;0.00015518788006347356
0.016115;0.00014066116460813855
0.01617;0.00012839756552663156
0.016225;0.00011794234099766572
0.01628;0.00010895057136941987
0.016335000000000002;0.00010115665958433126
0.016390000000000002;9.435330067393415e-05
0.016445;8.837669825602678e-05
0.0165;8.309599023114448e-05
0.016555;7.84055651789879e-05
0.01661;7.421939860173121e-05
0.016665;7.046682295190454e-05
0.016720000000000002;6.708933023638814e-05
0.016775;6.403812819380876e-05
0.01683;6.127225320545056e-05
0.016885;5.8757099202815816e-05
0.01694;5.6463260697841716e-05
0.016995;5.436561534240135e-05
0.01705;5.2442590812259423e-05
0.017105000000000002;5.0675574749865016e-05
0.01716;4.904843663089436e-05
0.017215;4.754713785591826e-05
0.01727;4.6159411880172746e-05
0.017325;4.487450031520417e-05
0.01738;4.3682934043722575e-05
0.017435;4.2576350750676686e-05
0.017490000000000002;4.154734208209441e-05
0.017545;4.058932503791692e-05
0.0176;3.969643328809689e-05
0.017655;3.8863424947193337e-05
0.01771;3.8085604008169e-05
0.017765;3.7358753161839235e-05
0.01782;3.6679076146871265e-05
0.017875000000000002;3.6043148109363336e-05
0.01793;3.5447872719632395e-05
0.017985;3.48904450105923e-05
0.01804;3.436831907784066e-05
0.018095;3.3879179924792125e-05
0.01815;3.3420918853241726e-05
0.018205;3.299161189597391e-05
0.018260000000000002;3.258950086726299e-05
0.018315;3.2212976672794224e-05
0.01837;3.1860564574987614e-05
0.018425;3.153091115519012e-05
0.01848;3.1222772752122355e-05
0.018535;3.093500518790564e-05
0.018590000000000002;3.066655461977229e-05
0.018645000000000002;3.0416449378224127e-05
0.0187;3.0183792671567635e-05
0.018755;2.9967756053020394e-05
0.01881;2.976757356045003e-05
0.018865;2.9582536450611203e-05
0.01892;2.9411988459881214e-05
0.018975000000000002;2.92553215321535e-05
0.019030000000000002;2.911197196202866e-05
0.019085;2.8981416907858523e-05
0.01914;2.886317123475921e-05
0.019195;2.8756784652522427e-05
0.01925;2.866183911750932e-05
0.019305;2.8577946471262273e-05
0.019360000000000002;2.8504746291696704e-05
0.019415;2.8441903935528616e-05
0.01947;2.838910875296412e-05
0.019525;2.8346072457823764e-05
0.01958;2.8312527638099102e-05
0.019635;2.8288226393592184e-05
0.01969;2.8272939088700618e-05
0.019745000000000002;2.826645320969407e-05
0.0198;2.826857231693075e-05
0.019855;2.8279115083473734e-05
0.01991;2.8297914412409172e-05
0.019965;2.8324816625984335e-05
0.02002;2.8359680720352384e-05
0.020075;2.8402377680326023e-05
0.020130000000000002;2.845278984911426e-05
0.020185;2.8510810348464756e-05
0.02024;2.8576342545128763e-05
0.020295;2.864929955990158e-05
0.02035;2.87296038158861e-05
0.020405;2.881718662291578e-05
0.02046;2.891198779537441e-05
0.020515000000000002;2.9013955300896146e-05
0.02057;2.912304493766234e-05
0.020625;2.9239220038214685e-05
0.02068;2.9362451197909087e-05
0.020735;2.9492716026273786e-05
0.02079;2.9629998919724302e-05
0.020845000000000002;2.977429085419871e-05
0.020900000000000002;2.9925589196416654e-05
0.020955;3.0083897532583482e-05
0.02101;3.0249225513455818e-05
0.021065;3.042158871478842e-05
0.02112;3.06010085122635e-05
0.021175;3.078751197009057e-05
0.021230000000000002;3.098113174253212e-05
0.021285000000000002;3.1181905987677524e-05
0.02134;3.1389878292853275e-05
0.021395;3.1605097611113324e-05
0.02145;3.1827618208296985e-05
0.021505;3.205749962021067e-05
0.02156;3.22948066194983e-05
0.021615000000000002;3.2539609191857625e-05
0.021670000000000002;3.279198252123868e-05
0.021725;3.305200698376094e-05
0.02178;3.331976815004693e-05
0.021835;3.359535679577104e-05
0.02189;3.387886892020318e-05
0.021945;3.417040577257901e-05
0.022000000000000002;3.447007388613161e-05
0.022055;3.477798511968605e-05
0.02211;3.509425670667885e-05
0.022165;3.541901131155899e-05
0.02222;3.575237709347473e-05
0.022275;3.609448777723688e-05
0.02233;3.644548273151978e-05
0.022385000000000002;3.6805507054317266e-05
0.02244;3.7174711665639444e-05
0.022495;3.755325340752793e-05
0.02255;3.794129515140643e-05
0.022605;3.833900591286682e-05
0.02266;3.874656097393493e-05
0.022715;3.916414201297831e-05
0.022770000000000002;3.959193724231962e-05
0.022825;4.003014155373536e-05
0.02288;4.0478956671962075e-05
0.022935;4.0938591316398495e-05
0.02299;4.1409261371189614e-05
0.023045;4.1891190063889665e-05
0.023100000000000002;4.2384608152923094e-05
0.023155000000000002;4.2889754124100164e-05
0.02321;4.340687439640913e-05
0.023265;4.3936223537441135e-05
0.02332;4.4478064488575846e-05
0.023375;4.503266880047324e-05
0.02343;4.5600316879003245e-05
0.023485000000000002;4.618129824207628e-05
0.023540000000000002;4.677591178770629e-05
0.023595;4.738446607374163e-05
0.02365;4.8007279609644835e-05
0.023705;4.864468116079951e-05
0.02376;4.9297010065800135e-05
0.023815;4.996461656721262e-05
0.023870000000000002;5.064786215636282e-05
0.023925000000000002;5.134711993266476e-05
0.02398;5.2062774978114584e-05
0.024035;5.279522474751345e-05
0.02409;5.354487947512632e-05
0.024145;5.4312162598407846e-05
0.0242;5.509751119953872e-05
0.024255000000000002;5.590137646552932e-05
0.024310000000000002;5.672422416767389e-05
0.024365;5.756653516120832e-05
0.02442;5.8428805906045874e-05
0.024475;5.9311549009511974e-05
0.02453;6.021529379208387e-05
0.024585;6.114058687713775e-05
0.024640000000000002;6.2087992805806e-05
0.024695;6.305809467808104e-05
0.02475;6.40514948213655e-05
0.024805;6.50688154877558e-05
0.02486;6.611069958138614e-05
0.024915;6.717781141721761e-05
0.024970000000000003;6.827083751281676e-05
0.025025000000000002;6.939048741463011e-05
0.02508;7.053749456044803e-05
0.025135;7.171261717977317e-05
0.02519;7.291663923394558e-05
0.025245;7.4150371397975e-05
0.0253;7.541465208610729e-05
0.025355000000000003;7.671034852329013e-05
0.025410000000000002;7.803835786483965e-05
0.025465;7.93996083666979e-05
0.02552;8.079506060887411e-05
0.025575;8.222570877466215e-05
0.02563;8.3692581988635e-05
0.025685;8.519674571627516e-05
0.025740000000000002;8.673930322855878e-05
0.025795000000000002;8.832139713475935e-05
0.02585;8.994421098710727e-05
0.025905;9.160897096107869e-05
0.02596;9.331694761529647e-05
0.026015;9.50694577352815e-05
0.02607;9.686786626560148e-05
0.026125000000000002;9.87135883351176e-05
0.026180000000000002;0.00010060809138046104
0.026235;0.00010255289737302592
0.02629;0.00010454958515523593
0.026345;0.00010659979289213345
0.0264;0.00010870522064466832
0.026455;0.0001108676330715464
0.026510000000000002;0.0001130888622669124
0.026565000000000002;0.0001153708107415384
0.02662;0.00011771545455579548
0.026675;0.00012012484661303471
0.02673;0.0001226011201228295
0.026785;0.000125146492243841
0.02684;0.00012776326791699607
0.026895000000000002;0.00013045384390011149
0.02695;0.00013322071301604248
0.027005;0.00013606646862718394
0.02706;0.0001389938093498814
0.027115;0.00014200554402346195
0.02717;0.00014510459694944486
0.027225000000000003;0.00014829401341753763
0.027280000000000002;0.00015157696553633703
0.027335;0.00015495675838773988
0.02739;0.00015843683652544822
0.027445;0.00016202079083952386
0.0275;0.000165712365810248
0.027555;0.00016951546717657
0.027610000000000003;0.00017343417004586932
0.027665000000000002;0.00017747272747404812
0.02772;0.00018163557954690968
0.027775;0.0001859273629961345
0.02783;0.00019035292138558607
0.027885;0.0001949173159065537
0.02794;0.00019962583682323697
0.027995000000000003;0.00020448401561313917
0.028050000000000002;0.00020949763785021934
0.028105;0.00021467275688283202
0.02816;0.00022001570836198907
0.028215;0.00022553312568036668
0.02827;0.00023123195638693998
0.028325;0.00023711947964760632
0.028380000000000002;0.00024320332482772553
0.028435000000000002;0.0002494914912787489
0.02849;0.00025599236941774447
0.028545;0.0002627147631965273
0.0286;0.0002696679140643389
0.028655;0.0002768615265379322
0.02871;0.00028430579550149123
0.028765000000000002;0.0002920114353703509
0.028820000000000002;0.0002999897112636575
0.028875;0.0003082524723439469
0.02893;0.0003168121874954156
0.028985;0.000325681983528779
0.02904;0.0003348756861165523
0.029095;0.0003444078636822282
0.029150000000000002;0.00035429387448632877
0.029205000000000002;0.0003645499171763181
0.02926;0.00037519308509080393
0.029315;0.0003862414246379007
0.02937;0.00039771399809618394
0.029425;0.0004096309512226991
0.029480000000000003;0.0004220135860882816
0.029535000000000002;0.00043488443960316563
0.02959;0.0004482673682414401
0.029645;0.00046218763952525846
0.0297;0.00047667203088569014
0.029755;0.0004917489365825075
0.02981;0.0005074484834346705
0.029865000000000003;0.000523802656194372
0.029920000000000002;0.0005408454334854965
0.029975;0.0005586129353271474
0.03003;0.000577143583374529
0.030085;0.0005964782751350531
0.03014;0.0006166605735577894
0.030195;0.0006377369135536628
0.030250000000000003;0.0006597568271816246
0.030305000000000002;0.0006827731894381481
0.03036;0.0007068424868152592
0.030415;0.0007320251110502847
0.03047;0.0007583856807824406
0.030525;0.0007859933941636011
0.03058;0.0008149224158488477
0.030635000000000003;0.0008452523022204883
0.030690000000000002;0.0008770684691928825
0.030745;0.0009104627075013227
0.0308;0.0009455337510259977
0.030855;0.000982387904433337
0.03091;0.0010211397372653984
0.030965;0.0010619128525808015
0.031020000000000002;0.0011048407393762553
0.031075000000000002;0.0011500677193122012
0.03113;0.0011977499997755134
0.031185;0.0012480568470516163
0.03124;0.0013011718954156599
0.031295;0.0013572946103147412
0.03135;0.0014166419265835956
0.031405;0.0014794500858739583
0.03146;0.0015459767012897076
0.031515;0.001616503081693423
0.03157;0.0016913368534493003
0.031625;0.001770814923618733
0.03168;0.0018553068360692327
0.031735;0.0019452185807949864
0.03179;0.002040996927322656
0.031845;0.0021431343657255667
0.0319;0.0022521747539815443
0.031955000000000004;0.002368719788747658
0.032010000000000004;0.00249343643880918
0.032065;0.0026270655074021325
0.03212;0.0027704315224471357
0.032175;0.0029244541939062257
0.03223;0.0030901617268398883
0.032285;0.0032687063396282683
0.03234;0.0034613824122880295
0.032395;0.003669647783741167
0.03245;0.0038951488343716267
0.032505;0.0041397501378730925
0.03256;0.004405569652984581
0.032615;0.004695020662718356
0.032670000000000005;0.005010861971550673
0.032725000000000004;0.005356258260232111
0.032780000000000004;0.005734853001286959
0.032835;0.006150856993553276
0.03289;0.006609156433096924
0.032945;0.007115445571947951
0.033;0.007676390525025099
0.033055;0.008299832809314723
0.03311;0.008995043936674062
0.033165;0.009773046117649245
0.03322;0.010647019281152359
0.033275;0.011632821779027394
0.03333;0.012749662222164738
0.033385;0.0140209742320569
0.033440000000000004;0.015475566535937839
0.033495000000000004;0.017149150941331293
0.03355;0.019086395236177712
0.033605;0.021343714821756787
0.03366;0.023993118569964837
0.033715;0.027127581818060405
0.03377;0.030868667358108438
0.033825;0.035377512931190964
0.03388;0.04087095360092971
0.033935;0.04764562998697694
0.03399;0.05611477117672066
0.034045;0.06686551514345411
0.0341;0.08075018173274741
0.034155;0.09903465112364111
0.034210000000000004;0.1236437176630406
0.034265000000000004;0.1575696185296947
0.03432;0.20553937571449485
0.034375;0.27500760226117815
0.03443;0.3771376069006241
0.034485;0.5253880313947592
0.03454;0.7225187912812272
0.034595;0.920695124357703
0.03465;0.9977432997351551
0.034705;0.8887339153836564
0.03476;0.6906839096971323
0.034815;0.5093661196951036
0.03487;0.3753040218387077
0.034925000000000005;0.2820897437002683
0.034980000000000004;0.21748451700535723
0.035035000000000004;0.1719036282610009
0.03509;0.13896257886405064
0.035145;0.114564398018091
0.0352;0.0960733577318177
0.035255;0.081764844663064
0.03531;0.0704855755527097
0.035365;0.061446639741944094
0.03542;0.05409640852464581
0.035475;0.048041160358731516
0.03553;0.04299450222379067
0.035585;0.03874446405537003
0.03564;0.03513165166110769
0.035695000000000005;0.03203445838828428
0.035750000000000004;0.0293588713214856
0.035805000000000003;0.02703132447906649
0.03586;0.024993608729030246
0.035915;0.02319919319197665
0.03597;0.02161053045158269
0.036025;0.02019705747243532
0.03608;0.018933695178686826
0.036135;0.017799709988079643
0.03619;0.01677784118238604
0.036245;0.015853625679843848
0.0363;0.015014870909697378
0.036355;0.014251239879106512
0.03641;0.013553922003352549
0.036465000000000004;0.012915370057112494
0.036520000000000004;0.012329088513710815
0.036575;0.011789462125314783
0.03663;0.011291616240794779
0.036685;0.010831302324366339
0.03674;0.010404803612776497
0.036795;0.010008856963460678
0.03685;0.009640587794946061
0.036905;0.009297455671815856
0.03696;0.008977208589258332
0.037015;0.008677844402875673
0.03707;0.008397578154879098
0.037125;0.008134814288062522
0.037180000000000005;0.007888122928902107
0.037235000000000004;0.007656219572250731
0.037290000000000004;0.007437947620777616
0.037345;0.007232263329294954
0.0374;0.007038222782331899
0.037455;0.006854970596722811
0.03751;0.0066817300925827135
0.037565;0.006517794718241593
0.03762;0.006362520549306199
0.037675;0.006215319710563315
0.03773;0.0060756545929843715
0.037785;0.0059430327576878855
0.03784;0.005817002434977645
0.037895;0.005697148540208058
0.037950000000000005;0.005583089139607198
0.038005000000000004;0.005474472308791967
0.038060000000000004;0.005370973334782555
0.038115;0.005272292219162516
0.03817;0.005178151445816201
0.038225;0.0050882939816133945
0.03828;0.005002481482598445
0.038335;0.0049204926818387645
0.03839;0.004842121938155537
0.038445;0.004767177927599698
0.0385;0.004695482461812012
0.038555;0.004626869419361662
0.03861;0.004561183777850975
0.038665;0.004498280736048768
0.038720000000000004;0.004438024916576655
0.038775000000000004;0.00438028964079445
0.03883;0.004324956268483694
0.038885;0.004271913595782027
0.03894;0.004221057305551735
0.038995;0.004172289465013545
0.03905;0.004125518066048936
0.039105;0.004080656604065309
0.03916;0.004037623691762924
0.039215;0.003996342704531734
0.03927;0.003956741454540919
0.039325;0.00391875189089761
0.03938;0.003882309823510369
0.039435000000000005;0.003847354668538499
0.039490000000000004;0.0038138292135161313
0.039545000000000004;0.003781679400429851
0.0396;0.003750854125198546
0.039655;0.0037213050521503373
0.03971;0.003692986442231219
0.039765;0.0036658549937953417
0.03982;0.003639869694938178
0.039875;0.0036149916864308992
0.03993;0.00359118413440166
0.039985;0.003568412111992933
0.04004;0.003546642489300873
0.040095;0.003525843830981151
0.04015;0.0035059863009949815
0.040205000000000005;0.0034870415740947446
0.040260000000000004;0.0034689827538720444
0.040315000000000004;0.003451784297718654
0.04037;0.003435421950541221
0.040425;0.0034198726942351234
0.04048;0.0034051147422536595
0.040535;0.0033911277415163105
0.04059;0.0033778947242593714
0.040645;0.0033654823281210507
0.0407;0.0033536228031157372
0.040755;0.0033424984077500253
0.04081;0.0033320799403451476
0.040865;0.0033223288103819463
0.04092;0.003313228734409075
0.040975000000000004;0.0033047654828962133
0.041030000000000004;0.0032969257574339333
0.041085;0.003289696987265175
0.04114;0.0032830672575007887
0.041195;0.0032770252679065093
0.04125;0.003271560301677357
0.041305;0.0032666621986422394
0.04136;0.0032623213310509066
0.041415;0.003258528581210994
0.04147;0.003255275320626392
0.041525;0.0032525533904441076
0.04158;0.0032503550830808147
0.041635;0.0032486731249348577
0.041690000000000005;0.0032475006601064304
0.041745000000000004;0.003246831235060378
0.041800000000000004;0.0032466587841728563
0.041855;0.0032469776161091883
0.04191;0.0032477824009853784
0.041965;0.0032490681582670214
0.04202;0.0032508302453666716
0.042075;0.0032530643468998252
0.04213;0.003255766464564514
0.042185;0.0032589329076117674
0.04224;0.0032625602838750045
0.042295;0.00326664549133105
0.04235;0.0032711857101642254
0.042405;0.003276178395309403
0.042460000000000005;0.003281621269450678
0.042515000000000004;0.003287512316452458
0.042570000000000004;0.003293849775203991
0.042625;0.0033006321338570695
0.04268;0.0033078581244391663
0.042735;0.0033155267178254576
0.04279;0.003323637119053938
0.042845;0.003332188762968822
0.0429;0.0033411813101785976
0.042955;0.0033506146433157874
0.04301;0.003360488863587108
0.043065;0.0033708042876013596
0.04312;0.0033815614444667056
0.043175;0.003392761073145115
0.043230000000000005;0.0034044041200579304
0.043285000000000004;0.0034164917369309492
0.043340000000000004;0.003429025278873372
0.043395;0.003442006302682763
0.04345;0.0034554365653687805
0.043505;0.0034693180228899416
0.04356;0.003483652829097459
0.043615;0.003498443334880955
0.04367;0.0035136920875108984
0.043725;0.0035294018301734674
0.04378;0.0035455755016938007
0.043835;0.003562216236443623
0.04389;0.0035793273644302744
0.043945000000000005;0.0035969124115637144
0.044000000000000004;0.0036149751000990713
0.044055000000000004;0.003633519349252707
0.04411;0.00365254927598862
0.044165;0.0036720691959743466
0.04422;0.003692083624704955
0.044275;0.0037125972787930704
0.04433;0.0037336150774250287
0.044385;0.0037551421439812314
0.04444;0.003777183807821575
0.044495;0.0037997456062346118
0.04455;0.0038228332865517536
0.044605;0.003846452808424765
0.04466;0.003870610346270094
0.044715000000000005;0.0038953122918772677
0.044770000000000004;0.003920565257185513
0.044825000000000004;0.003946376077227787
0.04488;0.003972751813243986
0.044935;0.003999699755966085
0.04499;0.004027227429075693
0.045045;0.00405534259283644
0.0451;0.0040840532479046315
0.045155;0.004113367639318765
0.04521;0.004143294260672481
0.045265;0.0041738418584733655
0.04532;0.004205019436689209
0.045375;0.004236836261488639
0.04543;0.004269301866176127
0.045485000000000005;0.004302426056327488
0.045540000000000004;0.004336218915129462
0.045595000000000004;0.004370690808927989
0.04565;0.004405852392988543
0.045705;0.0044417146174759664
0.04576;0.004478288733656195
0.045815;0.004515586300326733
0.04587;0.004553619190482194
0.045925;0.0045923995982190685
0.04598;0.004631940045887171
0.046035;0.004672253391494679
0.04609;0.004713352836372167
0.046145;0.004755251933104608
0.046200000000000005;0.004797964593736695
0.046255000000000004;0.004841505098261793
0.046310000000000004;0.004885888103400003
0.046365;0.0049311286516766474
0.04642;0.004977242180807207
0.046475;0.00502424453340031
0.04653;0.00507215196698695
0.046585;0.005120981164386841
0.04664;0.005170749244421547
0.046695;0.005221473772985989
0.04675;0.005273172774489598
0.046805;0.005325864743678583
0.04686;0.005379568657851393
0.046915;0.005434303989480945
0.046970000000000005;0.005490090719256555
0.047025000000000004;0.005546949349559476
0.047080000000000004;0.0056049009183857116
0.047135;0.005663967013732597
0.04719;0.005724169788463355
0.047245;0.005785531975667397
0.0473;0.005848076904531108
0.047355;0.005911828516738459
0.04741;0.005976811383419873
0.047465;0.006043050722667654
0.04752;0.006110572417635994
0.047575;0.006179403035251905
0.04763;0.006249569845550335
0.047685000000000005;0.0063211008416655095
0.047740000000000005;0.006394024760490442
0.047795000000000004;0.006468371104039994
0.047850000000000004;0.006544170161535911
0.047905;0.006621453032241366
0.04796;0.006700251649072725
0.048015;0.006780598803018335
0.04807;0.006862528168391569
0.048125;0.006946074328950813
0.04818;0.007031272804918216
0.048235;0.007118160080929739
0.04829;0.007206773634951638
0.048345;0.007297151968202696
0.0484;0.007389334636115527
0.048455000000000005;0.007483362280378264
0.048510000000000005;0.007579276662100652
0.048565000000000004;0.007677120696142591
0.048620000000000003;0.007776938486653996
0.048675;0.007878775363869718
0.04873;0.007982677922210479
0.048785;0.00808869405973931
0.04884;0.00819687301902773
0.048895;0.008307265429482943
0.04895;0.008419923351201319
0.049005;0.008534900320399467
0.04906;0.008652251396494198
0.049115;0.008772033210889329
0.04917;0.008894304017542331
0.049225000000000005;0.009019123745382506
0.049280000000000004;0.009146554052654132
0.049335000000000004;0.009276658383258397
0.04939;0.009409502025186672
0.049445;0.009545152171116823
0.0495;0.009683677981272709
0.049555;0.009825150648630205
0.04961;0.009969643466577523
0.049665;0.010117231899119223
0.04972;0.010267993653742504
0.049775;0.010422008757046207
0.04983;0.010579359633254282
0.049885;0.010740131185735347
0.049940000000000005;0.010904410881654227
0.049995000000000005;0.011072288839884618
0.050050000000000004;0.011243857922331296
0.050105000000000004;0.011419213828796647
0.05016;0.011598455195554636
0.050215;0.011781683697780905
0.05027;0.011969004156015518
0.050325;0.012160524646828449
0.05038;0.012356356617873694
0.050435;0.012556615007518857
0.05049;0.012761418369260966
0.050545;0.012970889001128557
0.0506;0.01318515308030246
0.050655;0.013404340803173983
0.050710000000000005;0.013628586531096802
0.050765000000000005;0.013858028942076118
0.050820000000000004;0.014092811188675117
0.050875000000000004;0.01433308106240004
0.05093;0.014578991164878964
0.050985;0.014830699086128918
0.05104;0.015088367590236766
0.051095;0.01535216480880457
0.05115;0.015622264442497522
0.051205;0.015898845971084243
0.05126;0.016182094872360026
0.051315;0.01647220285035753
0.05137;0.016769368073287858
0.051425;0.017073795421664692
0.051480000000000005;0.017385696747087235
0.051535000000000004;0.017705291142192086
0.051590000000000004;0.018032805222289377
0.051645;0.018368473419253975
0.0517;0.018712538288245945
0.051755;0.01906525082787639
0.05181;0.019426870814460814
0.051865;0.019797667151046666
0.05192;0.02017791823191517
0.051975;0.02056791232333003
0.05203;0.020967947961284785
0.052085;0.02137833436712611
0.05214;0.021799391881881597
0.052195000000000005;0.022231452420246413
0.052250000000000005;0.02267485994516919
0.052305000000000004;0.02312997096406695
0.052360000000000004;0.023597155047742832
0.052415;0.024076795373121216
0.05247;0.024569289290990497
0.052525;0.025075048920007552
0.05258;0.025594501768262164
0.052635;0.026128091383802933
0.05269;0.026676278035555768
0.052745;0.027239539426178787
0.0528;0.027818371438468433
0.052855;0.028413288917000817
0.05291;0.029024826486789595
0.052965000000000005;0.02965353941085215
0.053020000000000005;0.030300004488641587
0.053075000000000004;0.030964820997435083
0.053130000000000004;0.031648611678853
0.053185;0.03235202377280254
0.05324;0.033075730101285825
0.053295;0.03382043020457961
0.05335;0.03458685153247726
0.053405;0.035375750693386526
0.05346;0.03618791476423769
0.053515;0.03702416266429062
0.05357;0.037885346596074364
0.053625;0.03877235355689025
0.05368;0.03968610692442572
0.053735000000000005;0.04062756812024037
0.053790000000000004;0.0415977383550209
0.053845000000000004;0.042597660459730444
0.0539;0.04362842080690473
0.053955;0.04469115132668234
0.05401;0.045787031622062976
0.054065;0.04691729118846184
0.05412;0.04808321174252318
0.054175;0.049286129665554616
0.05423;0.05052743856700122
0.054285;0.05180859197371245
0.05434;0.05313110615088734
0.054395;0.05449656306073447
0.054450000000000005;0.055906613465212626
0.054505000000000005;0.05736298017917922
0.054560000000000004;0.05886746148065268
0.054615000000000004;0.060421934684872405
0.05467;0.06202835988902101
0.054725;0.06368878389452323
0.05478;0.06540534431390743
0.054835;0.06718027386920757
0.05489;0.06901590488878354
0.054945;0.07091467400931736
0.055;0.07287912708962398
0.055055;0.07491192434244728
0.05511;0.07701584569017231
0.055165;0.07919379634970128
0.055220000000000005;0.08144881265111942
0.055275000000000005;0.08378406809394409
0.055330000000000004;0.08620287964356875
0.055385000000000004;0.08870871426925636
0.05544;0.0913051957235681
0.055495;0.09399611156095158
0.05555;0.09678542039132375
0.055605;0.09967725936142523
0.05566;0.10267595185392146
0.055715;0.10578601539037827
0.05577;0.10901216971999116
0.055825;0.11235934507093004
0.05588;0.11583269053552063
0.055935;0.11943758255370071
0.055990000000000005;0.12317963345153737
0.056045000000000005;0.12706469998281664
0.056100000000000004;0.131098891811745
0.056155000000000004;0.13528857986304846
0.05621;0.1396404044529875
0.056265;0.14416128309962742
0.05632;0.14885841789417345
0.056375;0.15373930229597718
0.05643;0.15881172719254136
0.056485;0.16408378604179857
0.05654;0.16956387888727695
0.056595;0.17526071500660895
0.05665;0.18118331392103498
0.056705000000000005;0.18734100445643462
0.056760000000000005;0.1937434215065434
0.056815000000000004;0.20040050010468458
0.056870000000000004;0.20732246636212462
0.056925;0.2145198247799396
0.05698;0.2220033413847514
0.057035;0.22978402208055412
0.05709;0.23787308554624154
0.057145;0.2462819299439524
0.0572;0.2550220926381454
0.057255;0.2641052020590411
0.05731;0.2735429207804068
0.057365;0.2833468788218258
0.05742;0.2935285961321286
0.057475000000000005;0.30409939316907825
0.057530000000000005;0.3150702884617486
0.057585000000000004;0.3264518820353627
0.057640000000000004;0.3382542235958892
0.057695;0.3504866644246983
0.05775;0.36315769202606424
0.057805;0.3762747467142884
0.05786;0.38984401953141934
0.057915;0.40387023116233445
0.05797;0.4183563918698449
0.058025;0.4333035429233005
0.05808;0.448710480544746
0.058135;0.4645734640595927
0.05819;0.48088591071552367
0.058245000000000005;0.49763808052707603
0.058300000000000005;0.514816755508151
0.058355000000000004;0.5324049187592075
0.058410000000000004;0.5503814400574395
0.058465;0.5687207758247959
0.05852;0.5873926925759528
0.058575;0.6063620241172225
0.05863;0.6255884738050358
0.058685;0.6450264739963909
0.05874;0.6646251153349111
0.058795;0.6843281586167937
0.05885;0.7040741415640112
0.058905;0.7237965918065837
0.058960000000000005;0.7434243556592572
0.059015000000000005;0.7628820498249377
0.059070000000000004;0.7820906399490642
0.059125000000000004;0.8009681460324132
0.05918;0.8194304701722168
0.059235;0.837392337109075
0.05929;0.8547683328239966
0.059345;0.8714740212345367
0.0594;0.8874271141952316
0.059455;0.9025486658502316
0.05951;0.9167642592372904
0.059565;0.9300051511988727
0.05962;0.9422093413269874
0.059675;0.9533225319929312
0.059730000000000005;0.9632989494913953
0.059785000000000005;0.9721020008616699
0.059840000000000004;0.9797047468011237
0.059895000000000004;0.9860901779314173
0.05995;0.991251289106306
0.060005;0.995190954015233
0.06006;0.9979216095897466
0.060115;0.9994647662492078
0.06017;0.9998503654852262
0.060225;0.9991160104358437
0.06028;0.9973060978011229
0.060335;0.9944708806740931
0.06039;0.9906654916781393
0.060445;0.9859489543721577
0.060500000000000005;0.9803832084272374
0.060555000000000005;0.9740321708493842
0.060610000000000004;0.9669608517911121
0.060665000000000004;0.9592345395161727
0.06072;0.9509180650920755
0.060775;0.9420751535747277
0.06083;0.9327678649692219
0.060885;0.9230561252046137
0.06094;0.9129973448060239
0.060995;0.9026461209095453
0.06105;0.8920540167299186
0.061105;0.8812694115301166
0.06116;0.8703374134992685
0.061215000000000006;0.8592998276672468
0.061270000000000005;0.848195171001868
0.061325000000000005;0.8370587270888731
0.061380000000000004;0.8259226332241284
0.061435000000000003;0.8148159932992534
0.06149;0.8037650104895362
0.061545;0.7927931344200615
0.0616;0.7819212181585405
0.061655;0.771167681041741
0.06171;0.760548673965487
0.061765;0.7500782443474319
0.06182;0.7397684984981647
0.061875;0.7296297596068608
0.06193;0.7196707199607371
0.061985000000000005;0.7098985863771391
0.062040000000000005;0.7003192181321922
0.062095000000000004;0.6909372569286243
0.062150000000000004;0.6817562486574583
0.062205;0.6727787568836834
0.06226;0.6640064681243308
0.062315;0.6554402890973473
0.06237;0.6470804362023207
0.062425;0.6389265175558956
0.06248;0.6309776079479392
0.06253500000000001;0.623232317112253
0.06259;0.6156888517212126
0.062645;0.6083450715197899
0.0627;0.6011985400119024
0.062755;0.5942465701042456
0.06281;0.5874862650999055
0.062865;0.5809145554178791
0.06292;0.574528231396498
0.062975;0.5683239725189652
0.06303;0.5622983733781936
0.063085;0.5564479666776946
0.06314;0.5507692435440343
0.063195;0.5452586714061868
0.06325;0.5399127096774967
0.063305;0.5347278234565923
0.06336;0.5297004954462798
0.063415;0.5248272362720976
0.06347;0.5201045933664549
0.063525;0.5155291585694928
0.06358;0.5110975745843076
0.063635;0.5068065404112572
0.06369;0.5026528158750068
0.063745;0.4986332253474258
0.0638;0.49474466076072005
0.06385500000000001;0.49098408399837234
0.06391000000000001;0.4873485287472748
0.06396500000000001;0.48383510189681084
0.06402000000000001;0.48044098458626205
0.06407500000000001;0.4771634330536532
0.06413;0.4739997795988121
0.064185;0.4709474345055253
0.06424;0.46800389185989455
0.064295;0.46516675277759273
0.06435;0.4624338603125418
0.064405;0.45980511932094703
0.06446;0.45735779057872805
0.064515;0.45483598898705463
0.06457;0.452494771111349
0.064625;0.4502477226415813
0.06468;0.4480920201315588
0.064735;0.44602563973803083
0.06479;0.4440467134004401
0.064845;0.44215345609991497
0.0649;0.4403441496632331
0.064955;0.43861713707540956
0.06501;0.4369708195166659
0.065065;0.4354036542788747
0.06512;0.4339141530183041
0.065175;0.43250088015866867
0.06523;0.4311624513739654
0.065285;0.4298975321221525
0.06534000000000001;0.42870483621743605
0.06539500000000001;0.4275831244359511
0.06545000000000001;0.4265312031527216
0.06550500000000001;0.42554792300901834
0.06556000000000001;0.4246321776101082
0.065615;0.4237829022533039
0.06567;0.4229990726864624
0.065725;0.42227970389693376
0.06578;0.42162384893091875
0.065835;0.4210305977430803
0.06589;0.4204990760761359
0.065945;0.42002844437013365
0.066;0.419617896700915
0.066055;0.41926665974731386
0.06611;0.41897399178648803
0.066165;0.41873918171676694
0.06622;0.4185615481073198
0.066275;0.4184404382739557
0.06633;0.41837522738025384
0.066385;0.4183653175632717
0.06644;0.4184101370830808
0.066495;0.41850913949517043
0.06655;0.4186618028450469
0.066605;0.4188676288840651
0.06666;0.4191261423057195
0.066715;0.4194368900015395
0.06677;0.41979944033567496
0.066825;0.4202133824374351
0.06688000000000001;0.420678325510826
0.06693500000000001;0.42119389816036074
0.06699000000000001;0.4217597477322154
0.06704500000000001;0.4223755396699827
0.0671;0.42304095688416715
0.067155;0.423755699134655
0.06721;0.4245194824253537
0.067265;0.4253320384101938
0.06732;0.42619311380977837
0.067375;0.42710246983790906
0.06743;0.42805988163717984
0.067485;0.4290651377230238
0.06754;0.4301180394353855
0.067595;0.43121840039735626
0.06765;0.4323660459801368
0.067705;0.43356081277348235
0.06776;0.43480254806113844
0.067815;0.43609110930054146
0.06787;0.43742636360605996
0.067925;0.4388081872352987
0.06798;0.44023646507771513
0.068035;0.4417110901450095
0.06809;0.4432319630626962
0.068145;0.4447989915622119
0.0682;0.4464120899731083
0.068255;0.44807117871464774
0.06831;0.4497761837863748
0.06836500000000001;0.45152703625706675
0.06842000000000001;0.4533236717515745
0.06847500000000001;0.45516602993508865
0.06853000000000001;0.4570540539943063
0.06858500000000001;0.4589876901150767
0.06864;0.4609668869560266
0.068695;0.4629915951178168
0.06875;0.46506176660753834
0.068805;0.4671773542979544
0.06886;0.46933831138109083
0.068915;0.47154459081593997
0.06897;0.47379614476992543
0.069025;0.47609292405377424
0.06908;0.4784348775496089
0.069135;0.48082195163188124
0.06919;0.48325408958113997
0.069245;0.48573123099015014
0.0693;0.4882533111624699
0.069355;0.4908202605032356
0.06941;0.4934320039020609
0.069465;0.49608846010803825
0.06952;0.4987895410967987
0.069575;0.5015351514297218
0.06963;0.5043251876053222
0.069685;0.5071595374029537
0.06974;0.5100380792190737
0.069795;0.5129606813961893
0.06985000000000001;0.5159272015451338
0.06990500000000001;0.5189374858604222
0.06996000000000001;0.52199136842998
0.07001500000000001;0.5250886705391308
0.07007000000000001;0.5282291999698678
0.070125;0.5314127502960033
0.07018;0.5346391001753975
0.070235;0.5379080126399481
0.07029;0.541219234385056
0.070345;0.5445724950597558
0.0704;0.5479675065596362
0.070455;0.5514039623246003
0.07051;0.5548815366443782
0.070565;0.5583998839752248
0.07062;0.5619586382723741
0.070675;0.5655574123440757
0.07073;0.5691957972354257
0.070785;0.5728733616528268
0.07084;0.576589651445476
0.070895;0.580344189167429
0.07095;0.5841364737573176
0.071005;0.5879659803953324
0.07106;0.5918321606386472
0.071115;0.5957344430172389
0.07117;0.599672234439958
0.071225;0.6036449231434421
0.07128;0.6076518848938744
0.071335;0.6116924970702249
0.07139000000000001;0.6157661762229318
0.07144500000000001;0.6198725156349262
0.07150000000000001;0.624012658637437
0.07155500000000001;0.6637271759601819
0.07161000000000001;0.6630066601265906
0.071665;0.6630806796280148
0.07172;0.6635475801655721
0.071775;0.6642611163263843
0.07183;0.6651487887299377
0.071885;0.6661685604541455
0.07194;0.6672935640724798
0.071995;0.6685054348429067
0.07205;0.6697909836555084
0.072105;0.6711403702826645
0.07216;0.6725460260421726
0.072215;0.6740019820180898
0.07227;0.675503430998411
0.072325;0.6770464311178275
0.07238;0.6786276990991462
0.072435;0.6802444621809105
0.07249;0.6818943496587901
0.072545;0.683575311870621
0.0726;0.6852855586305602
0.072655;0.6870235117248431
0.07271;0.6887877677559849
0.072765;0.6905770687246507
0.07282;0.6923902784801368
0.07287500000000001;0.6942263636797534
0.07293000000000001;0.6960843782533499
0.07298500000000001;0.6979634506219505
0.07304000000000001;0.6998627731019083
0.07309500000000001;0.7017815930589991
0.07315;0.7037192054755959
0.073205;0.7056749466677011
0.07326;0.7076481889444822
0.073315;0.7096383360456153
0.07337;0.7116448192244283
0.073425;0.7136670938706717
0.07348;0.7157046365865013
0.073535;0.7177569426451949
0.07359;0.7198235237748152
0.073645;0.7219039062188221
0.0737;0.7239976290340414
0.073755;0.7261042425927935
0.07381;0.7282233072613553
0.073865;0.7303543922314721
0.07392;0.7324970744849741
0.073975;0.7346509378748056
0.07403;0.7368155723081187
0.074085;0.7389905730191582
0.07414;0.7411755399214365
0.074195;0.743370077030186
0.07425;0.7455737919471619
0.074305;0.747786295401124
0.07436000000000001;0.7500072008380625
0.07441500000000001;0.7522361240560014
0.07447000000000001;0.7544726828799396
0.07452500000000001;0.7567164968729552
0.07458000000000001;0.7589671870800495
0.074635;0.7612243758016515
0.07469;0.7634876863940837
0.074745;0.7657567430947093
0.0748;0.7680311708694673
0.074855;0.7703105952810798
0.07491;0.772594642376123
0.074965;0.7748829385896014
0.07502;0.7771751106655409
0.075075;0.7794707855924453
0.07513;0.7817695905525637
0.075185;0.784071152883942
0.07524;0.7863751000543356
0.075295;0.7886810596462817
0.07535;0.7909886593524416
0.075405;0.793297526980675
0.07546;0.7956072904681531
0.075515;0.7979175779039464
0.07557;0.8002280175595794
0.075625;0.8025382379270704
0.07568;0.8048478677639898
0.075735;0.8071565361451
0.07579;0.8094638725202233
0.07584500000000001;0.8117695067779624
0.07590000000000001;0.8140730693148753
0.07595500000000001;0.8163741911098237
0.07601000000000001;0.8186725038031624
0.07606500000000001;0.8209676397805005
0.07612000000000001;0.8232592322606834
0.076175;0.8255469153877614
0.07623;0.8278303243267625
0.076285;0.8301090953627719
0.07634;0.8323828660033786
0.076395;0.834651275084028
0.07645;0.8369139628760573
0.076505;0.8391705711973821
0.07656;0.8414207435252754
0.076615;0.843664125111318
0.07667;0.8459003630981583
0.076725;0.8481291066377911
0.07678;0.8503500070113309
0.076835;0.8525627177498175
0.07689;0.8547668947560649
0.076945;0.8569621964271094
0.077;0.8591482837772481
0.077055;0.8613248205611845
0.07711;0.8634914733972555
0.077165;0.8656479118905377
0.07722;0.867793808755017
0.077275;0.8699288399355726
0.07733;0.8720526847285122
0.07738500000000001;0.8741650259008212
0.07744000000000001;0.8762655498078452
0.07749500000000001;0.8783539465088273
0.07755000000000001;0.8804299098801255
0.07760500000000001;0.8824931377255254
0.07766;0.8845433318832511
0.077715;0.8865801983291364
0.07777;0.8886034472752612
0.077825;0.8906127932633454
0.07788;0.8926079552520556
0.077935;0.8945886566971288
0.07799;0.8965546256230398
0.078045;0.8985055946847077
0.0781;0.9004413012172092
0.078155;0.9023614872711827
0.07821;0.9042658996306786
0.078265;0.9061542898096296
0.07832;0.9080264140216862
0.078375;0.9098820331166992
0.07843;0.911720912474784
0.078485;0.9135428218459672
0.07854;0.9153475351188407
0.078595;0.9171348299955592
0.07865;0.9189044875412773
0.078705;0.9206562915628167
0.07876;0.9223900277510082
0.078815;0.9241054824904251
0.07887000000000001;0.9258024411914677
0.07892500000000001;0.9274806859222339
0.07898000000000001;0.9291399919893961
0.07903500000000001;0.9307801228998149
0.07909000000000001;0.9324008227524977
0.07914500000000001;0.934001804413164
0.0792;0.935582730491637
0.079255;0.9371431814638583
0.07931;0.9386825995491088
0.079365;0.9402001837454087
0.07942;0.9416946780659997
0.079475;0.9431639003687805
0.07953;0.9446035460164414
0.079585;0.9460035151398978
0.07964;0.9473326335951598
0.079695;0.9484213748773387
0.07975;0.955699019975306
0.079805;0.9522766050489969
0.07986;0.9533884069390162
0.079915;0.9546314229156688
0.07997;0.9558946996321527
0.080025;0.9571542447610074
0.08008;0.9584017742608987
0.080135;0.9596336574903532
0.08019;0.9608480493268062
0.080245;0.9620439128132514
0.0803;0.9632206222860998
0.08035500000000001;0.9643777809684322
0.08041000000000001;0.9655151289728257
0.08046500000000001;0.966632493407507
0.08052000000000001;0.9677297596842772
0.08057500000000001;0.9688068541991192
0.08063000000000001;0.9698637334399274
0.080685;0.9709003768894255
0.08074;0.9719167822544407
0.080795;0.9729129621680941
0.08085;0.9738889418508834
0.080905;0.974844757411878
0.08096;0.9757804545863409
0.081015;0.9766960877769403
0.08107;0.9775917193097026
0.081125;0.9784674188441599
0.08118;0.9793232628959327
0.081235;0.9801593344421017
0.08129;0.9809757225884356
0.081345;0.9817725222830989
0.0814;0.9825498340657771
0.081455;0.9833077638438995
0.08151;0.9840464226897871
0.081565;0.9847659266541299
0.08162;0.9854663965921181
0.081675;0.9861479579997013
0.08173;0.9868107408577362
0.081785;0.9874548794824938
0.08184;0.9880805123812597
0.08189500000000001;0.9886877821120629
0.08195000000000001;0.9892768351467447
0.08200500000000001;0.989847821736796
0.08206000000000001;0.9904008957815388
0.08211500000000001;0.9909362146982098
0.08217;0.9914539392937517
0.082225;0.9919542336380863
0.08228;0.9924372649386611
0.082335;0.9929032034162186
0.08239;0.9933522221816786
0.082445;0.9937844971140422
0.0825;0.9942002067393857
0.082555;0.9945995321107779
0.08261;0.9949826566892634
0.082665;0.9953497662258263
0.08272;0.9957010486443831
0.082775;0.9960366939258264
0.08283;0.9963568939931569
0.082885;0.996661842597707
0.08294;0.996951735206531
0.082995;0.9972267688909626
0.08305;0.9974871422164217
0.083105;0.9977330551334515
0.08316;0.9979647088700888
0.083215;0.9981823058255691
0.08327;0.9983860494654108
0.083325;0.9985761442179445
0.08338000000000001;0.9987527953722578
0.08343500000000001;0.9989162089776968
0.08349000000000001;0.9990665917448684
0.08354500000000001;0.9992041509481834
0.08360000000000001;0.999329094330069
0.08365500000000001;0.9994416300067378
0.08371;0.9995419663756493
0.083765;0.9996303120246589
0.08382;0.9997068756428441
0.083875;0.999771865933091
0.08393;0.9998254915264186
0.083985;0.9998679608980569
0.08404;0.99989948228534
0.084095;0.9999202636073741
0.08415;0.9999305123865123
0.084205;0.9999304356716807
0.08426;0.9999202399634972
0.084315;0.999900131141259
0.08437;0.999870314391749
0.084425;0.9998309941398964
0.08448;0.9997823739812892
0.084535;0.9997246566165157
0.08459;0.9996580437873637
0.084645;0.9995827362148514
0.0847;0.9994989335390934
0.084755;0.999406834261003
0.08481;0.9993066356857875
0.08486500000000001;0.999198533868293
0.08492000000000001;0.9990827235601113
0.08497500000000001;0.998959398158479
0.08503000000000001;0.998828749656971
0.08508500000000001;0.9986909685979447
0.08514000000000001;0.9985462440266893
0.085195;0.9983947634473533
0.08525;0.9982367127805479
0.085305;0.9980722763245886
0.08536;0.997901636706486
0.085415;0.9977249748647932
0.08547;0.9975424699933672
0.085525;0.9973542995176125
0.08558;0.9971606390597159
0.085635;0.996961662407698
0.08569;0.996757541485862
0.085745;0.9965484463268784
0.0858;0.9963345450452213
0.085855;0.9961160038121716
0.08591;0.9958929868322253
0.085965;0.995665656320787
0.08602;0.9954341724834707
0.086075;0.9951986934962187
0.08613;0.9949593754887738
0.086185;0.9947163725246312
0.08624;0.9944698365886088
0.086295;0.9942199175709295
0.08635;0.9939667632544404
0.08640500000000001;0.9937105193025755
0.08646000000000001;0.9934513292486217
0.08651500000000001;0.9931893344860476
0.08657000000000001;0.9929246742599095
0.08662500000000001;0.9926574856593845
0.08668000000000001;0.9923879036113236
0.086735;0.9921160608747912
0.08679;0.9918420880366609
0.086845;0.9915661135081167
0.0869;0.9912882635221169
0.086955;0.9910086621317468
0.08701;0.9907274312094804
0.087065;0.9904446904472846
0.08712;0.9901605573575186
0.087175;0.9898751472747014
0.08723;0.9895885733579894
0.087285;0.9893009465944657
0.08734;0.9890123758030938
0.087395;0.9887229676394217
0.08745;0.9884328266009424
0.087505;0.9881420550331005
0.08756;0.9878507531359343
0.087615;0.987559018971351
0.08767;0.9872669484708965
0.087725;0.9869746354442089
0.08778;0.9866821715879077
0.087835;0.9863896464950367
0.08789000000000001;0.9860971476649991
0.08794500000000001;0.9858047605139705
0.08800000000000001;0.9855125683857422
0.08805500000000001;0.985220652563015
0.08811000000000001;0.9849290922790993
0.08816500000000001;0.9846379647299882
0.08822;0.9843473450868377
0.088275;0.9840573065087616
0.08833;0.9837679201559905
0.088385;0.9834792552033285
0.08844;0.9831913788539163
0.088495;0.9829043563532809
0.08855;0.9826182510036242
0.088605;0.9823331241784116
0.08866;0.9820490353371204
0.088715;0.9817660420402768
0.08877;0.9814841999646413
0.088825;0.9812035629185987
0.08888;0.9809241828577279
0.088935;0.9806461099005055
0.08899;0.9803693923441792
0.089045;0.98009407668074
0.0891;0.9798202076130368
0.089155;0.9795478280709757
0.08921;0.9792769792278224
0.089265;0.9790077005165576
0.08932;0.9787400296463431
0.08937500000000001;0.9784740026189774
0.08943000000000001;0.9782096537454567
0.08948500000000001;0.9779470156625306
0.08954000000000001;0.9776861193492825
0.08959500000000001;0.9774269941437126
0.08965000000000001;0.9771696677593622
0.08970500000000001;0.9769141663018484
0.08976;0.9766605142854662
0.089815;0.9764087346496853
0.08987;0.9761588487756494
0.089925;0.9759108765026205
0.08998;0.9756648361443495
0.090035;0.9754207445053794
0.09009;0.975178616897306
0.090145;0.9749384671549
0.0902;0.9747003076521956
0.090255;0.9744641493184173
0.09031;0.974230001653848
0.090365;0.9739978727455525
0.09042;0.9737677692830004
0.090475;0.9735396965735204
0.09053;0.973313658557644
0.090585;0.9730896578243047
0.09064;0.9728676956258749
0.090695;0.9726477718930248
0.09075;0.9724298852494426
0.090805;0.972214033026379
0.09086;0.9720002112769776
0.09091500000000001;0.9717884147904557
0.09097000000000001;0.9715786371060704
0.09102500000000001;0.9713708705268752
0.09108000000000001;0.9711651061333015
0.09113500000000001;0.9709613337964831
0.09119000000000001;0.9707595421913872
0.091245;0.9705597188097193
0.0913;0.9703618499725709
0.091355;0.9701659208428418
0.09141;0.9699719154374193
0.091465;0.9697798166390982
0.09152;0.9695896062082228
0.091575;0.9694012647940913
0.09163;0.9692147719460679
0.091685;0.9690301061244072
0.09174;0.968847244710818
0.091795;0.9686661640186969
0.09185;0.9684868393030842
0.091905;0.9683092447703053
0.09196;0.968133353587291
0.092015;0.9679591378905729
0.09207;0.9677865687949558
0.092125;0.9676156164018481
0.09218;0.9674462498072355
0.092235;0.9672784371093154
0.09229;0.9671121454157608
0.092345;0.9669473408506093
0.09240000000000001;0.9667839885607757
0.09245500000000001;0.966622052722181
0.09251000000000001;0.9664614965454845
0.09256500000000001;0.9663022822813898
0.09262000000000001;0.9661443712255721
0.09267500000000001;0.9659877237231461
0.09273;0.9658322991727151
0.092785;0.9656780560299775
0.09284;0.9655249518108652
0.092895;0.965372943094227
0.09295;0.9652219855240468
0.093005;0.9650720338111246
0.09306;0.964923041734347
0.093115;0.9647749621413306
0.09317;0.9646277469486501
0.093225;0.9644813471414594
0.09328;0.9643357127726002
0.093335;0.9641907929611285
0.09339;0.9640465358902697
0.093445;0.9639028888047919
0.0935;0.9637597980077545
0.093555;0.9636172088566715
0.09361;0.9634750657589857
0.093665;0.9633333121669462
0.09372;0.9631918905717828
0.093775;0.9630507424972015
0.09383;0.9629098084921858
0.09388500000000001;0.9627690281230592
0.09394000000000001;0.9626283399648623
0.09399500000000001;0.962487681591804
0.09405000000000001;0.9623469895672488
0.09410500000000001;0.9622061994325294
0.09416000000000001;0.962065245695213
0.09421500000000001;0.961924061816411
0.09427;0.961782580197225
0.094325;0.9616407321643371
0.09438;0.9614984479546503
0.094435;0.9613556566990107
0.09449;0.9612122864049635
0.094545;0.9610682639385104
0.0946;0.9609235150048383
0.094655;0.9607779641280251
0.09471;0.9606315346296376
0.094765;0.9604841486062525
0.09482;0.9603357269058023
0.094875;0.9601861891027774
0.09493;0.9600354534722081
0.094985;0.9598834369624131
0.09504;0.9597300551664493
0.095095;0.9595752222922879
0.09515;0.9594188511315915
0.095205;0.9592608530271391
0.09526;0.9591011378387757
0.095315;0.9589396139079361
0.09537000000000001;0.9587761880205996
0.09542500000000001;0.9586107653687063
0.09548000000000001;0.958443249509959
0.09553500000000001;0.9582735423259541
0.09559000000000001;0.9581015439786081
0.09564500000000001;0.9579271528648166
0.09570000000000001;0.9577502655693121
0.095755;0.957570776815606
0.09581;0.9573885794150522
0.095865;0.9572035642138955
0.09592;0.9570156200382587
0.095975;0.9568246336370371
0.09603;0.9566304896226029
0.096085;0.9564330704092432
0.09614;0.9562322561493091
0.096195;0.9560279246669554
0.09625;0.9558199513894099
0.096305;0.9556082092756956
0.09636;0.9553925687427527
0.096415;0.9551728975888061
0.09647;0.9549490609139671
0.096525;0.9547209210379468
0.09658;0.954488337414785
0.096635;0.9542511665445008
0.09669;0.9540092618815699
0.096745;0.9537624737401565
0.0968;0.9535106491958979
0.096855;0.9532536319842768
0.09691000000000001;0.9529912623953292
0.09696500000000001;0.9527233771646549
0.09702000000000001;0.9524498093605859
0.09707500000000001;0.9521703882673769
0.09713000000000001;0.9518849392643083
0.09718500000000001;0.9515932837005453
0.09724000000000001;0.9512952387656305
0.097295;0.950990617355454
0.09735;0.9506792279335926
0.097405;0.9503608743877694
0.09746;0.950035355881409
0.097515;0.9497024666999971
0.09757;0.9493619960921563
0.097625;0.9490137281052374
0.09768;0.948657441415237
0.097735;0.9482929091508968
0.09779;0.9479198987116585
0.097845;0.9475381715795418
0.0979;0.9471474831243843
0.097955;0.9467475824025202
0.09801;0.9463382119487477
0.098065;0.9459191075606354
0.09812;0.9454899980762432
0.098175;0.9450506051436466
0.09823;0.9446006429829333
0.098285;0.9441398181400539
0.09834;0.9436678292322885
0.09839500000000001;0.9431843666851324
0.09845000000000001;0.942689112460268
0.09850500000000001;0.9421817397743707
0.09856000000000001;0.9416619128083872
0.09861500000000001;0.9411292864071016
0.09867000000000001;0.9405835057685527
0.09872500000000001;0.940024206123059
0.09878;0.9394510124015096
0.098835;0.9388635388925574
0.09889;0.9382613888884215
0.098945;0.937644154318901
0.099;0.9370114153732519
0.099055;0.9363627401095916
0.09911;0.9356976840513876
0.099165;0.9350157897707476
0.09922;0.9343165864580174
0.099275;0.933599589477358
0.09933;0.9328642999079012
0.099385;0.9321102040700386
0.09944;0.9313367730364589
0.099495;0.9305434621275319
0.09955;0.9297297103905929
0.099605;0.9288949400627412
0.09966;0.9280385560166907
0.099715;0.9271599451893161
0.09977;0.9262584759924327
0.099825;0.9253334977054049
0.09988000000000001;0.9243843398492017
0.09993500000000001;0.9234103115415002
0.09999000000000001;0.922410700832422
0.10004500000000001;0.9213847740205969
0.10010000000000001;0.9203317749491164
0.10015500000000001;0.9192509242811652
0.10021000000000001;0.9181414187548957
0.100265;0.9170024304173904
0.10032;0.9158331058373953
0.100375;0.9146325652966987
0.10043;0.9133999019599636
0.100485;0.9121341810229485
0.10054;0.9108344388391307
0.100595;0.9094996820247975
0.10065;0.9081288865427153
0.100705;0.9067209967647752
0.10076;0.905274924513946
0.100815;0.9037895480861887
0.10087;0.9022637112530936
0.100925;0.9006962222463603
0.10098;0.8990858527254625
0.101035;0.8974313367303681
0.10109;0.8957313696216618
0.101145;0.8939846070112839
0.1012;0.8921896636880597
0.101255;0.8903451125438833
0.10131;0.8884494835084986
0.101365;0.8865012625044181
0.10142000000000001;0.884498890438698
0.10147500000000001;0.8824407622569412
0.10153000000000001;0.8803252260989602
0.10158500000000001;0.8781505826195658
0.10164000000000001;0.8759150845806657
0.10169500000000001;0.8736169368989057
0.10175000000000001;0.8712542974830728
0.101805;0.8688252794969014
0.10186;0.8663279563232358
0.101915;0.8637603719589259
0.10197;0.8611205631317097
0.102025;0.8584066090329219
0.10208;0.855616753724465
0.102135;0.8527497497785301
0.10219;0.849806026888615
0.102245;0.8467930531661316
0.1023;0.8437681262719923
0.102355;0.8429641956040091
0.10241;0.8376413377906238
0.102465;0.8338003742156284
0.10252;0.8302528624884723
0.102575;0.8266431895924448
0.10263;0.8229406029357574
0.102685;0.8191363099599008
0.10274;0.8152255041003548
0.102795;0.8112044451596003
0.10285;0.8070697333219964
0.10290500000000001;0.8028180777878807
0.10296000000000001;0.7984462102806611
0.10301500000000001;0.7939508493926997
0.10307000000000001;0.7893286854121999
0.10312500000000001;0.7845763744235066
0.10318000000000001;0.7796905370997559
0.10323500000000001;0.7746677601637793
0.10329;0.7695045995722797
0.103345;0.7641975849663829
0.1034;0.7587432251689945
0.103455;0.753138014629055
0.10351;0.7473784407777091
0.103565;0.7414609922975782
0.10362;0.735382168327081
0.103675;0.7291384886343593
0.10373;0.7227265048031638
0.103785;0.7161428124769272
0.10384;0.7093840647101828
0.103895;0.7024469864767489
0.10395;0.6953283903835914
0.104005;0.6880251936374348
0.10406;0.6805344363081806
0.104115;0.6728533009285677
0.10417;0.6649791334644995
0.104225;0.6569094656827138
0.10428;0.6486420389346179
0.104335;0.6401748293643811
0.10439000000000001;0.6315060745379523
0.10444500000000001;0.622634301475572
0.10450000000000001;0.6135583560545311
0.10455500000000001;0.6042774337316784
0.10461000000000001;0.5947911115142052
0.10466500000000001;0.585099381086201
0.10472000000000001;0.5752026829731955
0.10477500000000001;0.5651019416007915
0.10483;0.5547986010747415
0.104885;0.5442946614791493
0.10494;0.5335927154570778
0.104995;0.5226959848039919
0.10505;0.5116083567691335
0.105105;0.5003344197248614
0.10516;0.4888794978273098
0.105215;0.4772496842568038
0.10527;0.4654518725925836
0.105325;0.4534937858437765
0.10538;0.4413840026305513
0.105435;0.42913197998339436
0.10549;0.41674807221030863
0.105545;0.40424354526716527
0.1056;0.3916305860617535
0.105655;0.37892230612486466
0.10571;0.36613273909446026
0.105765;0.3532768314834556
0.10582;0.3403704262376627
0.105875;0.32743023863762105
0.10593000000000001;0.31447382416175046
0.10598500000000001;0.30151953800156694
0.10604000000000001;0.2885864860087452
0.10609500000000001;0.27569446695542077
0.10615000000000001;0.2628639061006173
0.10620500000000001;0.250115780181356
0.10626000000000001;0.23747153407716617
0.106315;0.22495298953724296
0.10637;0.21258224650136823
0.106425;0.2003815776892984
0.10648;0.1883733172747188
0.106535;0.17657974459464756
0.10659;0.16502296397018984
0.106645;0.15372478182724397
0.1067;0.14270658239936326
0.106755;0.13198920337109593
0.10681;0.12159281287051554
0.106865;0.111536789246621
0.10692;0.10183960506600974
0.106975;0.09251871673420868
0.10703;0.08359046108980159
0.107085;0.07506996023501454
0.10714;0.06697103575481982
0.107195;0.05930613334348333
0.10725;0.05208625870070223
0.107305;0.04532092538930817
0.10736;0.03901811516020382
0.10741500000000001;0.03318425105860982
0.10747000000000001;0.027824183428872894
0.10752500000000001;0.022941188740206137
0.10758000000000001;0.01853698096755867
0.10763500000000001;0.014611735082502183
0.10769000000000001;0.011164122045269094
0.10774500000000001;0.00819135454222498
0.1078;0.005689242586197639
0.107855;0.003652257992858419
0.10791;0.0020736066651516546
0.107965;0.0009453075604108172
0.10802;0.0002582771814494782
0.108075;2.418421956505291e-06
0.10813;0.00016671260747072567
0.108185;0.0007393136034905241
0.10824;0.0017076429101348953
0.108295;0.003058484725444094
0.10835;0.004778080034536893
0.108405;0.006852218866389483
0.10846;0.009266329951666766
0.108515;0.012005567110961691
0.10857;0.015054891800729353
0.108625;0.018399151342104413
0.10868;0.02202315245318926
0.108735;0.025911729797562143
0.10879;0.030049809348522645
0.108845;0.034422466449131606
0.10890000000000001;0.03901497852196916
0.10895500000000001;0.04381287244872414
0.10901000000000001;0.04880196669820602
0.10906500000000001;0.0539684083321802
0.10912000000000001;0.05929870506094255
0.10917500000000001;0.0647797525566288
0.10923000000000001;0.07039885725984632
0.10928500000000001;0.07614375493753438
0.10934;0.08200262526509465
0.109395;0.0879641027160945
0.10945;0.09401728404781476
0.109505;0.10015173267191553
0.10956;0.10635748019616724
0.109615;0.11262502541766212
0.10967;0.11894533103842692
0.109725;0.12530981836448965
0.10978;0.1317103602361139
0.109835;0.13813927242382718
0.10989;0.14458930371011694
0.109945;0.1510536248616318
0.11;0.1575258166815451
0.110055;0.16399985731639255
0.11011;0.17047010897664433
0.110165;0.17693130421575612
0.11022;0.18337853189789224
0.110275;0.18980722297153266
0.11033;0.19621313615275848
0.110385;0.2025923436101729
0.11044000000000001;0.20894121673215155
0.11049500000000001;0.2152564120462889
0.11055000000000001;0.22153485735136513
0.11060500000000001;0.22777373811318286
0.11066000000000001;0.2339704841673218
0.11071500000000001;0.24012275676455594
0.11077000000000001;0.24622843598772398
0.110825;0.2522856085631325
0.11088;0.2582925560837159
0.110935;0.26424774365684667
0.11099;0.27014980898489854
0.111045;0.27599755188336383
0.1111;0.2817899242379117
0.111155;0.2875260203987366
0.11121;0.2932050680084001
0.111265;0.29882641925724707
0.11132;0.30438954255846606
0.111375;0.3098940146337646
0.11143;0.3153395129991679
0.111485;0.3207258088396595
0.11154;0.32605276026059915
0.111595;0.33132030590306816
0.11165;0.3365284589103118
0.111705;0.3416773012318284
0.11176;0.3467669782515904
0.111815;0.3517976937270114
0.11187;0.3567697050250403
0.11192500000000001;0.36168331864223674
0.11198000000000001;0.36653888599560996
0.11203500000000001;0.3713367994712463
0.11209000000000001;0.3760774887184626
0.11214500000000001;0.380761417176788
0.11220000000000001;0.38538907882430734
0.11225500000000001;0.3899609951356199
0.11231000000000001;0.39447771223834727
0.112365;0.3989397982575482
0.11242;0.4033478408376881
0.112475;0.4077024448323454
0.11253;0.4120042301521502
0.112585;0.41625382976208014
0.11264;0.4204518878190066
0.112695;0.42459905794235403
0.11275;0.42869600160844906
0.112805;0.4327433866625746
0.11286;0.43674188594090085
0.112915;0.4406921759956816
0.11297;0.44459493591761984
0.113025;0.4484508462489385
0.11308;0.45226058798196056
0.113135;0.45602484163730955
0.11319;0.4597442864171262
0.113245;0.46341959942805294
0.1133;0.46705145496976597
0.113355;0.4706405238846461
0.11341000000000001;0.4741874729645514
0.11346500000000001;0.4776929644109229
0.11352000000000001;0.48115765534470817
0.11357500000000001;0.4845821973626347
0.11363000000000001;0.4879672361367609
0.11368500000000001;0.4913134110542756
0.11374000000000001;0.49462135489486225
0.11379500000000001;0.49789169354282475
0.11385;0.5011250457317642
0.113905;0.5043220228192767
0.11396;0.5074832285896739
0.114015;0.5106092590825742
0.11407;0.5137007024456236
0.114125;0.5167581388092161
0.11418;0.5197821401826979
0.114235;0.5227732703676762
0.11429;0.5257320848916303
0.114345;0.5286591309553078
0.1144;0.5315549473964685
0.114455;0.53442006466703
0.11451;0.5372550048226759
0.114565;0.5400602815245097
0.11462;0.5428364000509137
0.114675;0.5455838573195411
0.11473;0.5483031419181783
0.114785;0.5509947341431878
0.11484;0.5536591060463546
0.11489500000000001;0.5562967214875894
0.11495000000000001;0.5589080361941904
0.11500500000000001;0.5614934978254104
0.11506000000000001;0.5640535460420166
0.11511500000000001;0.5665886125804439
0.11517000000000001;0.5690991213307005
0.11522500000000001;0.5715854884180059
0.11528000000000001;0.5740481222874122
0.11533500000000001;0.5764874237913125
0.11539;0.5789037862792712
0.115445;0.5812975956899759
0.1155;0.5836692306449318
0.115555;0.5860190625437555
0.11561;0.5883474556605905
0.115665;0.5906547672416742
0.11572;0.5929413476035978
0.115775;0.595207540232228
0.11583;0.5974536818820321
0.115885;0.5996801026756395
0.11594;0.6018871262034895
0.115995;0.6040750696234548
0.11605;0.6062442437602537
0.116105;0.608394953204588
0.11616;0.6105274964118521
0.116215;0.6126421658003738
0.11627;0.6147392478489803
0.116325;0.6168190231939787
0.11638;0.6188817667253488
0.11643500000000001;0.6209277476820944
0.11649000000000001;0.6229572297467509
0.11654500000000001;0.6249704711389841
0.11660000000000001;0.6269677247081373
0.11665500000000001;0.628949238024882
0.11671000000000001;0.6309152534716748
0.11676500000000001;0.6328660083322778
0.11682000000000001;0.6348017348800348
0.116875;0.6367226604651043
0.11693;0.6386290076005021
0.116985;0.6405209940469665
0.11704;0.6423988328966569
0.117095;0.6442627326556363
0.11715;0.6461128973251764
0.117205;0.6479495264818442
0.11726;0.6497728153563472
0.117315;0.6515829549112152
0.11737;0.6533801319172516
0.117425;0.6551645290287466
0.11748;0.6569363248575306
0.117535;0.6586956940457895
0.11759;0.6604428073377215
0.117645;0.6621778316499805
0.1177;0.6639009301409423
0.117755;0.6656122622788316
0.11781;0.6673119839086743
0.117865;0.6690002473180978
0.11792000000000001;0.6706772013020262
0.11797500000000001;0.6723429912262169
0.11803000000000001;0.6739977590897464
0.11808500000000001;0.6756416435863368
0.11814000000000001;0.6772747801646776
0.11819500000000001;0.6788973010876085
0.11825000000000001;0.6805093354903279
0.11830500000000001;0.6821110094375209
0.11836;0.6837024459794754
0.118415;0.6852837652072116
0.11847;0.686855084306615
0.118525;0.6884165176115864
0.11858;0.6899681766562881
0.118635;0.6915101702263623
0.11869;0.6930426044093164
0.118745;0.6945655826439314
0.1188;0.6960792057688282
0.118855;0.697583572070123
0.11891;0.6990787773282356
0.118965;0.700564914863838
0.11902;0.7020420755830161
0.119075;0.7035103480215283
0.11913;0.704969818388381
0.119185;0.706420570608495
0.11924;0.7078626863646978
0.119295;0.7092962451388973
0.11935;0.7107213242525532
0.11940500000000001;0.7121379989063746
0.11946000000000001;0.7135463422193516
0.11951500000000001;0.7149464252670471
0.11957000000000001;0.7163383171192094
0.11962500000000001;0.7177220848767236
0.11968000000000001;0.7190977937078816
0.11973500000000001;0.720465506884001
0.11979000000000001;0.7218252858144254
0.11984500000000001;0.7231771900808786
0.1199;0.7245212774712063
0.119955;0.7258576040125346
0.12001;0.7271862240038058
0.120065;0.7285071900477639
0.12012;0.729820553082349
0.120175;0.7311263624115415
0.12023;0.7324246657356567
0.120285;0.7337155091811104
0.12034;0.7349989373296408
0.120395;0.7362749932470047
0.12045;0.7375437185111954
0.120505;0.7388051532401397
0.12056;0.7400593361189014
0.120615;0.7413063044263958
0.12067;0.7425460940616642
0.120725;0.7437787395696358
0.12078;0.7450042741664756
0.120835;0.7462227297644435
0.12089;0.7474341369963318
0.12094500000000001;0.7486385252394849
0.12100000000000001;0.7498359226393314
0.12105500000000001;0.7510263561325761
0.12111000000000001;0.7522098514699
0.12116500000000001;0.7533864332383162
0.12122000000000001;0.7545561248830727
0.12127500000000001;0.755718948729204
0.12133000000000001;0.7568749260026547
0.121385;0.7580240768510497
0.12144;0.7591664203640595
0.121495;0.7603019745934289
0.12155;0.7614307565725881
0.121605;0.7625527823359538
0.12166;0.7636680669378282
0.121715;0.7647766244709834
0.12177;0.7658784680848562
0.121825;0.7669736100034374
0.12188;0.7680620615427968
0.121935;0.7691438331282805
0.12199;0.7702189343113721
0.122045;0.7712873737862286
0.1221;0.772349159405886
0.122155;0.7734042981981629
0.12221;0.7744527963812029
0.122265;0.7754946593787482
0.12232;0.7765298918350846
0.122375;0.7775584976296467
0.12243000000000001;0.778580479891367
0.12248500000000001;0.7795958410126882
0.12254000000000001;0.7806045826632768
0.12259500000000001;0.7816067058034314
0.12265000000000001;0.7826022106972179
0.12270500000000001;0.7835910969252484
0.12276000000000001;0.7845733633971602
0.12281500000000001;0.7855490108241391
0.12287000000000001;0.7865180345722546
0.122925;0.7874804300805276
0.12298;0.78843619469332
0.123035;0.7893853242886542
0.12309;0.7903278140552974
0.123145;0.791263658563199
0.1232;0.7921928517893638
0.123255;0.7931153871336473
0.12331;0.7940312574310273
0.123365;0.7949404549623561
0.12342;0.7958429714642371
0.123475;0.7967387981383196
0.12353;0.7976279256601367
0.123585;0.7985103441876316
0.12364;0.7993860433692526
0.123695;0.8002550123518378
0.12375;0.8011172397881243
0.123805;0.8019727138439903
0.12386;0.8028214222054391
0.12391500000000001;0.803663352085248
0.12397000000000001;0.8044984902293836
0.12402500000000001;0.805326822923108
0.12408000000000001;0.8061483359968264
0.12413500000000001;0.8069630148316482
0.12419000000000001;0.8077708443646759
0.12424500000000001;0.8085718090940144
0.12430000000000001;0.8093658930835179
0.12435500000000001;0.8101530799672333
0.12441;0.8109333529535955
0.124465;0.8117066948293459
0.12452;0.8124730879631475
0.124575;0.813232514308946
0.12463;0.8139849554090693
0.124685;0.8147303923969957
0.12474;0.8154688059999166
0.124795;0.8162001765409514
0.12485;0.8169244839411476
0.124905;0.817641707721134
0.12496;0.818351827002571
0.12501500000000002;0.8190548205092454
0.12507000000000001;0.819750666567944
0.12512500000000001;0.8204393431090172
0.12518;0.8211208276666515
0.125235;0.8217950973788836
0.12529;0.8224621289873407
0.125345;0.8231218988366321
0.1254;0.8237743828735354
0.125455;0.824419556645855
0.12551;0.8250573953010323
0.125565;0.8256878735843571
0.12562;0.8263109658371005
0.125675;0.8269266459940859
0.12573;0.8275348875812809
0.125785;0.8281356637128334
0.12584;0.8287289470879529
0.125895;0.8293147099874797
0.12595;0.8298929242701744
0.126005;0.8304635613686737
0.12606;0.8310265922852014
0.126115;0.8315819875869628
0.12617;0.8321297174012632
0.126225;0.8326697514103069
0.12628;0.8332020588457363
0.126335;0.8337266084828459
0.12639;0.8342433686345407
0.126445;0.8347523071449606
0.1265;0.8352533913828447
0.126555;0.8357465882345774
0.12661;0.8362318640969562
0.126665;0.8367091848696642
0.12672;0.837178515947442
0.126775;0.8376398222119755
0.12683;0.8380930680234945
0.126885;0.8385382172120553
0.12694;0.8389752330685786
0.126995;0.8394040783355383
0.12705;0.8398247151974179
0.127105;0.8402371052708557
0.12716;0.8406412095944783
0.127215;0.8410369886185056
0.12727;0.8414244021940371
0.127325;0.8418034095620556
0.12738;0.842173969342181
0.127435;0.8425360395211322
0.12749;0.8428895774409256
0.127545;0.8432345397868161
0.1276;0.8435708825749799
0.127655;0.8438985611399265
0.12771000000000002;0.8442175301216979
0.12776500000000002;0.844527743452823
0.12782000000000002;0.8448291543450381
0.12787500000000002;0.8451217152758144
0.12793000000000002;0.845405377974684
0.12798500000000002;0.8456800934093802
0.12804000000000001;0.8459458117718535
0.12809500000000001;0.8462024824641406
0.12815000000000001;0.8464500540841295
0.128205;0.8466884744113184
0.12826;0.8469176903925305
0.128315;0.8471376481276978
0.12837;0.8473482928558007
0.128425;0.8475495689410317
0.12848;0.8477414198592864
0.128535;0.8479237881852186
0.12859;0.8480966155799505
0.128645;0.8482598427797328
0.1287;0.8484134095859399
0.128755;0.8485572548566932
0.12881;0.8486913165007856
0.128865;0.8488155314745683
0.12892;0.848929835782851
0.128975;0.8490341644851364
0.12903;0.8491284517086375
0.129085;0.8492126306717169
0.12914;0.84928663371923
0.129195;0.8493503923769671
0.12925;0.8494038374303348
0.129305;0.8494468990385683
0.12936;0.8494795068989072
0.129415;0.8495015904833181
0.12947;0.8495130793819413
0.129525;0.8495139038064851
0.12958;0.8495039953382543
0.129635;0.8494832880591767
0.12969;0.8494517202976505
0.129745;0.8494092373914102
0.1298;0.84935579618692
0.129855;0.8492913726216933
0.12991;0.8492159750222906
0.129965;0.849129668563067
0.13002;0.8490326229013868
0.130075;0.8489252116838538
0.13013;0.8488082394853039
0.130185;0.8486835216267301
0.13024;0.8485556113068964
0.130295;0.8484382194169791
0.13035;0.8483883058640778
0.130405;0.8488811283116395
0.13046;1.6723354914294772
0.130515;0.8485465766968804
0.13057;0.8476314105088975
0.130625;0.8472657430514631
0.13068000000000002;0.8469730349248656
0.13073500000000002;0.8466928758132642
0.13079000000000002;0.8464099969797033
0.13084500000000002;0.8461190078038532
0.13090000000000002;0.8458175556250438
0.13095500000000002;0.845504439007
0.13101000000000002;0.8451789597199134
0.13106500000000001;0.8448406635543152
0.13112000000000001;0.8444892242612206
0.131175;0.8441243868294392
0.13123;0.8437459377517661
0.131285;0.8433536885166758
0.13134;0.8429474659908834
0.131395;0.8425271065820771
0.13145;0.8420924525681444
0.131505;0.8416433497161858
0.13156;0.8411796456950045
0.131615;0.8407011889903573
0.13167;0.8402078281470333
0.131725;0.839699411228431
0.13178;0.8391757854240753
0.131835;0.8386367967595638
0.13189;0.8380822898788909
0.131945;0.8375121078786714
0.132;0.8369260921802532
0.132055;0.8363240824298565
0.13211;0.83570591641989
0.132165;0.8350714300263155
0.13222;0.8344204571585891
0.132275;0.8337528297194813
0.13233;0.8330683775727806
0.132385;0.832366928517502
0.13244;0.8316483082674484
0.132495;0.8309123404353607
0.13255;0.8301588465209875
0.132605;0.8293876459026469
0.13266;0.8285985558318943
0.132715;0.8277913914310784
0.13277;0.8269659656935143
0.132825;0.8261220894862161
0.13288;0.8252595715550209
0.132935;0.8243782185320578
0.13299;0.8234778349455478
0.133045;0.8225582232318273
0.1331;0.8216191837496936
0.133155;0.8206605147970111
0.13321;0.819682012629621
0.133265;0.8186834714825648
0.13332;0.8176646835936908
0.133375;0.8166254392296796
0.13343;0.8155655267144829
0.133485;0.814484732460308
0.13354;0.8133828410011655
0.133595;0.8122596350290465
0.13365;0.8111148954327632
0.13370500000000002;0.8099484013396
0.13376000000000002;0.8087599301597415
0.13381500000000002;0.8075492576336383
0.13387000000000002;0.8063161578823155
0.13392500000000002;0.8050604034607528
0.13398000000000002;0.8037817654143632
0.13403500000000002;0.8024800133386886
0.13409000000000001;0.8011549154423342
0.13414500000000001;0.7998062386133148
0.1342;0.7984337484887752
0.134255;0.7970372095282519
0.13431;0.7956163850905047
0.134365;0.7941710375140492
0.13442;0.792700928201375
0.134475;0.7912058177070616
0.13453;0.7896854658297414
0.134585;0.788139631708073
0.13464;0.7865680739207584
0.134695;0.7849705505906842
0.13475;0.7833468194933019
0.134805;0.7816966381692473
0.13486;0.7800197640413246
0.134915;0.7783159545359152
0.13497;0.7765849672088778
0.135025;0.774826559875969
0.13508;0.773040490747898
0.135135;0.7712265185700488
0.13519;0.7693844027669203
0.135245;0.7675139035913651
0.1353;0.7656147822786138
0.135355;0.7636868012052299
0.13541;0.7617297240529052
0.135465;0.7597433159772992
0.13552;0.7577273437817238
0.135575;0.7556815760959803
0.13563;0.7536057835601223
0.135685;0.7514997390132778
0.13574;0.7493632176875434
0.135795;0.7471959974069081
0.13585;0.7449978587912215
0.135905;0.7427685854652107
0.13596;0.7405079642724938
0.136015;0.7382157854945636
0.13607;0.7358918430747735
0.136125;0.7335359348471259
0.13618;0.7311478627700632
0.136235;0.72872743316485
0.13629;0.726274456958856
0.136345;0.7237887499333374
0.1364;0.7212701329757718
0.136455;0.7187184323367073
0.13651;0.7161334798908802
0.136565;0.7135151134023021
0.13662;0.7108631767938325
0.13667500000000002;0.7081775204203705
0.13673000000000002;0.7054580013456418
0.13678500000000002;0.7027044836228462
0.13684000000000002;0.6999168385784771
0.13689500000000002;0.6970949450993023
0.13695000000000002;0.6942386899224096
0.13700500000000002;0.6913479679277947
0.13706000000000002;0.6884226824335031
0.13711500000000001;0.6854627454929592
0.13717000000000001;0.6824680781941969
0.137225;0.6794386109607822
0.13728;0.6763742838539748
0.137335;0.6732750468759929
0.13739;0.6701408602738924
0.137445;0.6669716948438038
0.1375;0.6637675322351505
0.137555;0.6605283652544095
0.13761;0.6572541981680982
0.137665;0.6539450470045599
0.13772;0.6506009398540732
0.137775;0.6472219171669302
0.13783;0.6438080320489892
0.137885;0.6403593505542179
0.13794;0.6368759519738406
0.137995;0.6333579291214575
0.13805;0.6298053886138135
0.138105;0.6262184511465542
0.13816;0.6225972517644925
0.138215;0.6189419401260813
0.13827;0.615252680760782
0.138325;0.6115296533201567
0.13838;0.6077730528206596
0.138435;0.6039830898784636
0.13849;0.6001599909355193
0.138545;0.5963039984762326
0.1386;0.5924153712342771
0.138655;0.588494384388789
0.13871;0.5845413297496267
0.138765;0.5805565159309208
0.13882;0.5765402685124037
0.138875;0.572492930187918
0.13893;0.5684148609006752
0.138985;0.5643064379644376
0.13904;0.5601680561704264
0.139095;0.5560001278790122
0.13915;0.5518030830960683
0.139205;0.5475773695331422
0.13926;0.543323452651103
0.139315;0.5390418156867838
0.13937;0.5347329596620589
0.139425;0.530397403375016
0.13948;0.5260356833727259
0.139535;0.5216483539051965
0.13959;0.5172359868602184
0.139645;0.5127991716786688
0.13970000000000002;0.5083385152499398
0.13975500000000002;0.5038546417873095
0.13981000000000002;0.4993481926828268
0.13986500000000002;0.4948198263416716
0.13992000000000002;0.4902702179956092
0.13997500000000002;0.4857000594955294
0.14003000000000002;0.4811100590828313
0.14008500000000002;0.47650094113965485
0.14014000000000001;0.47187344591794544
0.14019500000000001;0.4672283292471679
0.14025;0.4625663622209431
0.140305;0.45788833086252356
0.14036;0.45319503576931497
0.140415;0.4484872917366119
0.14047;0.44376592736064197
0.140525;0.4390317846214421
0.14058;0.4342857184455716
0.140635;0.4295285962491952
0.14069;0.4247612974619247
0.140745;0.4199847130317856
0.1408;0.41519974491183975
0.140855;0.4104073055290446
0.14091;0.40560831723578983
0.140965;0.4008037117448856
0.14102;0.395994429548589
0.141075;0.39118141932235917
0.14113;0.38636563731410395
0.141185;0.3815480467197003
0.14124;0.37672961704564717
0.141295;0.3719113234596235
0.14135;0.3670941461298798
0.141405;0.3622790695544257
0.14146;0.3574670818809126
0.141515;0.35265917421818516
0.14157;0.34785633994051307
0.141625;0.3430595739855615
0.14168;0.3382698721471515
0.141735;0.3334882303637179
0.14179;0.32871564400384345
0.141845;0.3239531071496246
0.1419;0.3192016118792127
0.141955;0.31446214754957613
0.14201;0.30973570008043294
0.142065;0.3050232512407819
0.14212;0.3003257779388301
0.142175;0.29564425151658913
0.14223;0.29097963705021634
0.142285;0.2863328926571089
0.14234;0.28170496881097634
0.142395;0.2770968076657088
0.14245;0.27250934238934804
0.142505;0.2679434965089605
0.14256;0.26340018326749587
0.142615;0.25888030499359677
0.14267;0.2543847524852557
0.14272500000000002;0.2499144044082123
0.14278000000000002;0.2454701267100435
0.14283500000000002;0.24105277205063172
0.14289000000000002;0.23666317924996272
0.14294500000000002;0.23230217275383644
0.14300000000000002;0.22797056211838146
0.14305500000000002;0.22366914151389886
0.14311000000000001;0.21939868924871447
0.14316500000000001;0.2151599673136312
0.14322000000000001;0.21095372094746326
0.143275;0.2067806782242332
0.14333;0.20264154966235556
0.143385;0.19853702785623814
0.14344;0.1944677871307128
0.143495;0.1904344832184811
0.14355;0.18643775296087037
0.143605;0.1824782140320903
0.14366;0.17855646468714795
0.143715;0.17467308353352734
0.14377;0.17082862932661275
0.143825;0.16702364078897805
0.14388;0.16325863645342084
0.143935;0.15953411452969943
0.14399;0.15585055279482188
0.144045;0.15220840850676517
0.1441;0.14860811834134985
0.144155;0.14505009835214505
0.14421;0.14153474395299018
0.144265;0.1380624299229212
0.14432;0.13463351043314464
0.144375;0.1312483190956303
0.14443;0.1279071690330402
0.144485;0.12461035296939299
0.14454;0.12135814334125258
0.144595;0.11815079242877147
0.14465;0.11498853250620807
0.144705;0.11187157601142582
0.14476;0.10880011573381981
0.144815;0.1057743250202799
0.14487;0.10279435799847941
0.144925;0.09986034981718515
0.14498;0.09697241690294152
0.145035;0.09413065723269731
0.14509;0.09133515062187532
0.145145;0.08858595902736156
0.1452;0.08588312686506043
0.145255;0.08322668134156058
0.14531;0.08061663279945827
0.145365;0.07805297507611927
0.14542;0.07553568587549334
0.145475;0.0730647271527862
0.14553;0.07064004551183894
0.145585;0.0682615726150466
0.14564;0.0659292256059405
0.14569500000000002;0.06364290754445126
0.14575000000000002;0.061402507855093984
0.14580500000000002;0.05920790278851134
0.14586000000000002;0.05705895589682974
0.14591500000000002;0.0549555185236272
0.14597000000000002;0.052897430309441815
0.14602500000000002;0.05088451971401287
0.14608000000000002;0.04891660455683384
0.14613500000000001;0.0469934925778301
0.14619000000000001;0.0451149820205512
0.146245;0.04328086224056984
0.1463;0.04149091434261199
0.146355;0.039744911850418944
0.14641;0.03804262141436994
0.146465;0.036383803562784915
0.14652;0.034768213504100955
0.146575;0.03319560198860808
0.14663;0.03166571624020272
0.146685;0.030178300970748112
0.14674;0.028733099492437686
0.146795;0.027329854946740943
0.14685;0.02596831167261905
0.146905;0.02464821674178331
0.14696;0.02336932169503082
0.147015;0.022131384521690788
0.14707;0.020934171934123252
0.147125;0.01977746200195998
0.14718;0.01866104722693868
0.147235;0.017584738159968864
0.14729;0.016548367688889738
0.147345;0.015551796160394787
0.1474;0.014594917545287689
0.147455;0.013677666916832615
0.14751;0.012800029592255756
0.147565;0.01196205239569197
0.14762;0.011163857646808672
0.147675;0.010405660679830795
0.14773;0.009687791973127169
0.147785;0.009010725355828305
0.14784;0.008375114301782473
0.147895;0.007781839099945851
0.14795;0.007232068818019405
0.148005;0.006727343633988658
0.14806;0.0062696855847960906
0.148115;0.005861749538136168
0.14817;0.00550703200127708
0.148225;0.005210164541858409
0.14828;0.004977333365529109
0.148335;0.004816890991275258
0.14839;0.004740267355956832
0.148445;0.004763360033632777
0.1485;0.0049087140487424396
0.148555;0.0052090473292783586
0.14861;0.005713159259006812
0.148665;0.006496251676384751
0.14872000000000002;0.007678857125074349
0.14877500000000002;0.009463630861195638
0.14883000000000002;0.01221210404464341
0.14888500000000002;0.016619498992605584
0.14894000000000002;0.024160115648524723
0.14899500000000002;0.03840292796796251
0.14905000000000002;0.06977168562618184
0.14910500000000002;0.1584237375778385
0.14916000000000001;0.5161966070237884
0.14921500000000001;0.8797480082983297
0.14927;0.26080922916198607
0.149325;0.10056686357398076
0.14938;0.05170762735806947
0.149435;0.031438300543074484
0.14949;0.02128155803847432
0.149545;0.015547649902330872
0.1496;0.012047624826279609
0.149655;0.009799289252204727
0.14971;0.008309866629037106
0.149765;0.0073103032483629
0.14982;0.0066436232836286115
0.149875;0.006213210611882325
0.14993;0.005956917513217087
0.149985;0.005833256357537995
0.15004;0.005813637786907333
0.150095;0.005877809583272011
0.15015;0.006011072527357482
0.150205;0.006202524073893595
0.15026;0.006443918052321209
0.150315;0.0067289052880775664
0.15037;0.007052516357524283
0.150425;0.007410802086494357
0.15048;0.007800579104626623
0.150535;0.008219246770277067
0.15059;0.00866465346292821
0.150645;0.009134997588206148
0.1507;0.009628753359847182
0.150755;0.010144614512015171
0.15081;0.01068145115297185
0.150865;0.011238276363768705
0.15092;0.011814220102387344
0.150975;0.012408508640093413
0.15103;0.013020448226803902
0.151085;0.013649412017835294
0.15114;0.014294829536596282
0.151195;0.01495617812444064
0.15125;0.015632975958996684
0.151305;0.016324776319011577
0.15136;0.017031162846258666
0.151415;0.017751745609812613
0.15147;0.018486157819813307
0.151525;0.01923405306978198
0.15158;0.0199951030113722
0.151635;0.020768995384618915
0.15169000000000002;0.021555432341858128
0.15174500000000002;0.022354129015267878
0.15180000000000002;0.02316481228745497
0.15185500000000002;0.023987219731887516
0.15191000000000002;0.0248210986960294
0.15196500000000002;0.025666205504728538
0.15202000000000002;0.026522304765424238
0.15207500000000002;0.027389168759731512
0.15213000000000002;0.028266576908690895
0.15218500000000001;0.029154315300901935
0.15224000000000001;0.030052176274592824
0.152295;0.030959958046074244
0.15235;0.031877464378205767
0.152405;0.032804504283394466
0.15246;0.0337408917566286
0.152515;0.034686445534557214
0.15257;0.03564098887731513
0.152625;0.036604349370206644
0.15268;0.037576358742780834
0.152735;0.038556852703219166
0.15279;0.03954567078615835
0.152845;0.0405426562123992
0.1529;0.04154765575913418
0.152955;0.04256051963947231
0.15301;0.043581101390277766
0.153065;0.044609257767359
0.15312;0.04564484864726635
0.153175;0.046687736934988885
0.15323;0.04773778847694003
0.153285;0.048794871978711206
0.15334;0.04985885892711285
0.153395;0.05092962351610181
0.15345;0.0520070425762194
0.153505;0.05309099550722644
0.15356;0.05418136421363785
0.153615;0.05527803304291386
0.15367;0.05638088872607243
0.153725;0.0574898203205364
0.15378;0.058604719155001796
0.153835;0.059725478776220406
0.15389;0.060851994897482935
0.153945;0.06198416534874441
0.154;0.0631218900282123
0.154055;0.06426507085531452
0.15411;0.06541361172496839
0.154165;0.0665674184630084
0.15422;0.06772639878272428
0.154275;0.06889046224240043
0.15433;0.07005952020377841
0.154385;0.07123348579132448
0.15444;0.07241227385221884
0.154495;0.073595800916888
0.15455;0.07478398515993706
0.154605;0.07597674636116106
0.15466;0.07717400586625615
0.15471500000000002;0.07837568654656171
0.15477000000000002;0.07958171275664873
0.15482500000000002;0.08079201028775096
0.15488000000000002;0.08200650631303032
0.15493500000000002;0.08322512931673386
0.15499000000000002;0.0844478089896627
0.15504500000000002;0.08567447604881462
0.15510000000000002;0.08690506186720971
0.15515500000000002;0.08813949755318412
0.15521000000000001;0.0893777110472473
0.15526500000000001;0.09061961404299311
0.15532;0.09186497610544236
0.155375;0.09311576735175629
0.15543;0.09436773745721609
0.155485;0.0956239061938221
0.15554;0.0968835694578503
0.155595;0.09814662465190194
0.15565;0.09941300483028515
0.155705;0.10068265122382715
0.15576;0.10195550830818824
0.155815;0.10323152241692228
0.15587;0.1045106412332008
0.155925;0.10579281356363841
0.15598;0.10707798921980302
0.156035;0.10836611894636049
0.15609;0.10965715437151437
0.156145;0.11095104796901568
0.1562;0.112247753026582
0.156255;0.11354722361815024
0.15631;0.11484941457854345
0.156365;0.11615428147972569
0.15642;0.11746178060824564
0.156475;0.11877186894349454
0.15653;0.12008450413666383
0.156585;0.121399644490285
0.15664;0.12271724893821058
0.156695;0.1240372770260608
0.15675;0.12535968889204036
0.156805;0.1266844452481299
0.15686;0.12801150736161232
0.156915;0.129340837036925
0.15697;0.1306723965978132
0.157025;0.132006148869822
0.15708;0.1333420571630296
0.157135;0.13468008525509492
0.15719;0.13602019737459103
0.157245;0.1373623581845845
0.1573;0.13870653276649886
0.157355;0.14005268660424725
0.15741;0.1414007855685813
0.157465;0.14275079590175785
0.15752;0.14410268420239894
0.157575;0.14545641741061505
0.15763;0.1468119627933754
0.157685;0.1481692879301038
0.15774000000000002;0.14952836069852912
0.15779500000000002;0.15088914926073382
0.15785000000000002;0.15225162204945297
0.15790500000000002;0.1536157477545924
0.15796000000000002;0.15498149530996314
0.15801500000000002;0.15634883388024728
0.15807000000000002;0.15771773284814294
0.15812500000000002;0.1590881618017729
0.15818000000000002;0.1604600905222524
0.15823500000000001;0.161833488971503
0.15829000000000001;0.16320832728023776
0.158345;0.16458457573616075
0.1584;0.16596220477239088
0.158455;0.16734118495601766
0.15851;0.16872148697691583
0.158565;0.17010308163671342
0.15862;0.17148593983796112
0.158675;0.1728700325734921
0.15873;0.17425533091591053
0.158785;0.17564180600741217
0.15884;0.17702942904958466
0.158895;0.17841817129349152
0.15895;0.17980800402999303
0.159005;0.18119889858010405
0.15906;0.18259082628560197
0.159115;0.1839837584998172
0.15917;0.1853776665785284
0.159225;0.1867725218710872
0.15928;0.188168295711665
0.159335;0.18956495941068846
0.15939;0.19096248424641202
0.159445;0.19236084145665908
0.1595;0.193760002230741
0.159555;0.19515993770149168
0.15961;0.19656061893748228
0.159665;0.19796201693538834
0.15972;0.19936410261249676
0.159775;0.20076684679937237
0.15983;0.20217022023266332
0.159885;0.203574193548055
0.15994;0.20497873727338628
0.159995;0.20638382182188483
0.16005;0.20778941748554838
0.160105;0.20919549442869215
0.16016;0.2106020226816098
0.160215;0.21200897213438102
0.16027;0.21341631253082577
0.160325;0.21482401346258137
0.16038;0.21623204436333132
0.160435;0.21764037450314389
0.16049;0.219048972982985
0.160545;0.22045780872930923
0.1606;0.22186685048882943
0.160655;0.22327606682340886
0.16071000000000002;0.22468542610504014
0.16076500000000002;0.22609489651101863
0.16082000000000002;0.22750444601918632
0.16087500000000002;0.2289140424033446
0.16093000000000002;0.23032365322876744
0.16098500000000002;0.231733245847837
0.16104000000000002;0.233142787395831
0.16109500000000002;0.2345522447868045
0.16115000000000002;0.2359615847096068
0.16120500000000001;0.23737077362402573
0.16126000000000001;0.23877977775702508
0.16131500000000001;0.24018856309915404
0.16137;0.24159709540101895
0.161425;0.24300534016991365
0.16148;0.24441326266653984
0.161535;0.2458208279018766
0.16159;0.2472280006341377
0.161645;0.248634745365854
0.1617;0.2500410263410757
0.161755;0.25144680754268445
0.16181;0.25285205268982536
0.161865;0.25425672523544735
0.16192;0.25566078836393413
0.161975;0.25706420498890514
0.16203;0.25846693775106555
0.162085;0.2598689490161894
0.16214;0.26127020087324404
0.162195;0.2626706551325611
0.16225;0.2640702733241754
0.162305;0.26546901669623957
0.16236;0.26686684621353557
0.162415;0.268263722556144
0.16247;0.2696596061181603
0.162525;0.2710544570065448
0.16258;0.272448235040089
0.162635;0.27384089974845693
0.16269;0.27523241037135254
0.162745;0.27662272585777975
0.1628;0.27801180486540433
0.162855;0.27939960576002876
0.16291;0.280786086615147
0.162965;0.28217120521163064
0.16302;0.2835549190374748
0.163075;0.28493718528767603
0.16313;0.28631796086419903
0.163185;0.28769720237602203
0.16324;0.2890748661393143
0.163295;0.2904509081776865
0.16335;0.29182528422252313
0.163405;0.29319794971345686
0.16346;0.29456885979887826
0.163515;0.2959379693365894
0.16357;0.2973052328945143
0.163625;0.29867060475151885
0.16368;0.3000340388983113
0.16373500000000002;0.3013954890384534
0.16379000000000002;0.30275490858944354
0.16384500000000002;0.3041122506838747
0.16390000000000002;0.3054674681707179
0.16395500000000002;0.30682051361666013
0.16401000000000002;0.308171339307509
0.16406500000000002;0.30951989724979634
0.16412000000000002;0.3108661391723103
0.16417500000000002;0.31221001652777575
0.16423000000000001;0.31355148049470466
0.16428500000000001;0.31489048197915775
0.16434;0.31622697161672025
0.164395;0.31756089977449886
0.16445;0.3188922165532498
0.164505;0.32022087178949726
0.16456;0.32154681505788635
0.164615;0.32286999567342817
0.16467;0.32419036269329654
0.164725;0.3255078649208984
0.16478;0.3268224509067347
0.164835;0.3281340689519579
0.16489;0.32944266711055176
0.164945;0.33074819319254783
