1e-20;2.2938817898352793e-15
5.500000000000001e-05;2.4063265713309e-15
0.00011000000000000002;2.5244590886824932e-15
0.000165;2.6485757486267203e-15
0.00022;2.7789888366803893e-15
0.000275;2.916027388760181e-15
0.00033;3.0600381115943868e-15
0.00038500000000000003;3.2113863546893148e-15
0.00044;3.37045713677084e-15
0.000495;3.5376562297839447e-15
0.00055;3.713411303718888e-15
0.0006050000000000001;3.8981731356955026e-15
0.00066;4.092416886957537e-15
0.000715;4.2966434516040285e-15
0.0007700000000000001;4.51138088112721e-15
0.000825;4.737185889036193e-15
0.00088;4.974645440090389e-15
0.0009350000000000001;5.224378428913941e-15
0.00099;5.487037453041668e-15
0.0010450000000000001;5.7633106857008296e-15
0.0011;6.053923853959468e-15
0.001155;6.359642328135199e-15
0.0012100000000000001;6.681273328740813e-15
0.001265;7.0196682575208715e-15
0.00132;7.375725159546775e-15
0.0013750000000000001;7.750391323663456e-15
0.00143;8.144666029009904e-15
0.001485;8.559603445735215e-15
0.0015400000000000001;8.996315698452386e-15
0.001595;9.455976101428227e-15
0.00165;9.93982257499646e-15
0.0017050000000000001;1.0449161253137232e-14
0.00176;1.0985370292712616e-14
0.001815;1.154990389534914e-14
0.0018700000000000001;1.2144296553543134e-14
0.001925;1.277016753312783e-14
0.00198;1.3429225604826688e-14
0.002035;1.4123274038241487e-14
0.0020900000000000003;1.4854215872301487e-14
0.002145;1.5624059476780427e-14
0.0022;1.643492442024606e-14
0.002255;1.728904766044219e-14
0.00231;1.8188790073856654e-14
0.002365;1.913664334190794e-14
0.0024200000000000003;2.0135237211995386e-14
0.002475;2.1187347152279277e-14
0.00253;2.229590241993587e-14
0.002585;2.3463994563290754e-14
0.00264;2.469488637901628e-14
0.002695;2.5992021346250044e-14
0.0027500000000000003;2.735903356031218e-14
0.002805;2.879975818921879e-14
0.00286;3.031824247700287e-14
0.002915;3.191875731824844e-14
0.00297;3.360580942894889e-14
0.003025;3.538415413912851e-14
0.0030800000000000003;3.725880883298783e-14
0.003135;3.9235067062687996e-14
0.00319;4.13185133617405e-14
0.003245;4.351503878410771e-14
0.0033;4.583085719460916e-14
0.003355;4.827252233581926e-14
0.0034100000000000003;5.084694569563796e-14
0.003465;5.356141519879945e-14
0.00352;5.642361474369696e-14
0.003575;5.944164460425823e-14
0.00363;6.262404271364873e-14
0.0036850000000000003;6.597980684392726e-14
0.0037400000000000003;6.951841769153265e-14
0.003795;7.32498628741569e-14
0.00385;7.718466183883437e-14
0.003905;8.133389167459156e-14
0.00396;8.570921381529162e-14
0.004015;9.032290160900592e-14
0.00407;9.518786871951401e-14
0.004125;1.0031769831342655e-13
0.0041800000000000006;1.0572667297119358e-13
0.004235;1.1142980524425976e-13
0.00429;1.1744286876024342e-13
0.004345;1.2378242975630444e-13
0.0044;1.30465878894557e-13
0.004455;1.3751146318361497e-13
0.00451;1.4493831779615927e-13
0.0045650000000000005;1.5276649753362425e-13
0.00462;1.610170076434525e-13
0.004675;1.697118336440285e-13
0.00473;1.7887396975267618e-13
0.004785;1.8852744544625564e-13
0.0048400000000000006;1.986973496069187e-13
0.004895;2.0940985161877419e-13
0.00495;2.2069221868199008e-13
0.005005;2.325728284984004e-13
0.00506;2.450811763543945e-13
0.005115;2.582478754800533e-13
0.00517;2.7210464939873585e-13
0.0052250000000000005;2.8668431479223563e-13
0.00528;3.020207531918566e-13
0.005335;3.1814886956363004e-13
0.00539;3.3510453557781083e-13
0.005445;3.529245150404209e-13
0.0055000000000000005;3.7164636860759464e-13
0.005555;3.9130833449858355e-13
0.00561;4.119491814637875e-13
0.005665;4.3360802974449214e-13
0.00572;4.563241351655535e-13
0.005775000000000001;4.801366308341181e-13
0.00583;5.050842201503669e-13
0.0058850000000000005;5.312048139726379e-13
0.00594;5.58535103793683e-13
0.005995;5.87110061667204e-13
0.00605;6.169623563527357e-13
0.006105;6.481216737066184e-13
0.0061600000000000005;6.806139277035729e-13
0.006215;7.144603466104717e-13
0.00627;7.496764167153154e-13
0.006325;7.862706635993591e-13
0.00638;8.242432482012132e-13
0.006435000000000001;8.635843517967514e-13
0.00649;9.042723204650986e-13
0.0065450000000000005;9.462715355603528e-13
0.0066;9.895299721011935e-13
0.006655;1.033976401725826e-12
0.00671;1.0795171908727607e-12
0.006765;1.1260326380017641e-12
0.0068200000000000005;1.1733727858702806e-12
0.006875;1.2213526359679366e-12
0.00693;1.2697466820290103e-12
0.006985;1.3182826679092077e-12
0.00704;1.366634461810686e-12
0.007095000000000001;1.4144139236089279e-12
0.00715;1.4611616246155938e-12
0.0072050000000000005;1.5063362591406738e-12
0.00726;1.5493025643435038e-12
0.007315;1.5893175386190355e-12
0.007370000000000001;1.6255147186546635e-12
0.007425;1.6568862407111203e-12
0.0074800000000000005;1.682262371951692e-12
0.007535;1.700288151950589e-12
0.00759;1.7093967319309499e-12
0.007645;1.7077789387353569e-12
0.0077;1.6933485207539404e-12
0.007755000000000001;1.6637024525270922e-12
0.00781;1.6160755818140429e-12
0.007865;1.5472887954782518e-12
0.00792;1.4536897561944976e-12
0.007975;1.3310851176729924e-12
0.00803;1.1746629578258183e-12
0.008085;9.789039704695827e-13
0.00814;7.374797100043347e-13
0.008195000000000001;4.431358054007776e-13
0.00825;8.755620583914557e-14
0.008305;3.250549916206499e-07
0.008360000000000001;7.613545507046372e-07
0.008415;1.2202634442933423e-06
0.00847;1.7027838108184506e-06
0.008525;2.209960494206902e-06
0.00858;2.742884072494813e-06
0.008635;3.3026933543575178e-06
0.00869;3.8905778136786084e-06
0.008745000000000001;4.507780075711459e-06
0.0088;5.155598497167491e-06
0.008855;5.8353898616925075e-06
0.00891;6.548572204953908e-06
0.008965;7.2966277806143624e-06
0.00902;8.081106177474008e-06
0.009075;8.903627597759292e-06
0.009130000000000001;9.76588630662347e-06
0.009185;1.0669654263273196e-05
0.00924;1.1616784944700344e-05
0.009295000000000001;1.2609217373384811e-05
0.00935;1.3648980361244325e-05
0.009405;1.4738196982617595e-05
0.00946;1.587908928997667e-05
0.009515000000000001;1.707398328695951e-05
0.00957;1.8325314174115704e-05
0.009625;1.9635631883956127e-05
0.009680000000000001;2.1007606922737745e-05
0.009735;2.244403653783939e-05
0.00979;2.3947851230622742e-05
0.009845;2.552212163615017e-05
0.0099;2.717006579243706e-05
0.009955;2.889505682367621e-05
0.01001;3.0700631063275835e-05
0.010065000000000001;3.259049664463006e-05
0.01012;3.4568542589118483e-05
0.010175;3.6638848423342415e-05
0.01023;3.880569435941131e-05
0.010285;4.107357207485868e-05
0.01034;4.344719613102495e-05
0.010395;4.593151607189212e-05
0.010450000000000001;4.85317292481115e-05
0.010505;5.125329441435594e-05
0.01056;5.4101946151518165e-05
0.010615000000000001;5.7083710169372685e-05
0.01067;6.020491954899586e-05
0.010725;6.347223198915374e-05
0.01078;6.689264812523581e-05
0.010835000000000001;7.047353099491716e-05
0.01089;7.422262673014929e-05
0.010945;7.814808656123839e-05
0.011000000000000001;8.225849022542381e-05
0.011055;8.656287087970304e-05
0.01111;9.107074162518205e-05
0.011165;9.579212375918443e-05
0.01122;0.00010073757687994825
0.011275;0.0001059182309796616
0.01133;0.00011134582067164094
0.011385000000000001;0.00011703272171022208
0.01144;0.00012299198997413373
0.011495;0.00012923740309906233
0.011550000000000001;0.00013578350496013382
0.011605;0.00014264565322210084
0.01166;0.0001498400701934007
0.011715;0.00015738389724088145
0.011770000000000001;0.00016529525304345827
0.011825;0.00017359329598794654
0.01188;0.00018229829103631862
0.011935000000000001;0.00019143168142310326
0.01199;0.00020101616557377893
0.012045;0.00021107577966981552
0.0121;0.00022163598632503751
0.012155000000000001;0.00023272376988063998
0.01221;0.00024436773887271567
0.012265;0.00025659823627839206
0.012320000000000001;0.0002694474582033507
0.012375;0.0002829495817365925
0.01243;0.00029714090276855657
0.012485000000000001;0.00031205998464467976
0.01254;0.00032774781861332934
0.012595;0.0003442479971200096
0.01265;0.00036160690110662383
0.012705000000000001;0.00037987390258944717
0.01276;0.0003991015839207839
0.012815;0.0004193459752820141
0.012870000000000001;0.0004406668121181422
0.012925;0.0004631278144023281
0.01298;0.0004867969898194517
0.013035;0.000511746963181638
0.013090000000000001;0.0005380553346398307
0.013145;0.0005658050695349463
0.0132;0.0005950849230489282
0.013255000000000001;0.0006259899031679319
0.01331;0.0006586217758690075
0.013365;0.0006930896168893893
0.01342;0.0007295104149421599
0.013475;0.0007680097318122219
0.01353;0.0008087224254125489
0.013585;0.0008517934426087015
0.013640000000000001;0.0008973786894487166
0.013695;0.0009456459873740167
0.01375;0.0009967761250562219
0.013805000000000001;0.0010509640167222533
0.01386;0.0011084199792165943
0.013915;0.001169371141637274
0.01397;0.001234063003197505
0.014025000000000001;0.0013027611570455703
0.01408;0.0013757532001655397
0.014135;0.0014533508522315713
0.014190000000000001;0.001535892309458821
0.014245;0.0016237448631529249
0.0143;0.0017173078168967763
0.014355;0.0018170157412211803
0.014410000000000001;0.0019233421103123586
0.014465;0.002036803371950998
0.01452;0.002157963509622595
0.014575000000000001;0.0022874391648001154
0.01463;0.0024259053980254753
0.014685;0.0025741021798786315
0.014740000000000001;0.00273284171762908
0.014795;0.0029030167406974014
0.01485;0.003085609888593281
0.014905;0.003281704369361909
0.014960000000000001;0.0034924960855629815
0.015015;0.0037193074594212925
0.01507;0.003963603230207371
0.015125000000000001;0.004227008546642377
0.01518;0.004511329737004382
0.015235;0.004818578211985838
0.01529;0.005150998043045044
0.015345000000000001;0.005511097865702249
0.0154;0.005901687887458275
0.015455;0.006325922939549066
0.015510000000000001;0.006787352707987359
0.015565;0.007289980521593442
0.01562;0.007838332374996886
0.015675;0.008437538238466751
0.01573;0.009093428173735806
0.015785;0.009812646362013903
0.01584;0.010602786890879772
0.015895;0.0114725560855709
0.01595;0.012431967366234154
0.016005000000000002;0.01349257614429853
0.01606;0.01466776424251698
0.016115;0.015973085874877942
0.01617;0.01742669054287637
0.016225;0.01904984255049722
0.01628;0.020867562560462228
0.016335000000000002;0.02290942418778741
0.016390000000000002;0.02521054871262958
0.016445;0.027812854503605846
0.0165;0.03076663593951012
0.016555;0.034132571257691695
0.01661;0.037984292283616335
0.016665;0.042411694792360004
0.016720000000000002;0.04752523097236723
0.016775;0.053461511408090995
0.01683;0.06039066145153159
0.016885;0.0685260360907043
0.01694;0.07813710968189291
0.016995;0.08956663057472922
0.01705;0.10325346053059048
0.017105000000000002;0.11976285911387378
0.01716;0.13982617299217723
0.017215;0.16439154500388065
0.01727;0.1946853815404688
0.017325;0.23227864704646572
0.01738;0.27913771268325743
0.017435;0.33760685899206766
0.017490000000000002;0.4102028050371907
0.017545;0.49898619775026803
0.0176;0.6041417011971496
0.017655;0.7214591193382183
0.01771;0.8392441164583817
0.017765;0.9373453414094868
0.01782;0.992675542833211
0.017875000000000002;0.99129406074089
0.01793;0.9373099656888828
0.017985;0.849110809588888
0.01804;0.7476915190236988
0.018095;0.6482930936998463
0.01815;0.5588316528461401
0.018205;0.48193254723143214
0.018260000000000002;0.4173645129294157
0.018315;0.36370207063090615
0.01837;0.31921304349290874
0.018425;0.28225419913010175
0.01848;0.25141058441727143
0.018535;0.22551798135252227
0.018590000000000002;0.20363934136421316
0.018645000000000002;0.18502778343373216
0.0187;0.1690897089398073
0.018755;0.1553528065561482
0.01881;0.14343995148577446
0.018865;0.13304854821352233
0.01892;0.12393442466222818
0.018975000000000002;0.11589935740244649
0.019030000000000002;0.10878142542395733
0.019085;0.10244754127508918
0.01914;0.09678764975021314
0.019195;0.09171020236345111
0.01925;0.08713860935663334
0.019305;0.08300844304914459
0.019360000000000002;0.07926522106280584
0.019415;0.07586263921942339
0.01947;0.07276115493638248
0.019525;0.06992684527801822
0.01958;0.06733048139892457
0.019635;0.06494677439988235
0.01969;0.06275375769513887
0.019745000000000002;0.06073227866933093
0.0198;0.05886557828125687
0.019855;0.0571389417945739
0.01991;0.05553940731239494
0.019965;0.05405552150983934
0.02002;0.05267713408022338
0.020075;0.051395224075861196
0.020130000000000002;0.050201752637180456
0.020185;0.04908953764423813
0.02024;0.04805214665254873
0.020295;0.04708380513731554
0.02035;0.046179317601588755
0.020405;0.04533399953280527
0.02046;0.04454361853922674
0.020515000000000002;0.04380434328022926
0.02057;0.04311269903472437
0.020625;0.04246552894095225
0.02068;0.0418599600959603
0.020735;0.041293373831429864
0.02079;0.040763379588432076
0.020845000000000002;0.04026779190201802
0.020900000000000002;0.039804610079930046
0.020955;0.039372000221217514
0.02101;0.038968279272086175
0.021065;0.038591900859639
0.02112;0.0382414426807698
0.021175;0.03791559525437344
0.021230000000000002;0.03761315187131018
0.021285000000000002;0.03733299959887115
0.02134;0.03707411121551005
0.021395;0.036835537967876086
0.02145;0.03661640305611575
0.021505;0.036415895765375954
0.02156;0.03623326617174259
0.021615000000000002;0.03606782035971409
0.021670000000000002;0.035918916096020395
0.021725;0.035785958911213035
0.02178;0.035668398546248016
0.021835;0.03556572572630804
0.02189;0.03547746922846156
0.021945;0.03540319321360608
0.022000000000000002;0.03534249479645536
0.022055;0.03529500183029234
0.02211;0.035260370885735935
0.022165;0.03523828540507184
0.02222;0.035228454015657946
0.022275;0.035230608987682384
0.02233;0.03524450482310125
0.022385000000000002;0.035269916963959674
0.02244;0.035306640609499666
0.022495;0.03535448963256778
0.02255;0.03541329558676476
0.022605;0.03548290679665259
0.02266;0.0355631875240864
0.022715;0.03565401720443162
0.022770000000000002;0.03575528974701761
0.022825;0.03586691289473623
0.02288;0.03598880763817598
0.022935;0.0361209076801229
0.02299;0.036263158946653246
0.023045;0.03641551914139163
0.023100000000000002;0.036577957339837396
0.023155000000000002;0.03675045362094333
0.02321;0.036932998733390156
0.023265;0.037125593794244995
0.02332;0.037328250017889114
0.023375;0.037540988473316626
0.02343;0.037763839868056544
0.023485000000000002;0.037996844357156286
0.023540000000000002;0.03824005137578031
0.023595;0.038493519494150474
0.02365;0.03875731629362832
0.023705;0.039031518262903
0.02376;0.03931621071329889
0.023815;0.039611487712347536
0.023870000000000002;0.039917452034851385
0.023925000000000002;0.040234215130711404
0.02398;0.04056189710892179
0.024035;0.04090062673713792
0.02409;0.041250541456349085
0.024145;0.041611787410191996
0.0242;0.04198451948853105
0.024255000000000002;0.04236890138496756
0.024310000000000002;0.04276510566798326
0.024365;0.0431733138654851
0.02442;0.043593716562532504
0.024475;0.04402651351209207
0.02453;0.044471913758694866
0.024585;0.04493013577488859
0.024640000000000002;0.04540140761044328
0.024695;0.045885967054260894
0.02475;0.04638406180900639
0.024805;0.046895949678477204
0.02486;0.04742189876777375
0.024915;0.04796218769634355
0.024970000000000003;0.048517105824017866
0.025025000000000002;0.04908695349015771
0.02508;0.0496720422660775
0.025135;0.05027269522089991
0.02519;0.05088924720106323
0.025245;0.051522045123689394
0.0253;0.05217144828403798
0.025355000000000003;0.052837828677326934
0.025410000000000002;0.05352157133517807
0.025465;0.05422307467699361
0.02552;0.05494275087657233
0.025575;0.0556810262442826
0.02563;0.05643834162517572
0.025685;0.057215152813341455
0.025740000000000002;0.05801193098295438
0.025795000000000002;0.05882916313633875
0.02585;0.059667352569490795
0.025905;0.0605270193554842
0.02596;0.061408700846149925
0.026015;0.06231295219251094
0.02607;0.06324034688440067
0.026125000000000002;0.06419147730972267
0.026180000000000002;0.06516695533384151
0.026235;0.06616741289951598
0.02629;0.067193502647929
0.026345;0.06824589856121904
0.0264;0.0693252966270289
0.026455;0.07043241552551761
0.026510000000000002;0.0715679973393217
0.026565000000000002;0.07273280828689602
0.02662;0.0739276394797152
0.026675;0.07515330770370646
0.02673;0.07641065622537596
0.026785;0.07770055562296746
0.02684;0.07902390464303716
0.026895000000000002;0.08038163108272073
0.02695;0.08177469269799512
0.027005;0.08320407813813785
0.02706;0.08467080790657087
0.027115;0.08617593534813797
0.02717;0.08772054766290073
0.027225000000000003;0.08930576694634465
0.027280000000000002;0.09093275125584745
0.027335;0.09260269570316162
0.02739;0.09431683357245738
0.027445;0.09607643746348789
0.0275;0.0978828204590827
0.027555;0.09973733731622572
0.027610000000000003;0.10164138567954838
0.027665000000000002;0.10359640731606795
0.02772;0.1056038893696232
0.027775;0.10766536563326225
0.02783;0.10978241783749047
0.027885;0.11195667695205999
0.02794;0.11418982449853063
0.027995000000000003;0.11648359387052533
0.028050000000000002;0.11883977165805493
0.028105;0.12126019897204912
0.02816;0.12374677276438073
0.028215;0.1263014471384948
0.02827;0.12892623464479505
0.028325;0.13162320755447693
0.028380000000000002;0.13439449910476692
0.028435000000000002;0.13724230470759657
0.02849;0.14016888311296746
0.028545;0.1431765575174484
0.0286;0.14626771660693855
0.028655;0.14944481552205818
0.02871;0.15271037673309648
0.028765000000000002;0.15606699081033373
0.028820000000000002;0.15951731707414743
0.028875;0.16306408410775705
0.02893;0.1667100901139843
0.028985;0.17045820309576104
0.02904;0.17431136083808232
0.029095;0.17827257066761884
0.029150000000000002;0.18234490896357222
0.029205000000000002;0.18653152039189205
0.02926;0.19083561683214223
0.029315;0.1952604759642577
0.02937;0.1998094394797521
0.029425;0.2044859108795107
0.029480000000000003;0.20929335281747963
0.029535000000000002;0.21423528394680166
0.02959;0.21931527522211633
0.029645;0.2245369456089273
0.0297;0.22990395714779804
0.029755;0.23542000931847687
0.02981;0.2410888326459071
0.029865000000000003;0.24691418148744476
0.029920000000000002;0.25289982593793586
0.029975;0.2590495427866317
0.03003;0.265367105457824
0.030085;0.2718562728652483
0.03014;0.27852077710850315
0.030195;0.28536430993921275
0.030250000000000003;0.29239050792383237
0.030305000000000002;0.2996029362307113
0.03036;0.30700507097024415
0.030415;0.31460028001928775
0.03047;0.32239180226445496
0.030525;0.33038272520382134
0.03058;0.3385759608533602
0.030635000000000003;0.34697421991202804
0.030690000000000002;0.35557998415045483
0.030745;0.36439547699968056
0.0308;0.37342263233179035
0.030855;0.3826630614416899
0.03091;0.392118018258737
0.030965;0.4017883628407035
0.031020000000000002;0.41167452322883663
0.031075000000000002;0.4217764557714579
0.03113;0.43209360405756597
0.031185;0.442624856636571
0.03124;0.45336850374089394
0.031295;0.4643221932700362
0.03135;0.4754828863399124
0.031405;0.48684681274919633
0.03146;0.49840942676451383
0.031515;0.5101653636764975
0.03157;0.5221083976315417
0.031625;0.5342314012935099
0.03168;0.5465263079411026
0.031735;0.5589840766511652
0.03179;0.5715946612617564
0.031845;0.5843469838434378
0.0319;0.5972289134363106
0.031955000000000004;0.6102272508281851
0.032010000000000004;0.6233277201555704
0.032065;0.6365149681023763
0.03212;0.6497725714493857
0.032175;0.6630830536866346
0.03223;0.676427911344255
0.032285;0.6897876506177781
0.03234;0.7031418347671724
0.032395;0.7164691426489253
0.03245;0.7297474386016145
0.032505;0.7429538537470193
0.03256;0.7560648785939763
0.032615;0.7690564666431421
0.032670000000000005;0.7819041484764802
0.032725000000000004;0.7945831556390378
0.032780000000000004;0.8070685533688472
0.032835;0.81933538104917
0.03289;0.8313587990504822
0.032945;0.8431142404444549
0.033;0.8545775659094017
0.033055;0.8657252200090634
0.03311;0.8765343869217155
0.033165;0.8869831436286232
0.03322;0.8970506085422437
0.033275;0.906717083570558
0.03333;0.9159641876726767
0.033385;0.9247749800642816
0.033440000000000004;0.9331340713775647
0.033495000000000004;0.9410277212653358
0.03355;0.9484439211583245
0.033605;0.955372461134753
0.03366;0.9618049801313603
0.033715;0.9677349990126266
0.03377;0.9731579363077539
0.033825;0.9780711067178567
0.03388;0.9824737027796875
0.033935;0.9863667603405932
0.03399;0.9897531087444699
0.034045;0.9926373068463388
0.0341;0.9950255661576918
0.034155;0.9969256625746111
0.034210000000000004;0.9983468382517456
0.034265000000000004;0.9992996952594427
0.03432;0.999796082696982
0.034375;0.999848978935607
0.03443;0.9994723706320647
0.034485;0.9986811300910263
0.03454;0.9974908924668189
0.034595;0.9959179341853216
0.03465;0.9939790538410551
0.034705;0.9916914566859738
0.03476;0.989072643680747
0.034815;0.9861403059293764
0.03487;0.9829122251687586
0.034925000000000005;0.9794061808385132
0.034980000000000004;0.9756398641167674
0.035035000000000004;0.9716307991759534
0.03509;0.9673962717919751
0.035145;0.9629532653301845
0.0352;0.958318404034755
0.035255;0.9535079034633043
0.03531;0.948537527836851
0.035365;0.9434225540160978
0.03542;0.9381777417673607
0.035475;0.9328173099451657
0.03553;0.9273549181926598
0.035585;0.9218036537441194
0.03564;0.916176022905406
0.035695000000000005;0.9104839467867903
0.035750000000000004;0.9047387608676793
0.035805000000000003;0.8989512179824749
0.03586;0.8931314943314819
0.035915;0.8872891981379362
0.03597;0.8814333805925784
0.036025;0.8755725487492763
0.03608;0.8697146800580844
0.036135;0.8638672382462035
0.03619;0.8580371902811891
0.036245;0.8522310241743927
0.0363;0.8464547674063668
0.036355;0.8407140057778382
0.03641;0.8350139025117036
0.036465000000000004;0.8293592174520127
0.036520000000000004;0.823754326224469
0.036575;0.8182032392415414
0.03663;0.8127096204512817
0.036685;0.8072768057441513
0.03674;0.8019078209464287
0.036795;0.7966053993408343
0.03685;0.7913719986667903
0.036905;0.7862098175624577
0.03696;0.7811208114202574
0.037015;0.77610670763526
0.03707;0.7711690202328517
0.037125;0.7663090638685741
0.037180000000000005;0.7615279671979113
0.037235000000000004;0.7568266856188313
0.037290000000000004;0.752206013393518
0.037345;0.7476665951589347
0.0374;0.7432089368389527
0.037455;0.7388334159727517
0.03751;0.7345402914759146
0.037565;0.730329712852424
0.03762;0.7262017288763705
0.037675;0.7221562957634391
0.03773;0.7181932848523089
0.037785;0.7143124898167165
0.03784;0.7105136334288238
0.037895;0.7067963738946815
0.037950000000000005;0.7031603107820821
0.038005000000000004;0.6996049905610476
0.038060000000000004;0.6961299117766321
0.038115;0.6927345298733543
0.03817;0.6894182616897673
0.038225;0.6861804896414878
0.03828;0.6830205656098627
0.038335;0.6799378145533612
0.03839;0.676931537857567
0.038445;0.674001016439273
0.0385;0.6711455136194902
0.038555;0.6683642777793679
0.03861;0.6656565448123889
0.038665;0.6630215403856203
0.038720000000000004;0.6604584820220637
0.038775000000000004;0.6579665810155182
0.03883;0.6555450441888566
0.038885;0.6531930755058377
0.03894;0.6509098775462332
0.038995;0.648694652853275
0.03905;0.6465466051621123
0.039105;0.6444649405172828
0.03916;0.6424488682867977
0.039215;0.6404976020800836
0.03927;0.6386103605763307
0.039325;0.6367863682697066
0.03938;0.6350248561372069
0.039435000000000005;0.6333250622347183
0.039490000000000004;0.631686232226539
0.039545000000000004;0.6301076198530493
0.0396;0.6285884873412316
0.039655;0.6271281057621368
0.03971;0.6257257553393656
0.039765;0.6243807257121623
0.03982;0.6230923161566488
0.039875;0.6218598357683445
0.03993;0.6206826036090483
0.039985;0.6195599488208061
0.04004;0.6184912107095752
0.040095;0.6174757388010893
0.04015;0.6165128928710191
0.040205000000000005;0.6156020429517205
0.040260000000000004;0.6147425693173475
0.040315000000000004;0.6139338624492208
0.04037;0.6131753229831657
0.040425;0.6124663616402954
0.04048;0.6118063991427376
0.040535;0.611194866115667
0.04059;0.6106312029768276
0.040645;0.610114859814783
0.0407;0.6096452962568787
0.040755;0.6092219813279443
0.04081;0.6088443933006796
0.040865;0.6085120195385191
0.04092;0.6082243563317785
0.040975000000000004;0.6079809087278486
0.041030000000000004;0.6077811903559827
0.041085;0.6076247232474775
0.04114;0.6075110376516336
0.041195;0.6074396718481393
0.04125;0.6074101719563056
0.041305;0.6074220917416153
0.04136;0.6074749924200082
0.041415;0.6075684424602502
0.04147;0.6077020173847123
0.041525;0.6078752995689988
0.04158;0.6080878780405252
0.041635;0.6083393482765092
0.041690000000000005;0.6086293120014563
0.041745000000000004;0.6089573769845021
0.041800000000000004;0.6093231568367092
0.041855;0.60972627080858
0.04191;0.6101663435879667
0.041965;0.6106430050984297
0.04202;0.6111558902983436
0.042075;0.6117046389807992
0.04213;0.6122888955744038
0.042185;0.6129083089451781
0.04224;0.6135625321995651
0.042295;0.6142512224887295
0.04235;0.6149740408141574
0.042405;0.6157306518346961
0.042460000000000005;0.6165207236751203
0.042515000000000004;0.6173439277362078
0.042570000000000004;0.6181999385065037
0.042625;0.6190884333757919
0.04268;0.6200090924502744
0.042735;0.6209615983696205
0.04279;0.6219456361258521
0.042845;0.6229608928841827
0.0429;0.6240070578057901
0.042955;0.625083821872626
0.04301;0.626190877714341
0.043065;0.6273279194371898
0.04312;0.628494642455255
0.043175;0.629690743323748
0.043230000000000005;0.6309159195746341
0.043285000000000004;0.6321698695545089
0.043340000000000004;0.633452292264824
0.043395;0.634762887204512
0.04345;0.6361013542150176
0.043505;0.6374673933278231
0.04356;0.6388607046144835
0.043615;0.6402809880392615
0.04367;0.6417279433143885
0.043725;0.6432012697579637
0.04378;0.6447006661546187
0.043835;0.6462258306189727
0.04389;0.6477764604619022
0.043945000000000005;0.6493522520597196
0.044000000000000004;0.6509529007263157
0.044055000000000004;0.6525781005882979
0.04411;0.6542275444632378
0.044165;0.6559009237410104
0.04422;0.6575979282683669
0.044275;0.6593182462367926
0.04433;0.6610615640736571
0.044385;0.6628275663367769
0.04444;0.6646159356124804
0.044495;0.6664263524171612
0.04455;0.6682584951025027
0.044605;0.6701120397643123
0.04466;0.6719866601551849
0.044715000000000005;0.6738820276009161
0.044770000000000004;0.6757978109208974
0.044825000000000004;0.6777336763524268
0.04488;0.6796892874790482
0.044935;0.6816643051630993
0.04499;0.6836583874823824
0.045045;0.6856711896710886
0.0451;0.6877023640651505
0.045155;0.6897515600519034
0.04521;0.6918184240243125
0.045265;0.6939025993397276
0.04532;0.6960037262832189
0.045375;0.6981214420356993
0.04543;0.7002553806467231
0.045485000000000005;0.7024051730121297
0.045540000000000004;0.7045704468566016
0.045595000000000004;0.70675082672114
0.04565;0.7089459339555342
0.045705;0.7111553867159408
0.04576;0.7133787999675151
0.045815;0.7156157854922218
0.04587;0.7178659519018712
0.045925;0.7201289046563826
0.04598;0.722404246087317
0.046035;0.7246915754267754
0.04609;0.7269904888415695
0.046145;0.7293005794728709
0.046200000000000005;0.7316214374811335
0.046255000000000004;0.733952650096515
0.046310000000000004;0.7362938016746621
0.046365;0.738644473757972
0.04642;0.7410042451421814
0.046475;0.7433726919484854
0.04653;0.7457493877009589
0.046585;0.7481339034094225
0.04664;0.7505258076576167
0.046695;0.7529246666967416
0.04675;0.7553300445442459
0.046805;0.7577415030878678
0.04686;0.7601586021948882
0.046915;0.7625808998264308
0.046970000000000005;0.7650079521569194
0.047025000000000004;0.7674393136984538
0.047080000000000004;0.7698745374300838
0.047135;0.7723131749319546
0.04719;0.7747547765240945
0.047245;0.7771988914098754
0.0473;0.7796450678239312
0.047355;0.7820928531844621
0.04741;0.7845417942498308
0.047465;0.7869914372792203
0.04752;0.7894413281973061
0.047575;0.7918910127627597
0.04763;0.7943400367403721
0.047685000000000005;0.7967879460767957
0.047740000000000005;0.799234287079474
0.047795000000000004;0.8016786065988557
0.047850000000000004;0.8041204522135506
0.047905;0.8065593724182427
0.04796;0.8089949168142211
0.048015;0.811426636302293
0.04807;0.813854083277886
0.048125;0.8162768118281005
0.04818;0.8186943779305054
0.048235;0.8211063396535196
0.04829;0.8235122573579555
0.048345;0.8259116938997866
0.0484;0.8283042148336349
0.048455000000000005;0.8306893886168619
0.048510000000000005;0.8330667868140433
0.048565000000000004;0.8354359843015409
0.048620000000000003;0.8377965594717347
0.048675;0.8401480944373744
0.04873;0.842490175234583
0.048785;0.8448223920254715
0.04884;0.847144339299454
0.048895;0.8494556160730805
0.04895;0.8517558260883307
0.049005;0.854044578008905
0.04906;0.8563214856144397
0.049115;0.8585861679922465
0.04917;0.8608382497264315
0.049225000000000005;0.8630773610841429
0.049280000000000004;0.8653031381986598
0.049335000000000004;0.8675152232490857
0.04939;0.869713264636524
0.049445;0.871896917156337
0.0495;0.8740658421664235
0.049555;0.8762197077511893
0.04961;0.8783581888810881
0.049665;0.8804809675674219
0.04972;0.8825877330123437
0.049775;0.8846781817537331
0.04983;0.8867520178048657
0.049885;0.888808952788632
0.049940000000000005;0.8908487060662197
0.049995000000000005;0.8928710048599892
0.050050000000000004;0.8948755843705175
0.050105000000000004;0.8968621878875734
0.05016;0.8988305668949694
0.050215;0.9007804811690987
0.05027;0.9027116988711157
0.050325;0.9046239966326151
0.05038;0.9065171596347475
0.050435;0.9083909816806511
0.05049;0.9102452652612127
0.050545;0.9120798216140085
0.0506;0.9138944707754509
0.050655;0.9156890416260374
0.050710000000000005;0.9174633719287836
0.050765000000000005;0.9192173083606807
0.050820000000000004;0.9209507065373495
0.050875000000000004;0.9226634310307362
0.05093;0.9243553553799747
0.050985;0.9260263620954488
0.05104;0.9276763426560191
0.051095;0.9293051974995717
0.05115;0.9309128360068889
0.051205;0.9324991764789254
0.05126;0.9340641461076489
0.051315;0.9356076809404477
0.05137;0.9371297258383148
0.051425;0.938630234427863
0.051480000000000005;0.9401091690473794
0.051535000000000004;0.9415665006870231
0.051590000000000004;0.9430022089233623
0.051645;0.9444162818484255
0.0517;0.9458087159934864
0.051755;0.9471795162477679
0.05181;0.9485286957723325
0.051865;0.9498562759094087
0.05192;0.9511622860874304
0.051975;0.9524467637221166
0.05203;0.9537097541139018
0.052085;0.9549513103421227
0.05214;0.9561714931563868
0.052195000000000005;0.9573703708655655
0.052250000000000005;0.9585480192249769
0.052305000000000004;0.9597045213223314
0.052360000000000004;0.9608399674631983
0.052415;0.9619544550567283
0.05247;0.9630480885026298
0.052525;0.9641209790805417
0.05258;0.9651732448430309
0.052635;0.9662050105139757
0.05269;0.9672164073941534
0.052745;0.9682075732764834
0.0528;0.9691786523738878
0.052855;0.9701297952634367
0.05291;0.9710611588514149
0.052965000000000005;0.9719729063652338
0.053020000000000005;0.9728652073797124
0.053075000000000004;0.973738237887495
0.053130000000000004;0.9745921804263513
0.053185;0.9754272242800589
0.05324;0.9762435657752464
0.053295;0.977041408704
0.05335;0.977820964912921
0.053405;0.978582455114306
0.05346;0.9793261099968665
0.053515;0.9800521717448376
0.05357;0.9807608961206834
0.053625;0.9814525553360802
0.05368;0.9821274420413878
0.053735000000000005;0.9827858749277529
0.053790000000000004;0.9834282066952844
0.053845000000000004;0.9840548355602006
0.0539;0.9846662221699586
0.053955;0.9852629149812904
0.05401;0.9858455892406034
0.054065;0.9864151084970421
0.05412;0.9869726247467865
0.054175;0.9875197474799792
0.05423;0.9880588414058512
0.054285;0.9885935778777905
0.05434;0.9891300200808769
0.054395;0.9896789240194038
0.054450000000000005;0.9902610988089853
0.054505000000000005;0.9909215265240924
0.054560000000000004;0.991773380827367
0.054615000000000004;0.9931740079304917
0.05467;0.9967938441283621
0.054725;1.0225172488632057
0.05478;1.1471668188613966
0.054835;1.0022073495233201
0.05489;0.99608638356818
0.054945;0.9948429969998785
0.055;0.994550170212378
0.055055;0.9945595177829417
0.05511;0.9946899100006423
0.055165;0.9948747287535001
0.055220000000000005;0.9950848740802826
0.055275000000000005;0.9953060509051421
0.055330000000000004;0.9955306226977109
0.055385000000000004;0.9957542544993295
0.05544;0.9959743772143655
0.055495;0.9961894251876396
0.05555;0.9963984318817943
0.055605;0.99660080346902
0.05566;0.9967961861176196
0.055715;0.9969843851044745
0.05577;0.9971653138237879
0.055825;0.997338960680595
0.05588;0.9975053670291294
0.055935;0.9976646121264007
0.055990000000000005;0.9978168026541653
0.056045000000000005;0.9979620652834081
0.056100000000000004;0.9981005413063667
0.056155000000000004;0.9982323826996718
0.05621;0.9983577491946788
0.056265;0.9984768060677782
0.05632;0.9985897224526
0.056375;0.9986966700356021
0.05643;0.9987978220367402
0.056485;0.9988933524045975
0.05654;0.998983435174617
0.056595;0.9990682439526078
0.05665;0.9991479514954831
0.056705000000000005;0.9992227293681308
0.056760000000000005;0.9992927476604591
0.056815000000000004;0.9993581747524258
0.056870000000000004;0.9994191771176306
0.056925;0.999475919158189
0.05698;0.9995285630651976
0.057035;0.9995772687002282
0.05709;0.9996221934943805
0.057145;0.999663492361928
0.0572;0.9997013176263814
0.057255;0.9997358189570189
0.05731;0.9997671433144356
0.057365;0.9997954349038664
0.05742;0.9998208351352352
0.057475000000000005;0.9998434825891322
0.057530000000000005;0.9998635129879778
0.057585000000000004;0.9998810591718246
0.057640000000000004;0.9998962510782521
0.057695;0.999909215725985
0.05775;0.9999200772018164
0.057805;0.9999289566506395
0.05786;0.9999359722681335
0.057915;0.9999412392960955
0.05797;0.9999448700200267
0.058025;0.9999469737689285
0.05808;0.9999476569170745
0.058135;0.9999470228876527
0.05819;0.9999451721581614
0.058245000000000005;0.9999422022673942
0.058300000000000005;0.9999382078240219
0.058355000000000004;0.9999332805165299
0.058410000000000004;0.9999275091245984
0.058465;0.999920979531667
0.05852;0.9999137747388068
0.058575;0.9999059748796528
0.05863;0.9998976572364846
0.058685;0.9998888962572968
0.05874;0.9998797635738702
0.058795;0.9998703280207716
0.05885;0.9998606556552114
0.058905;0.9998508097777838
0.058960000000000005;0.9998408509539857
0.059015000000000005;0.9998308370364838
0.059070000000000004;0.9998208231881518
0.059125000000000004;0.9998108619057464
0.05918;0.9998010030442939
0.059235;0.9997912938420614
0.05929;0.9997817789461623
0.059345;0.9997725004387144
0.0594;0.9997634978635357
0.059455;0.9997548082533931
0.05951;0.9997464661576898
0.059565;0.9997385036706705
0.05962;0.9997309504600544
0.059675;0.9997238337960979
0.059730000000000005;0.999717178581058
0.059785000000000005;0.9997110073790398
0.059840000000000004;0.9997053404462274
0.059895000000000004;0.9997001957614376
0.05995;0.9996955890570255
0.060005;0.999691533850091
0.06006;0.9996880414739807
0.060115;0.9996851211100962
0.06017;0.9996827798199345
0.060225;0.9996810225774
0.06028;0.9996798523013658
0.060335;0.9996792698884305
0.06039;0.9996792742459185
0.060445;0.9996798623250658
0.060500000000000005;0.9996810291544037
0.060555000000000005;0.9996827678732834
0.060610000000000004;0.9996850697656431
0.060665000000000004;0.9996879242938441
0.06072;0.9996913191327169
0.060775;0.9996952402037182
0.06083;0.9996996717091999
0.060885;0.9997045961668279
0.06094;0.9997099944440817
0.060995;0.9997158457928726
0.06105;0.9997221278842313
0.061105;0.9997288168431051
0.06116;0.9997358872832127
0.061215000000000006;0.9997433123419643
0.061270000000000005;0.9997510637154602
0.061325000000000005;0.9997591116935218
0.061380000000000004;0.9997674251947702
0.061435000000000003;0.9997759718017772
0.06149;0.9997847177961888
0.061545;0.9997936281939274
0.0616;0.9998026667803815
0.061655;0.9998117961456328
0.06171;0.9998209777196575
0.061765;0.9998301718075568
0.06182;0.999839337624768
0.061875;0.9998484333322623
0.06193;0.9998574160717274
0.061985000000000005;0.9998662420007265
0.062040000000000005;0.9998748663278272
0.062095000000000004;0.9998832433476899
0.062150000000000004;0.9998913264761148
0.062205;0.999899068285054
0.06226;0.9999064205375467
0.062315;0.9999133342226137
0.06237;0.9999197595900777
0.062425;0.9999256461853189
0.06248;0.9999309428839408
0.06253500000000001;0.9999355979263649
0.06259;0.9999395589523428
0.062645;0.9999427730353361
0.0627;0.9999451867168488
0.062755;0.9999467460406131
0.06281;0.999947396586673
0.062865;0.9999470835053553
0.06292;0.9999457515510991
0.062975;0.99994334511618
0.06303;0.9999398082642563
0.063085;0.9999350847638214
0.06314;0.9999291181214618
0.063195;0.9999218516149648
0.06325;0.9999132283262873
0.063305;0.9999031911743385
0.06336;0.9998916829475728
0.063415;0.9998786463364231
0.06347;0.9998640239655316
0.063525;0.9998477584256965
0.06358;0.9998297923059213
0.063635;0.9998100682247943
0.06369;0.9997885288620046
0.063745;0.9997651169894992
0.0638;0.9997397755024211
0.06385500000000001;0.9997124474498182
0.06391000000000001;0.9996830760650925
0.06396500000000001;0.9996516047962104
0.06402000000000001;0.9996179773356321
0.06407500000000001;0.9995821376500065
0.06413;0.9995440300095398
0.064185;0.9995035990171942
0.06424;0.9994607896373775
0.064295;0.9994155472246011
0.06435;0.999367817551649
0.064405;0.9993175468375108
0.06446;0.9992646817749772
0.064515;0.9992091695579035
0.06457;0.999150957908177
0.064625;0.9990899951022829
0.06468;0.9990262299975943
0.064735;0.9989596120582421
0.06479;0.9988900913806794
0.064845;0.9988176187188414
0.0649;0.9987421455089428
0.064955;0.9986636238939036
0.06501;0.9985820067473685
0.065065;0.99849724769735
0.06512;0.9984093011494503
0.065175;0.998318122309704
0.06523;0.9982236672069703
0.065285;0.9981258927149455
0.06534000000000001;0.998024756573715
0.06539500000000001;0.9979202174108953
0.06545000000000001;0.9978122347623278
0.06550500000000001;0.9977007690923329
0.06556000000000001;0.9975857818135154
0.065615;0.9974672353061177
0.06567;0.9973450929369043
0.065725;0.9972193190776028
0.06578;0.9970898791228422
0.065835;0.9969567395076575
0.06589;0.9968198677244804
0.065945;0.9966792323396795
0.066;0.9965348030095849
0.066055;0.9963865504960427
0.06611;0.996234446681466
0.066165;0.9960784645833929
0.06622;0.9959185783685583
0.066275;0.9957547633664198
0.06633;0.995586996082224
0.066385;0.9954152542095528
0.06644;0.9952395166423533
0.066495;0.9950597634864209
0.06655;0.994875976070467
0.066605;0.9946881369565618
0.06666;0.9944962299501068
0.066715;0.9943002401093286
0.06677;0.994100153754189
0.066825;0.9938959584748158
0.06688000000000001;0.9936876431394059
0.06693500000000001;0.9934751979016226
0.06699000000000001;0.9932586142074394
0.06704500000000001;0.9930378848015332
0.0671;0.9928130037330989
0.067155;0.9925839663611823
0.06721;0.9923507693595035
0.067265;0.9921134107207537
0.06732;0.9918718897604077
0.067375;0.9916262071200205
0.06743;0.991376364770009
0.067485;0.9911223660119711
0.06754;0.9908642154804758
0.067595;0.9906019191443911
0.06765;0.9903354843076926
0.067705;0.990064919609829
0.06776;0.9897902350255945
0.067815;0.9895114418645153
0.06787;0.9892285527697876
0.067925;0.9889415817167542
0.06798;0.9886505440109168
0.068035;0.9883554562855171
0.06809;0.9880563364986483
0.068145;0.987753203929958
0.0682;0.9874460791769103
0.068255;0.9871349841506242
0.06831;0.9868199420713061
0.06836500000000001;0.9865009774632694
0.06842000000000001;0.9861781161495753
0.06847500000000001;0.9858513852461828
0.06853000000000001;0.9855208131560206
0.06858500000000001;0.9851864295621283
0.06864;0.9848482654210453
0.068695;0.9845063529554421
0.06875;0.9841607256465554
0.068805;0.9838114182262253
0.06886;0.9834584666686497
0.068915;0.9831019081817682
0.06897;0.9827417811983644
0.069025;0.9823781253668429
0.06908;0.9820109815416977
0.069135;0.9816403917737064
0.06919;0.98126639929982
0.069245;0.9808890485327606
0.0693;0.9805083850503818
0.069355;0.9801244555846976
0.06941;0.9797373080106834
0.069465;0.9793469913347518
0.06952;0.9789535556830367
0.069575;0.9785570522892845
0.06963;0.9781575334825492
0.069685;0.9777550526745143
0.06974;0.9773496643465337
0.069795;0.9769414240363115
0.06985000000000001;0.9765303883241845
0.06990500000000001;0.9761166148189931
0.06996000000000001;0.9757001621434576
0.07001500000000001;0.9752810899190103
0.07007000000000001;0.9748594587499622
0.070125;0.9744353302068899
0.07018;0.9740087668090958
0.070235;0.9735798320059543
0.07029;0.9731485901568135
0.070345;0.9727151065092022
0.0704;0.9722794471748054
0.070455;0.9718416791026754
0.07051;0.9714018700488184
0.070565;0.97096008854111
0.07062;0.9705164038379755
0.070675;0.9700708858787929
0.07073;0.9696236052229292
0.070785;0.9691746329730689
0.07084;0.9687240406762642
0.070895;0.9682719001926297
0.07095;0.9678182835157689
0.071005;0.96736326251869
0.07106;0.9669069085800829
0.071115;0.9664492920091108
0.07117;0.9659904811099925
0.071225;0.965530540552394
0.07128;0.9650695282644733
0.071335;0.9646074887212264
0.07139000000000001;0.9641444354370704
0.07144500000000001;0.9636802872524619
0.07150000000000001;0.9632142303872149
0.07155500000000001;0.9578151136465758
0.07161000000000001;0.9590904447584919
0.071665;0.9600043921065525
0.07172;0.9607411722101744
0.071775;0.9613682962408497
0.07183;0.9619194235856192
0.071885;0.9624141692372026
0.07194;0.9628651240693294
0.071995;0.963280924616514
0.07205;0.9636677896850709
0.072105;0.9640303665971576
0.07216;0.9643722317793514
0.072215;0.964696203854142
0.07227;0.9650045484253083
0.072325;0.9652991170411527
0.07238;0.9655814444406218
0.072435;0.9658528184101567
0.07249;0.9661143311085997
0.072545;0.9663669175227484
0.0726;0.9666113847806904
0.072655;0.9668484348395304
0.07271;0.9670786822853573
0.072765;0.9673026684698242
0.07282;0.9675208728616068
0.07287500000000001;0.9677337222529101
0.07293000000000001;0.9679415982946351
0.07298500000000001;0.9681448437151596
0.07304000000000001;0.9683437674921869
0.07309500000000001;0.9685386491843381
0.07315;0.9687297425827566
0.073205;0.9689172788082142
0.07326;0.9691014689527019
0.073315;0.9692825063444326
0.07337;0.9694605684994947
0.073425;0.9696358188112899
0.07348;0.9698084080193168
0.073535;0.9699784754913596
0.07359;0.9701461503471146
0.073645;0.9703115524464349
0.0737;0.9704747932615171
0.073755;0.9706359766492099
0.07381;0.9707951995369926
0.073865;0.9709525525341015
0.07392;0.9711081204775223
0.073975;0.9712619829211284
0.07403;0.9714142145750185
0.074085;0.9715648857011202
0.07414;0.9717140624702877
0.074195;0.9718618072854128
0.07425;0.9720081790743986
0.074305;0.97215323355646
0.07436000000000001;0.9722970234846704
0.07441500000000001;0.9724395988673323
0.07447000000000001;0.9725810071704836
0.07452500000000001;0.9727212935034689
0.07458000000000001;0.9728605007894228
0.074635;0.9729986699221039
0.07469;0.9731358399105833
0.074745;0.9732720480129493
0.0748;0.9734073298599705
0.074855;0.973541719570106
0.07491;0.9736752498562427
0.074965;0.97380795212527
0.07502;0.9739398565710571
0.075075;0.9740709922615468
0.07513;0.9742013872204749
0.075185;0.974331068504275
0.07524;0.9744600622746463
0.075295;0.9745883938672103
0.07535;0.9747160878566786
0.075405;0.974843168118857
0.07546;0.974969657889881
0.075515;0.975095579822977
0.07557;0.9752209560430375
0.075625;0.975345808199328
0.07568;0.9754701575165265
0.075735;0.9755940248444287
0.07579;0.9757174307064843
0.07584500000000001;0.9758403953474808
0.07590000000000001;0.9759629387804982
0.07595500000000001;0.9760850808334647
0.07601000000000001;0.9762068411954687
0.07606500000000001;0.9763282394630616
0.07612000000000001;0.976449295186773
0.076175;0.9765700279180883
0.07623;0.9766904572570635
0.076285;0.9768106029008595
0.07634;0.9769304846934269
0.076395;0.9770501226765894
0.07645;0.977169537142799
0.076505;0.9772887486898357
0.07656;0.9774077782777788
0.076615;0.9775266472885266
0.07667;0.9776453775882832
0.076725;0.9777639915932541
0.07678;0.9778825123391665
0.076835;0.978000963554755
0.07689;0.9781193697400276
0.076945;0.9782377562495366
0.077;0.9783561493814212
0.077055;0.978474576472733
0.07711;0.9785930660018349
0.077165;0.9787116476985661
0.07722;0.978830352663043
0.077275;0.9789492134940354
0.07733;0.979068264427981
0.07738500000000001;0.9791875414897799
0.07744000000000001;0.9793070826566517
0.07749500000000001;0.9794269280365551
0.07755000000000001;0.9795471200627438
0.07760500000000001;0.9796677037063043
0.07766;0.979788726708714
0.077715;0.9799102398367144
0.07777;0.9800322971621263
0.077825;0.9801549563694483
0.07788;0.9802782790946857
0.077935;0.9804023312990414
0.07799;0.9805271836817893
0.078045;0.9806529121371867
0.0781;0.9807795982609142
0.078155;0.980907329912394
0.07821;0.981036201840165
0.078265;0.9811663163786334
0.07832;0.9812977842256808
0.078375;0.981430725312061
0.07843;0.9815652697752684
0.078485;0.9817015590524785
0.07854;0.981839747109405
0.078595;0.9819800018249583
0.07865;0.9821225065543931
0.078705;0.9822674618979916
0.07876;0.9824150877064128
0.078815;0.9825656253595633
0.07887000000000001;0.9827193403631301
0.07892500000000001;0.9828765253124168
0.07898000000000001;0.983037503286091
0.07903500000000001;0.9832026317409026
0.07909000000000001;0.9833723069939183
0.07914500000000001;0.983546969395403
0.0792;0.9837271093161732
0.079255;0.9839132740988731
0.07931;0.9841060761538849
0.079365;0.9843062024197444
0.07942;0.9845144254562035
0.079475;0.9847316164988054
0.07953;0.9849587608799897
0.079585;0.9851969763179963
0.07964;0.9854475346970968
0.079695;0.9857118881189717
0.07975;0.9859917002058749
0.079805;0.9862888838962288
0.07986;0.9866056473115639
0.079915;0.9869445497179855
0.07997;0.9873085701918338
0.080025;0.9877011923806828
0.08008;0.988126509800264
0.080135;0.9885893575294399
0.08019;0.9890954781095038
0.080245;0.9896517321388133
0.0803;0.9902663678008343
0.08035500000000001;0.9909493688521954
0.08041000000000001;0.9917129081515368
0.08046500000000001;0.9925719447395733
0.08052000000000001;0.9935450185135729
0.08057500000000001;0.9946553204073373
0.08063000000000001;0.995932152091409
0.080685;0.9974129447653374
0.08074;0.99914609371253
0.080795;1.001195004615778
0.08085;1.0036439754429543
0.080905;1.0066069191864764
0.08096;1.0102405883215706
0.081015;1.0147651207802875
0.08107;1.0204968397951513
0.081125;1.0279022202115304
0.08118;1.0376897003415437
0.081235;1.0509717249113255
0.08129;1.0695622446882258
0.081345;1.0965451146618563
0.0814;1.1373969403893986
0.081455;1.2022175304837046
0.08151;1.3097271237232864
0.081565;1.4902946438790874
0.08162;1.7587588640649072
0.081675;1.9754817420781154
0.08173;1.8775997541117648
0.081785;1.6048072011061183
0.08184;1.388764121631432
0.08189500000000001;1.2555070745585093
0.08195000000000001;1.1751597635308337
0.08200500000000001;1.124934851467896
0.08206000000000001;1.0920545011020022
0.08211500000000001;1.0695765975272544
0.08217;1.0536219067979529
0.082225;1.0419303834346316
0.08228;1.0331285481339831
0.082335;1.0263486013204401
0.08239;1.0210228726424266
0.082445;1.0167684545691644
0.0825;1.0133199857316393
0.082555;1.0104891186341338
0.08261;1.008139305005861
0.082665;1.0061696632695172
0.08272;1.004504392269095
0.082775;1.0030856640240393
0.08283;1.0018687525788248
0.082885;1.000818632251129
0.08294;0.9999075611446878
0.082995;0.9991133375985258
0.08305;0.9984180240831211
0.083105;0.9978070008824721
0.08316;0.9972682557936222
0.083215;0.9967918449832813
0.08327;0.9963694794944301
0.083325;0.9959942050497939
0.08338000000000001;0.9956601518664766
0.08343500000000001;0.9953623375289732
0.08349000000000001;0.9950965104461015
0.08354500000000001;0.9948590246192307
0.08360000000000001;0.9946467387653144
0.08365500000000001;0.9944569345284757
0.08371;0.9942872497609018
0.083765;0.9941356237809001
0.08382;0.9940002522117919
0.083875;0.9938795495314302
0.08393;0.9937721178629585
0.083985;0.9936767208451363
0.08404;0.993592261658275
0.084095;0.993517764466719
0.08415;0.9934523586835042
0.084205;0.9933952655766867
0.08426;0.9933457868269772
0.084315;0.993303294718156
0.08437;0.9932672236988681
0.084425;0.9932370631009145
0.08448;0.9932123508359834
0.084535;0.9931926679232971
0.08459;0.9931776337250823
0.084645;0.9931669017870224
0.0847;0.9931601561972979
0.084755;0.9931571083914994
0.08481;0.993157494342016
0.08486500000000001;0.9931610720797952
0.08492000000000001;0.9931676195042244
0.08497500000000001;0.9931769324434611
0.08503000000000001;0.9931888229328409
0.08508500000000001;0.9932031176838427
0.08514000000000001;0.9932196567197876
0.085195;0.9932382921577386
0.08525;0.9932588871190596
0.085305;0.9932813147531661
0.08536;0.9933054573613006
0.085415;0.993331205608678
0.08547;0.9933584578150051
0.085525;0.9933871193145465
0.08558;0.9934171018779839
0.085635;0.9934483231894564
0.08569;0.9934807063726425
0.085745;0.9935141795608782
0.0858;0.9935486755065511
0.085855;0.9935841312257504
0.08591;0.9936204876746041
0.085965;0.9936576894540723
0.08602;0.9936956845403494
0.086075;0.993734424038439
0.08613;0.9937738619565366
0.086185;0.9938139549993307
0.08624;0.9938546623783712
0.086295;0.9938959456379133
0.08635;0.9939377684948295
0.08640500000000001;0.9939800966912768
0.08646000000000001;0.9940228978589892
0.08651500000000001;0.9940661413941418
0.08657000000000001;0.9941097983418635
0.08662500000000001;0.9941538412895268
0.08668000000000001;0.9941982442681321
0.086735;0.9942429826609736
0.08679;0.9942880331191075
0.086845;0.994333373482938
0.0869;0.9943789827094944
0.086955;0.9944248408048905
0.08701;0.9944709287615601
0.087065;0.9945172284998902
0.08712;0.9945637228138978
0.087175;0.9946103953206318
0.08723;0.9946572304129944
0.087285;0.9947042132157802
0.08734;0.9947513295445922
0.087395;0.9947985658675035
0.08745;0.994845909269211
0.087505;0.9948933474174977
0.08756;0.9949408685318912
0.087615;0.994988461354255
0.08767;0.9950361151212634
0.087725;0.9950838195386172
0.08778;0.9951315647567892
0.087835;0.995179341348347
0.08789000000000001;0.9952271402865573
0.08794500000000001;0.9952749529253572
0.08800000000000001;0.9953227709804996
0.08805500000000001;0.9953705865117786
0.08811000000000001;0.9954183919063734
0.08816500000000001;0.9954661798630869
0.08822;0.9955139433775618
0.088275;0.995561675728284
0.08833;0.9956093704634404
0.088385;0.9956570213884864
0.08844;0.995704622554403
0.088495;0.9957521682466397
0.08855;0.995799652974642
0.088605;0.9958470714619566
0.08866;0.9958944186368853
0.088715;0.9959416896236345
0.08877;0.9959888797339468
0.088825;0.9960359844591761
0.08888;0.9960829994627747
0.088935;0.9961299205731782
0.08899;0.996176743777087
0.089045;0.9962234652130478
0.0891;0.9962700811654164
0.089155;0.9963165880585875
0.08921;0.996362982451561
0.089265;0.9964092610327294
0.08932;0.9964554206149883
0.08937500000000001;0.996501458131048
0.08943000000000001;0.9965473706289919
0.08948500000000001;0.9965931552680606
0.08954000000000001;0.9966388093146307
0.08959500000000001;0.9966843301384093
0.08965000000000001;0.9967297152087953
0.08970500000000001;0.9967749620914255
0.08976;0.9968200684448936
0.089815;0.9968650320176123
0.08987;0.9969098506448433
0.089925;0.9969545222458528
0.08998;0.996999044821216
0.090035;0.997043416450231
0.09009;0.9970876352884818
0.090145;0.997131699565495
0.0902;0.9971756075825032
0.090255;0.997219357710335
0.09031;0.9972629483873844
0.090365;0.9973063781176831
0.09042;0.9973496454690608
0.090475;0.9973927490713871
0.09053;0.9974356876149001
0.090585;0.9974784598486153
0.09064;0.9975210645787992
0.090695;0.9975635006675234
0.09075;0.9976057670312679
0.090805;0.9976478626396272
0.09086;0.9976897865140265
0.09091500000000001;0.9977315377265219
0.09097000000000001;0.9977731153986953
0.09102500000000001;0.9978145187005104
0.09108000000000001;0.9978557468493142
0.09113500000000001;0.9978967991088283
0.09119000000000001;0.9979376747882045
0.091245;0.9979783732411414
0.0913;0.9980188938650149
0.091355;0.9980592361000723
0.09141;0.9980993994286548
0.091465;0.9981393833744597
0.09152;0.9981791875018474
0.091575;0.9982188114151634
0.09163;0.9982582547581199
0.091685;0.998297517213188
0.09174;0.9983365985010388
0.091795;0.9983754983799853
0.09185;0.9984142166455001
0.091905;0.9984527531297136
0.09196;0.9984911077009634
0.092015;0.9985292802633703
0.09207;0.9985672707564234
0.092125;0.9986050791546134
0.09218;0.9986427054670639
0.092235;0.9986801497372015
0.09229;0.9987174120424351
0.092345;0.9987544924938826
0.09240000000000001;0.9987913912360747
0.09245500000000001;0.9988281084467154
0.09251000000000001;0.9988646443364501
0.09256500000000001;0.9989009991486847
0.09262000000000001;0.9989371731592359
0.09267500000000001;0.998973166676417
0.09273;0.9990089800406297
0.092785;0.9990446136243829
0.09284;0.9990800678320692
0.092895;0.9991153430998154
0.09295;0.9991504398955545
0.093005;0.999185358718809
0.09306;0.999220100100618
0.093115;0.9992546646035578
0.09317;0.999289052821631
0.093225;0.9993232653803017
0.09328;0.9993573029364413
0.093335;0.9993911661783395
0.09339;0.9994248558257396
0.093445;0.9994583726298373
0.0935;0.9994917173733441
0.093555;0.9995248908705228
0.09361;0.9995578939672656
0.093665;0.9995907275411678
0.09372;0.9996233925016184
0.093775;0.9996558897898987
0.09383;0.9996882203793053
0.09388500000000001;0.9997203852752672
0.09394000000000001;0.9997523855154876
0.09399500000000001;0.9997842221700894
0.09405000000000001;0.9998158963417872
0.09410500000000001;0.9998474091660506
0.09416000000000001;0.9998787618112863
0.09421500000000001;0.9999099554790475
0.09427;0.9999409914042287
0.094325;0.9999718708552877
0.09438;1.000002595134487
0.094435;1.0000331655781172
0.09449;1.0000635835567693
0.094545;1.0000938504755925
0.0946;1.0001239677745732
0.094655;1.0001539369288226
0.09471;1.0001837594488796
0.094765;1.0002134368810254
0.09482;1.0002429708076057
0.094875;1.000272362847375
0.09493;1.0003016146558392
0.094985;1.0003307279256213
0.09504;1.0003597043868375
0.095095;1.000388545807478
0.09515;1.0004172539938232
0.095205;1.0004458307908388
0.09526;1.0004742780826157
0.095315;1.0005025977927977
0.09537000000000001;1.000530791885053
0.09542500000000001;1.0005588623635207
0.09548000000000001;1.0005868112733096
0.09553500000000001;1.0006146407009864
0.09559000000000001;1.0006423527750852
0.09564500000000001;1.00066994966663
0.09570000000000001;1.0006974335896872
0.095755;1.0007248068019021
0.09581;1.0007520716050806
0.095865;1.0007792303457705
0.09592;1.0008062854158757
0.095975;1.0008332392532546
0.09603;1.0008600943423747
0.096085;1.0008868532149495
0.09614;1.0009135184506208
0.096195;1.0009400926776384
0.09625;1.0009665785735709
0.096305;1.000992978866024
0.09636;1.001019296333389
0.096415;1.0010455338056028
0.09647;1.0010716941649314
0.096525;1.001097780346771
0.09658;1.0011237953404755
0.096635;1.0011497421901914
0.09669;1.001175623995736
0.096745;1.0012014439134764
0.0968;1.0012272051572357
0.096855;1.0012529109992496
0.09691000000000001;1.0012785647710978
0.09696500000000001;1.0013041698647007
0.09702000000000001;1.001329729733323
0.09707500000000001;1.0013552478926042
0.09713000000000001;1.0013807279216236
0.09718500000000001;1.0014061734639743
0.09724000000000001;1.001431588228888
0.097295;1.0014569759923735
0.09735;1.001482340598377
0.097405;1.0015076859599916
0.09746;1.0015330160606906
0.097515;1.0015583349555768
0.09757;1.0015836467726797
0.097625;1.0016089557142884
0.09768;1.001634266058301
0.097735;1.0016595821596266
0.09779;1.0016849084516088
0.097845;1.0017102494474914
0.0979;1.001735609741927
0.097955;1.0017609940125136
0.09801;1.0017864070213731
0.098065;1.0018118536167782
0.09812;1.001837338734814
0.098175;1.0018628674010717
0.09823;1.001888444732419
0.098285;1.0019140759387624
0.09834;1.0019397663249356
0.09839500000000001;1.0019655212925105
0.09845000000000001;1.0019913463418297
0.09850500000000001;1.0020172470738922
0.09856000000000001;1.0020432291925216
0.09861500000000001;1.0020692985062254
0.09867000000000001;1.002095460930651
0.09872500000000001;1.002121722490527
0.09878;1.002148089322048
0.098835;1.0021745676751623
0.09889;1.0022011639159314
0.098945;1.0022278845290085
0.099;1.0022547361200957
0.099055;1.002281725418568
0.09911;1.0023088592800549
0.099165;1.0023361446892016
0.09922;1.0023635887623992
0.099275;1.0023911987506815
0.09933;1.0024189820426244
0.099385;1.0024469461673697
0.09944;1.0024750987977051
0.099495;1.002503447753246
0.09955;1.0025320010036864
0.099605;1.0025607666721323
0.09966;1.0025897530385621
0.099715;1.0026189685433315
0.09977;1.0026484217908063
0.099825;1.0026781215530902
0.09988000000000001;1.0027080767738423
0.09993500000000001;1.002738296572203
0.09999000000000001;1.0027687902468398
0.10004500000000001;1.0027995672800905
0.10010000000000001;1.0028306373422222
0.10015500000000001;1.002862010295815
0.10021000000000001;1.002893696200258
0.100265;1.0029257053163878
0.10032;1.0029580481112266
0.100375;1.0029907352628777
0.10043;1.0030237776655524
0.100485;1.0030571864347375
0.10054;1.00309097291249
0.100595;1.003125148672919
0.10065;1.0031597255277862
0.100705;1.0031947155322813
0.10076;1.0032301309909695
0.100815;1.0032659844638907
0.10087;1.003302288772841
0.100925;1.0033390570078404
0.10098;1.0033763025337765
0.101035;1.003414038997246
0.10109;1.0034522803335926
0.101145;1.0034910407741398
0.1012;1.003530334853656
0.101255;1.0035701774180097
0.10131;1.0036105836320677
0.101365;1.0036515689878198
0.10142000000000001;1.003693149312732
0.10147500000000001;1.0037353407783642
0.10153000000000001;1.0037781599092281
0.10158500000000001;1.0038216235919044
0.10164000000000001;1.0038657490844536
0.10169500000000001;1.0039105540260722
0.10175000000000001;1.0039560564470724
0.101805;1.0040022747791306
0.10186;1.0040492278658628
0.101915;1.0040969349737103
0.10197;1.004145415803161
0.102025;1.0041946905002908
0.10208;1.0042447796686824
0.102135;1.0042957043816854
0.10219;1.0043474861950648
0.102245;1.004400147160015
0.1023;1.0044537098366053
0.102355;1.004508197307606
0.10241;1.0045636331927612
0.102465;1.0046200416634967
0.10252;1.0046774474580789
0.102575;1.0047358758972582
0.10263;1.0047953529003728
0.102685;1.0048559050019952
0.10274;1.0049175593690614
0.102795;1.004980343818555
0.10285;1.0050442868357505
0.10290500000000001;1.0051094175930329
0.10296000000000001;1.005175765969288
0.10301500000000001;1.0052433625699524
0.10307000000000001;1.0053122387476474
0.10312500000000001;1.005382426623514
0.10318000000000001;1.0054539591092027
0.10323500000000001;1.0055268699295792
0.10329;1.0056011936461462
0.103345;1.0056769656812328
0.1034;1.005754222342944
0.103455;1.0058330008509326
0.10351;1.0059133393629902
0.103565;1.0059952770025034
0.10362;1.006078853886797
0.103675;1.006164111156413
0.10373;1.006251091005301
0.103785;1.0063398367120526
0.10384;1.006430392672096
0.103895;1.0065228044309746
0.10395;1.0066171187187003
0.104005;1.0067133834852313
0.10406;1.0068116479371105
0.104115;1.006911962575312
0.10417;1.0070143792343014
0.104225;1.0071189511224046
0.10428;1.0072257328634742
0.104335;1.0073347805399133
0.10439000000000001;1.007446151737141
0.10444500000000001;1.0075599055894582
0.10450000000000001;1.0076761028274375
0.10455500000000001;1.0077948058268604
0.10461000000000001;1.0079160786591699
0.10466500000000001;1.008039987143683
0.10472000000000001;1.008166598901273
0.10477500000000001;1.0082959834100793
0.10483;1.0084282120626424
0.104885;1.0085633582250635
0.10494;1.0087014972979798
0.104995;1.008842706779402
0.10505;1.0089870663294938
0.105105;1.0091346578373401
0.10516;1.0092855654896915
0.105215;1.0094398758417704
0.10527;1.009597677890084
0.105325;1.009759063147356
0.10538;1.009924125719484
0.105435;1.0100929623845845
0.10549;1.010265672674103
0.105545;1.0104423589559004
0.1056;1.0106231265193497
0.105655;1.0108080836622824
0.10571;1.0109973417797766
0.105765;1.0111910154545583
0.10582;1.0113892225489278
0.105875;1.0115920842979584
0.10593000000000001;1.0117997254036977
0.10598500000000001;1.01201227413006
0.10604000000000001;1.0122298623979928
0.10609500000000001;1.012452625880405
0.10615000000000001;1.012680704096248
0.10620500000000001;1.0129142405030207
0.10626000000000001;1.01315338258677
0.106315;1.0133982819484915
0.10637;1.0136490943855878
0.106425;1.0139059799667538
0.10648;1.014169103098327
0.106535;1.0144386325796444
0.10659;1.014714741644528
0.106645;1.0149976079852645
0.1067;1.015287413754681
0.106755;1.0155843455409224
0.10681;1.0158885943082638
0.106865;1.016200355295674
0.10692;1.0165198278629537
0.106975;1.0168472152715644
0.10703;1.0171827243841902
0.107085;1.0175265652627572
0.10714;1.0178789506392916
0.107195;1.0182400952268305
0.10725;1.018610214828434
0.107305;1.0189895251896888
0.10736;1.0193782405238454
0.10741500000000001;1.0197765716160898
0.10747000000000001;1.0201847233827306
0.10752500000000001;1.020602891719053
0.10758000000000001;1.0210312594101025
0.10763500000000001;1.021469990794831
0.10769000000000001;1.0219192247538167
0.10774500000000001;1.022379065415024
0.1078;1.0228495697119664
0.107855;1.0233307305361807
0.10791;1.0238224536220693
0.107965;1.0243245253529267
0.10802;1.0248365671485984
0.108075;1.0253579695687003
0.10813;1.0258877949617453
0.108185;1.026424629911954
0.10824;1.0269663548705066
0.108295;1.0275097718621584
0.10835;1.028049977897001
0.108405;1.0285792581026632
0.10846;1.029085012441791
0.108515;1.029545580610495
0.10857;1.0299210256427689
0.108625;1.0301301804148444
0.10868;1.0299831252700598
0.108735;1.0289266763327825
0.10879;1.0245809662839163
0.108845;0.9898676495633157
0.10890000000000001;0.9590088705408577
0.10895500000000001;1.0363664832419752
0.10901000000000001;1.0397008321045371
0.10906500000000001;1.0408467452297168
0.10912000000000001;1.0417429038486976
0.10917500000000001;1.042631995813163
0.10923000000000001;1.0435593208046698
0.10928500000000001;1.04453356650613
0.10934;1.0455553718548558
0.109395;1.0466237819728321
0.10945;1.0477378515881837
0.109505;1.048897012656863
0.10956;1.0501011092060573
0.109615;1.051350349190333
0.10967;1.0526452449220387
0.109725;1.0539865612440946
0.10978;1.0553752748553475
0.109835;1.0568125437311748
0.10989;1.058299684648115
0.109945;1.0598381569373492
0.11;1.0614295509545453
0.110055;1.063075580114394
0.11011;1.0647780756333265
0.110165;1.066538983349098
0.11022;1.0683603621521445
0.110275;1.070244383685402
0.11033;1.0721933330576088
0.110385;1.0742096103795356
0.11044000000000001;1.0762957329795901
0.11049500000000001;1.0784543381896434
0.11055000000000001;1.080688186617057
0.11060500000000001;1.0830001658374968
0.11066000000000001;1.0853932944565348
0.11071500000000001;1.0878707264978578
0.11077000000000001;1.0904357560828075
0.110825;1.0930918223707196
0.11088;1.095842514732446
0.110935;1.0986915781310165
0.11099;1.101642918683636
0.111045;1.1047006093784808
0.1111;1.1078688959181933
0.111155;1.111152202659033
0.11121;1.1145551386114483
0.111265;1.118082503463413
0.11132;1.1217392935823776
0.111375;1.1255307079457184
0.11143;1.1294621539422738
0.111485;1.1335392529791652
0.11154;1.1377678458189262
0.111595;1.1421539975609865
0.11165;1.1467040021699577
0.111705;1.1514243864395617
0.11176;1.1563219132660647
0.111815;1.1614035840888701
0.11187;1.1666766403371602
0.11192500000000001;1.172148563701958
0.11198000000000001;1.1778270750304691
0.11203500000000001;1.1837201316157417
0.11209000000000001;1.1898359226289923
0.11214500000000001;1.1961828624131665
0.11220000000000001;1.2027695813272001
0.11225500000000001;1.2096049137976566
0.11231000000000001;1.2166978832014501
0.112365;1.2240576831676964
0.11242;1.2316936548510364
0.112475;1.239615259691585
0.11253;1.2478320471402897
0.112585;1.2563536167926566
0.11264;1.2651895743405472
0.112695;1.274349480720869
0.11275;1.2838427938163914
0.112805;1.293678802044746
0.11286;1.3038665491643804
0.112915;1.314414749630219
0.11297;1.3253316938512718
0.113025;1.336625142741817
0.11308;1.3483022110199459
0.113135;1.3603692387974546
0.11319;1.3728316511282572
0.113245;1.3856938053423742
0.1133;1.3989588261969177
0.113355;1.412628429125693
0.11341000000000001;1.4267027321729184
0.11346500000000001;1.4411800575558287
0.11352000000000001;1.4560567242180205
0.11357500000000001;1.4713268332126077
0.11363000000000001;1.4869820482869984
0.11368500000000001;1.5030113746263616
0.11374000000000001;1.5194009393429977
0.11379500000000001;1.5361337779551263
0.11385;1.5531896317706395
0.113905;1.5705447617472412
0.11396;1.5881717850157355
0.114015;1.606039540788855
0.11407;1.6241129927941718
0.114125;1.6423531756221792
0.11418;1.6607171924197301
0.114235;1.6791582711393236
0.11429;1.6976258860327536
0.114345;1.7160659502139681
0.1144;1.7344210838908038
0.114455;1.7526309612625968
0.11451;1.7706327371184605
0.114565;1.7883615518803144
0.11462;1.805751111276312
0.114675;1.8227343340956446
0.11473;1.839244058671616
0.114785;1.855213796005605
0.11484;1.8705785149246432
0.11489500000000001;1.885275442510653
0.11495000000000001;1.899244861402184
0.11500500000000001;1.9124308845725693
0.11506000000000001;1.9247821879352085
0.11511500000000001;1.9362526816769328
0.11517000000000001;1.946802102584283
0.11522500000000001;1.9563965117722564
0.11528000000000001;1.9650086850553372
0.11533500000000001;1.9726183865886016
0.11539;1.9792125201766566
0.115445;1.9847851566089159
0.1155;1.9893374393249508
0.115555;1.9928773744474388
0.11561;1.9954195145628815
0.115665;1.9969845484381938
0.11572;1.9975988110275569
0.115775;1.9972937295906514
0.11583;1.9961052224949483
0.115885;1.9940730673405276
0.11594;1.9912402544891876
0.115995;1.9876523409926465
0.11605;1.9833568184068073
0.116105;1.9784025061682884
0.11616;1.9728389802144477
0.116215;1.9667160444576433
0.11627;1.9600832506779626
0.116325;1.9529894704537705
0.11638;1.9454825209709883
0.11643500000000001;1.9376088449810998
0.11649000000000001;1.9294132438412137
0.11654500000000001;1.9209386614773103
0.11660000000000001;1.9122260162607503
0.11665500000000001;1.9033140771656385
0.11671000000000001;1.894239380160828
0.11676500000000001;1.8850361805593219
0.11682000000000001;1.8757364369736358
0.116875;1.8663698225787462
0.11693;1.8569637595396167
0.116985;1.8475434726908873
0.11704;1.8381320588406649
0.117095;1.828750568389561
0.11715;1.8194180962920723
0.117205;1.8101518797286875
0.11726;1.800967400192262
0.117315;1.791878488012508
0.11737;1.782897427644914
0.117425;1.7740350623281977
0.11748;1.7653008969672772
0.117535;1.7567031983256358
0.11759;1.7482490918110227
0.117645;1.7399446543140542
0.1177;1.731795002709871
0.117755;1.7238043777619598
0.11781;1.7159762232761164
0.117865;1.708313260441951
0.11792000000000001;1.7008175573735613
0.11797500000000001;1.6934905939200835
0.11803000000000001;1.6863333218635004
0.11808500000000001;1.6793462206574878
0.11814000000000001;1.6725293488870698
0.11819500000000001;1.6658823916486065
0.11825000000000001;1.6594047040613629
0.11830500000000001;1.6530953511294801
0.11836;1.646953144175513
0.118415;1.640976674066003
0.11847;1.6351643414459693
0.118525;1.6295143841932398
0.11858;1.6240249022962647
0.118635;1.618693880350639
0.11869;1.6135192078596217
0.118745;1.6084986975148423
0.1188;1.6036301016223964
0.118855;1.5989111268299991
0.11891;1.5943394473002694
0.118965;1.589912716465604
0.11902;1.585628577490201
0.119075;1.5814846725559304
0.11913;1.5774786510794463
0.119185;1.573608176960146
0.11924;1.5698709349500375
0.119295;1.5662646362296713
0.11935;1.562787023267103
0.11940500000000001;1.5594358740303194
0.11946000000000001;1.5562090056176197
0.11951500000000001;1.5531042773648573
0.11957000000000001;1.5501195934831513
0.11962500000000001;1.5472529052759252
0.11968000000000001;1.54450221297983
0.11973500000000001;1.5418655672698982
0.11979000000000001;1.5393410704655492
0.11984500000000001;1.5369268774707832
0.1199;1.5346211964786387
0.119955;1.5324222894671597
0.12001;1.5303284725114656
0.120065;1.5283381159342355
0.12012;1.5264496443145772
0.120175;1.52466153637342
0.12023;1.5229723247516012
0.120285;1.521380595695338
0.12034;1.5198849886621626
0.120395;1.518484195859049
0.12045;1.517176961723312
0.120505;1.515962082355582
0.12056;1.5148384049133428
0.120615;1.5138048269723974
0.12067;1.5128602958629522
0.120725;1.512003807986105
0.12078;1.511234408115962
0.120835;1.5105511886919394
0.12089;1.509953289105139
0.12094500000000001;1.5094398949823626
0.12100000000000001;1.5090102374707006
0.12105500000000001;1.5086635925251957
0.12111000000000001;1.5083992802018726
0.12116500000000001;1.5082166639577888
0.12122000000000001;1.5081151499596783
0.12127500000000001;1.5080941864022346
0.12133000000000001;1.5081532628369276
0.121385;1.5082919095119047
0.12144;1.5085096967231941
0.121495;1.5088062341772102
0.12155;1.50918117036425
0.121605;1.5096341919422738
0.12166;1.5101650231299837
0.121715;1.5107734251077
0.12177;1.5114591954240495
0.121825;1.512222167405761
0.12188;1.5130622095669362
0.121935;1.5139792250129194
0.12199;1.5149731508320154
0.122045;1.5160439574656943
0.1221;1.5171916480437648
0.122155;1.5184162576645046
0.12221;1.5197178525893855
0.122265;1.5210965293039518
0.12232;1.5225524133648816
0.122375;1.5240856578941957
0.12243000000000001;1.525696441464458
0.12248500000000001;1.5273849648691156
0.12254000000000001;1.5291514456875077
0.12259500000000001;1.5309961080116574
0.12265000000000001;1.5329191598996423
0.12270500000000001;1.5349207319826061
0.12276000000000001;1.537000632441755
0.12281500000000001;1.6277465714700885
0.12287000000000001;1.6333617296865972
0.122925;1.635911757841546
0.12298;1.6377238706529684
0.123035;1.6391437931145814
0.12309;1.640310876366901
0.123145;1.6412985663941864
0.1232;1.6421514748453174
0.123255;1.6428992339735897
0.12331;1.6435627819064065
0.123365;1.6441576002211833
0.12342;1.644695540067634
0.123475;1.645185925144538
0.12353;1.6456362546017014
0.123585;1.6460526707753311
0.12364;1.6464402817273225
0.123695;1.6468033904119856
0.12375;1.647145661699614
0.123805;1.647470246809871
0.12386;1.6477798778044523
0.12391500000000001;1.6480769405596267
0.12397000000000001;1.6483635319650063
0.12402500000000001;1.6486415053577328
0.12408000000000001;1.648912507044785
0.12413500000000001;1.649178005978961
0.12419000000000001;1.6494393181085782
0.12424500000000001;1.6496976265351977
0.12430000000000001;1.6499539983373885
0.12435500000000001;1.6502093987171118
0.12441;1.6504647029769657
0.124465;1.6507207067254688
0.12452;1.6509781346238965
0.124575;1.651237647924177
0.12463;1.6514998509981207
0.124685;1.6517652970198669
0.12474;1.6520344929333177
0.124795;1.6523079038127906
0.12485;1.6525859567057208
0.124905;1.6528690440318288
0.12496;1.6531575265995122
0.12501500000000002;1.6534517362924281
0.12507000000000001;1.653751978468761
0.12512500000000001;1.654058534110504
0.12518;1.6543716617540365
0.125235;1.654691599228878
0.12529;1.6550185652273268
0.125345;1.6553527607249339
0.1254;1.6556943702687625
0.125455;1.656043563148162
0.12551;1.6564004944610635
0.125565;1.6567653060867729
0.12562;1.6571381275752333
0.125675;1.6575190769612385
0.12573;1.6579082615112235
0.125785;1.6583057784092716
0.12584;1.6587117153881692
0.125895;1.659126151310869
0.12595;1.6595491567068374
0.126005;1.6599807942676177
0.12606;1.6604211193050342
0.126115;1.6608701801755772
0.12617;1.6613280186738237
0.126225;1.6617946703974995
0.12628;1.6622701650866774
0.126335;1.6627545269391395
0.12639;1.6632477749039674
0.126445;1.6637499229550126
0.1265;1.6642609803459305
0.126555;1.6647809518480974
0.12661;1.665309837972861
0.126665;1.6658476351792406
0.12672;1.6663943360681244
0.126775;1.6669499295640762
0.12683;1.6675144010855183
0.126885;1.6680877327042456
0.12694;1.668669903294948
0.126995;1.6692608886754494
0.12705;1.6698606617383571
0.127105;1.6704691925746098
0.12716;1.6710864485895947
0.127215;1.6717123946122214
0.12727;1.6723469929974624
0.127325;1.6729902037227908
0.12738;1.6736419844788808
0.127435;1.674302290754974
0.12749;1.6749710759191871
0.127545;1.6756482912941484
0.1276;1.6763338862282011
0.127655;1.6770278081624392
0.12771000000000002;1.6777300026938522
0.12776500000000002;1.678440413634823
0.12782000000000002;1.6791589830691442
0.12787500000000002;1.6798856514047684
0.12793000000000002;1.6806203574235454
0.12798500000000002;1.681363038328003
0.12804000000000001;1.682113629785473
0.12809500000000001;1.6828720659695713
0.12815000000000001;1.6836382795992777
0.128205;1.684412201975723
0.12826;1.68519376301677
0.128315;1.6859828912895591
0.12837;1.6867795140410726
0.128425;1.687583557226863
0.12848;1.6883949455380263
0.128535;1.6892136024264939
0.12859;1.6900394501287332
0.128645;1.6908724096879526
0.1287;1.6917124009748503
0.128755;1.6925593427070025
0.12881;1.6934131524669578
0.128865;1.6942737467190412
0.12892;1.6951410408250134
0.128975;1.6960149490585386
0.12903;1.696895384618613
0.129085;1.697782259641893
0.12914;1.698675485214023
0.129195;1.6995749713800374
0.12925;1.7004806271537436
0.129305;1.7013923605263015
0.12936;1.7023100784738312
0.129415;1.7032336869642455
0.12947;1.7041630909632437
0.129525;1.7050981944394832
0.12958;1.7060389003690113
0.129635;1.70698511073891
0.12969;1.7079367265502128
0.129745;1.7088936478201135
0.1298;1.7098557735833984
0.129855;1.71082300189325
0.12991;1.7117952298213288
0.129965;1.712772353457121
0.13002;1.7137542679066775
0.130075;1.7147408672906432
0.13013;1.7157320447416007
0.130185;1.7167276924007357
0.13024;1.717727701413846
0.130295;1.7187319619266646
0.13035;1.7197403630794785
0.130405;1.7207527930010902
0.13046;1.7217691388020278
0.130515;1.7227892865671046
0.13057;1.723813121347223
0.130625;1.7248405271504554
0.13068000000000002;1.7258713869323508
0.13073500000000002;1.7269055825855364
0.13079000000000002;1.7279429949284746
0.13084500000000002;1.7289835036934589
0.13090000000000002;1.730026987513748
0.13095500000000002;1.731073323909897
0.13101000000000002;1.7321223892751743
0.13106500000000001;1.733174058860089
0.13112000000000001;1.7342282067560184
0.131175;1.7352847058778198
0.13123;1.7363434279454932
0.131285;1.7374042434647858
0.13134;1.7384670217067295
0.131395;1.7395316306860906
0.13145;1.7405979371386227
0.131505;1.7416658064971922
0.13156;1.7427351028665805
0.131615;1.7438056889970315
0.13167;1.7448774262564508
0.131725;1.7459501746011992
0.13178;1.7470237925453915
0.131835;1.7480981371287183
0.13189;1.7491730638826115
0.131945;1.7502484267948266
0.132;1.7513240782722113
0.132055;1.7523998691017046
0.13211;1.7534756484094558
0.132165;1.7545512636179206
0.13222;1.7556265604009496
0.132275;1.7567013826366464
0.13233;1.7577755723580555
0.132385;1.7588489697014074
0.13244;1.7599214128519531
0.132495;1.7609927379872001
0.13255;1.7620627792174046
0.132605;1.763131368523302
0.13266;1.7641983356908642
0.132715;1.765263508242877
0.13277;1.7663267113674164
0.132825;1.7673877678427716
0.13288;1.768446497958943
0.132935;1.7695027194353212
0.13299;1.7705562473344738
0.133045;1.7716068939719012
0.1331;1.7726544688214019
0.133155;1.7736987784160017
0.13321;1.774739626244174
0.133265;1.775776812641052
0.13332;1.7768101346745186
0.133375;1.777839386025795
0.13343;1.7788643568643563
0.133485;1.7798848337168391
0.13354;1.7809005993296543
0.133595;1.7819114325249852
0.13365;1.7829171080498576
0.13370500000000002;1.7839173964179371
0.13376000000000002;1.7849120637436366
0.13381500000000002;1.7859008715682243
0.13387000000000002;1.7868835766774367
0.13392500000000002;1.7878599309102297
0.13398000000000002;1.7888296809582251
0.13403500000000002;1.7897925681552438
0.13409000000000001;1.790748328256611
0.13414500000000001;1.7916966912075123
0.1342;1.792637380899956
0.134255;1.7935701149176886
0.13431;1.7944946042684182
0.134365;1.7954105531027216
0.13442;1.7963176584188694
0.134475;1.7972156097528178
0.13453;1.7981040888526552
0.134585;1.7989827693365503
0.13464;1.7998513163333327
0.134695;1.8007093861048136
0.13475;1.8015566256487925
0.134805;1.802392672281687
0.13486;1.8032171531996604
0.134915;1.8040296850170576
0.13497;1.8048298732808608
0.135025;1.8056173119598162
0.13508;1.8063915829068184
0.135135;1.8071522552929782
0.13519;1.8078988850117996
0.135245;1.8086310140517294
0.1353;1.8093481698352178
0.135355;1.8100498645224394
0.13541;1.810735594277408
0.135465;1.8114048384945236
0.13552;1.812057058983024
0.135575;1.8126916991069026
0.13563;1.8133081828776352
0.135685;1.8139059139968758
0.13574;1.8144842748460794
0.135795;1.815042625419838
0.13585;1.8155803021995383
0.135905;1.8160966169635777
0.13596;1.8165908555303338
0.136015;1.8170622764296478
0.13607;1.8175101094984016
0.136125;1.8179335543954014
0.13618;1.8183317790305473
0.136235;1.8187039179027873
0.13629;1.8190490703411681
0.136345;1.8193662986426848
0.1364;1.8196546261003743
0.136455;1.8199130349145929
0.13651;1.8201404639799084
0.136565;1.8203358065394808
0.13662;1.8204979076983752
0.13667500000000002;1.820625561786475
0.13673000000000002;1.8207175095612569
0.13678500000000002;1.8207724352396413
0.13684000000000002;1.8207889633478576
0.13689500000000002;1.820765655377035
0.13695000000000002;1.8207010062317683
0.13700500000000002;1.8205934404576598
0.13706000000000002;1.8204413082332112
0.13711500000000001;1.8202428811101732
0.13717000000000001;1.8199963474855114
0.137225;1.8196998077869337
0.13728;1.8193512693527332
0.137335;1.818948640985334
0.13739;1.818489727156638
0.137445;1.8179722218417886
0.1375;1.8173937019563449
0.137555;1.8167516203703846
0.13761;1.8160432984713055
0.137665;1.8152659182452324
0.13772;1.814416513845399
0.137775;1.8134919626135613
0.13783;1.8124889755189924
0.137885;1.8114040869773498
0.13794;1.8102336440098392
0.137995;1.8089737947011106
0.13805;1.8076204759124368
0.138105;1.8061694002048883
0.13816;1.8046160419253723
0.138215;1.8029556224073084
0.13827;1.8011830942360387
0.138325;1.7992931245287125
0.13838;1.7972800771777668
0.138435;1.7951379940078012
0.13849;1.7928605747966053
0.138545;1.7904411561136038
0.1386;1.787872688932588
0.138655;1.785147714980779
0.13871;1.7822583417937903
0.138765;1.7791962164559934
0.13882;1.7759524980183474
0.138875;1.7725178286030794
0.13893;1.768882303225352
0.138985;1.7650354383889744
0.13904;1.760966139546676
0.139095;1.7566626675565087
0.13915;1.7521126043168789
0.139205;1.747302817824811
0.13926;1.742219426977274
0.139315;1.7368477665271032
0.13937;1.7311723527151515
0.139425;1.7251768502323768
0.13948;1.7188440413237374
0.139535;1.712155798033586
0.13959;1.7050930588151791
0.139645;1.6976358109894056
0.13970000000000002;1.6897630808455957
0.13975500000000002;1.6814529335373951
0.13981000000000002;1.6726824853428843
0.13986500000000002;1.6634279313387041
0.13992000000000002;1.6536645920860518
0.13997500000000002;1.6433669835481413
0.14003000000000002;1.6325089151528003
0.14008500000000002;1.6210636216831387
0.14014000000000001;1.6090039355125028
0.14019500000000001;1.5963025065866683
0.14025;1.5829320784734189
0.140305;1.56886582970831
0.14036;1.5540777905152654
0.140415;1.538543345695564
0.14047;1.522239834956257
0.140525;1.5051472620574984
0.14058;1.4872491237227055
0.140635;1.468533368066976
0.14069;1.4489934900997534
0.140745;1.428629768352718
0.1408;1.4074506415488155
0.140855;1.3854742171299472
0.14091;1.362729894086746
0.140965;1.3392600706557456
0.14102;1.315121892973332
0.141075;1.2903889838649392
0.14113;1.2651530720921194
0.141185;1.2395254225570969
0.14124;1.2136379487001634
0.141295;1.1876438717971545
0.14135;1.161717780870438
0.141405;1.1360549447502988
0.14146;1.110869737950438
0.141515;1.0863930676446265
0.14157;1.0628687323898556
0.141625;1.0405487048552955
0.14168;1.0196874087249466
0.141735;1.000535149169049
0.14179;0.9833309487321974
0.141845;0.9682951254756859
0.1419;0.9556220157095165
0.141955;0.9454732781717657
0.14201;0.9379722113295591
0.142065;0.9331994666918574
0.14212;0.9311904509388576
0.142175;0.93193458701515
0.14223;0.9353764631269351
0.142285;0.9414187558571869
0.14234;0.9499266864314305
0.142395;0.9607336716924457
0.14245;0.973647772609377
0.142505;0.9884585260165852
0.14256;1.0049437666705332
0.142615;1.0228760989337398
0.14267;1.042028750055956
0.14272500000000002;1.0621806191071848
0.14278000000000002;1.0831204171917377
0.14283500000000002;1.1046498679458512
0.14289000000000002;1.1265859975292865
0.14294500000000002;1.1487625880891015
0.14300000000000002;1.17103089794199
0.14305500000000002;1.1932597670483083
0.14311000000000001;1.2153352302119609
0.14316500000000001;1.237159755688994
0.14322000000000001;1.2586512163058814
0.143275;1.27974168621941
0.14333;1.3003761410575265
0.143385;1.320511123826604
0.14344;1.3401134246323922
0.143495;1.3591588095327884
0.14355;1.3776308229878984
0.143605;1.3955196794524616
0.14366;1.4128212525687371
0.143715;1.4295361649762077
0.14377;1.4456689777349216
0.143825;1.4612274755172063
0.14388;1.4762220418356509
0.143935;1.4906651174333696
0.14399;1.5045707343888266
0.144045;1.5179541183326524
0.1441;1.5308313513156682
0.144155;1.5432190882112868
0.14421;1.5551343200063552
0.144265;1.5665941778756975
0.14432;1.5776157725085562
0.144375;1.588216063728304
0.14443;1.5984117560014472
0.144485;1.608219215955436
0.14454;1.6176544085085558
0.144595;1.6267328486572168
0.14465;1.6354695663632346
0.144705;1.643879082338133
0.14476;1.651975392836073
0.144815;1.6597719618418156
0.14487;1.6672817192819844
0.144925;1.6745170640961606
0.14498;1.681489871186396
0.145035;1.6882115014188643
0.14509;1.6946928139859945
0.145145;1.7009441805516219
0.1452;1.7069755006996556
0.145255;1.7127962182896288
0.14531;1.7184153383935847
0.145365;1.7238414445477601
0.14542;1.7290827161033147
0.145475;1.734146945502438
0.14553;1.7390415553418814
0.145585;1.7437736151155143
0.14564;1.748349857552201
0.14569500000000002;1.7527766944862102
0.14575000000000002;1.7570602322138387
0.14580500000000002;1.7612062863044737
0.14586000000000002;1.7652203958454007
0.14591500000000002;1.7691078371092885
0.14597000000000002;1.7728736366405433
0.14602500000000002;1.7765225837632403
0.14608000000000002;1.7800592425175774
0.14613500000000001;1.783487963036054
0.14619000000000001;1.7868128923731164
0.146245;1.790037984804505
0.1463;1.793167011613785
0.146355;1.7962035703848611
0.14641;1.7991510938199338
0.146465;1.8020128581026766
0.14652;1.8047919908265107
0.146575;1.8074914785078444
0.14663;1.8101141737037312
0.146685;1.8126628017531992
0.14674;1.8151399671608526
0.146795;1.8175481596407423
0.14685;1.8198897598381687
0.146905;1.8221670447460194
0.14696;1.8243821928318908
0.147015;1.8265372888913778
0.14707;1.8286343286422622
0.147125;1.8306752230737229
0.14718;1.8326618025638033
0.147235;1.834595820778003
0.14729;1.8364789583608871
0.147345;1.8383128264322837
0.1474;1.8400989698988373
0.147455;1.8418388705911222
0.14751;1.843533950236089
0.147565;1.845185573273983
0.14762;1.8467950495283163
0.147675;1.848363636737192
0.14773;1.8498925429535147
0.147785;1.8513829288215877
0.14784;1.8528359097367044
0.147895;1.854252557894441
0.14795;1.8556339042355998
0.148005;1.8569809402925572
0.14806;1.8582946199425798
0.148115;1.8595758610730226
0.14817;1.8608255471633874
0.148225;1.8620445287886713
0.14828;1.8632336250483632
0.148335;1.8643936249250574
0.14839;1.8655252885765425
0.148445;1.866629348564866
0.1485;1.8677065110258977
0.148555;1.868757456782364
0.14861;1.86978284240359
0.148665;1.8707833012145791
0.14872000000000002;1.87175944425724
0.14877500000000002;1.8727118612062201
0.14883000000000002;1.8736411212416944
0.14888500000000002;1.8745477738814313
0.14894000000000002;1.8754323497741996
0.14899500000000002;1.876295361456484
0.14905000000000002;1.8771373040745087
0.14910500000000002;1.8779586560731887
0.14916000000000001;1.8787598798538556
0.14921500000000001;1.8795414224022178
0.14927;1.8803037158881244
0.149325;1.881047178238548
0.14938;1.881772213685103
0.149435;1.8824792132873713
0.14949;1.883168555433262
0.149545;1.883840606317494
0.1496;1.8844957203993624
0.149655;1.8851342408406484
0.14971;1.8857564999248067
0.149765;1.8863628194582307
0.14982;1.886953511154502
0.149875;1.8875288770024021
0.14993;1.8880892096185278
0.149985;1.888634792585147
0.15004;1.8891659007741035
0.150095;1.8896828006573052
0.15015;1.8901857506045512
0.150205;1.8906750011691547
0.15026;1.8911507953620448
0.150315;1.8916133689148158
0.15037;1.892062950532209
0.150425;1.8924997621345863
0.15048;1.8929240190907688
0.150535;1.8933359304417545
0.15059;1.893735699115629
0.150645;1.8941235221341493
0.1507;1.8944995908113493
0.150755;1.8948640909444594
0.15081;1.8952172029975918
0.150865;1.8955591022783995
0.15092;1.8958899591080576
0.150975;1.8962099389849019
0.15103;1.8965192027419016
0.151085;1.8968179066983335
0.15114;1.8971062028058283
0.151195;1.8973842387890474
0.15125;1.897652158281258
0.151305;1.897910100954957
0.15136;1.8981582026478179
0.151415;1.8983965954840778
0.15147;1.898625407991624
0.151525;1.8988447652149214
0.15158;1.8990547888239604
0.151635;1.8992555972193814
0.15169000000000002;1.8994473056339332
0.15174500000000002;1.8996300262304129
0.15180000000000002;1.8998038681962517
0.15185500000000002;1.8999689378348148
0.15191000000000002;1.900125338653636
0.15196500000000002;1.9002731714496295
0.15202000000000002;1.900412534391447
0.15207500000000002;1.9005435230990533
0.15213000000000002;1.9006662307206796
0.15218500000000001;1.9007807480071899
0.15224000000000001;1.9008871633840094
0.152295;1.9009855630207195
0.15235;1.9010760308983257
0.152405;1.9011586488743732
0.15246;1.901233496745993
0.152515;1.9013006523108258
0.15257;1.9013601914261187
0.152625;1.9014121880658323
0.15268;1.9014567143760384
0.152735;1.9014938407284645
0.15279;1.9015236357724714
0.152845;1.901546166485316
0.1529;1.901561498220915
0.152955;1.9015696947570817
0.15301;1.9015708183412863
0.153065;1.9015649297350445
0.15312;1.9015520882569474
0.153175;1.9015323518243648
0.15323;1.9015057769939048
0.153285;1.9014724190006433
0.15334;1.9014323317961812
0.153395;1.9013855680855793
0.15345;1.9013321793631486
0.153505;1.9012722159472197
0.15356;1.9012057270138594
0.153615;1.9011327606296153
0.15367;1.9010533637832663
0.153725;1.900967582416666
0.15378;1.900875461454675
0.153835;1.9007770448342147
0.15389;1.9006723755324841
0.153945;1.9005614955943686
0.154;1.9004444461590118
0.154055;1.900321267485671
0.15411;1.900191998978791
0.154165;1.900056679212354
0.15422;1.899915345953569
0.154275;1.8997680361858158
0.15433;1.8996147861309822
0.154385;1.899455631271135
0.15444;1.8992906063695607
0.154495;1.8991197454912403
0.15455;1.8989430820226694
0.154605;1.898760648691182
0.15466;1.8985724775836583
0.15471500000000002;1.8983786001647307
0.15477000000000002;1.8981790472944498
0.15482500000000002;1.8979738492454161
0.15488000000000002;1.8977630357194843
0.15493500000000002;1.8975466358638862
0.15499000000000002;1.8973246782869735
0.15504500000000002;1.897097191073452
0.15510000000000002;1.8968642017991475
0.15515500000000002;1.8966257375454203
0.15521000000000001;1.8963818249130577
0.15526500000000001;1.8961324900357968
0.15532;1.8958777585934845
0.155375;1.8956176558247628
0.15543;1.8953522065393926
0.155485;1.8950814351302676
0.15554;1.8948053655849644
0.155595;1.8945240214970152
0.15565;1.894237426076765
0.155705;1.893945602161939
0.15576;1.893648572227848
0.155815;1.893346358397279
0.15587;1.8930389824500478
0.155925;1.892726465832257
0.15598;1.8924088296652484
0.156035;1.8920860947542497
0.15609;1.891758281596722
0.156145;1.891425410390415
0.1562;1.8910875010411698
0.156255;1.8907445731704313
0.15631;1.8903966461224475
0.156365;1.8900437389712863
0.15642;1.8896858705275226
0.156475;1.8893230593446915
0.15653;1.8889553237255041
0.156585;1.888582681727809
0.15664;1.888205151170287
0.156695;1.887822749637947
0.15675;1.8874354944873861
0.156805;1.8870434028517689
0.15686;1.8866464916456458
0.156915;1.886244777569519
0.15697;1.8858382771141802
0.157025;1.8854270065648568
0.15708;1.8850109820051357
0.157135;1.8845902193206634
0.15719;1.8841647342026904
0.157245;1.883734542151341
0.1573;1.8832996584787445
0.157355;1.8828600983119506
0.15741;1.8824158765956336
0.157465;1.8819670080946362
0.15752;1.8815135073962914
0.157575;1.8810553889126014
0.15763;1.8805926668821842
0.157685;1.8801253553720771
0.15774000000000002;1.879653468279337
0.15779500000000002;1.8791770193324813
0.15785000000000002;1.8786960220927342
0.15790500000000002;1.8782104899551266
0.15796000000000002;1.8777204361494004
0.15801500000000002;1.877225873740743
0.15807000000000002;1.876726815630386
0.15812500000000002;1.8762232745559917
0.15818000000000002;1.875715263091916
0.15823500000000001;1.875202793649286
0.15829000000000001;1.8746858784759068
0.158345;1.8741645296560527
0.1584;1.873638759110041
0.158455;1.873108578593687
0.15851;1.8725739996976032
0.158565;1.8720350338463152
0.15862;1.8714916922972447
0.158675;1.8709439861395551
0.15873;1.8703919262927895
0.158785;1.8698355235054294
0.15884;1.8692747883532401
0.158895;1.868709731237502
0.15895;1.8681403623830959
0.159005;1.867566691836403
0.15906;1.8669887294631036
0.159115;1.866406484945785
0.15917;1.8658199677814593
0.159225;1.8652291872788525
0.15928;1.8646341525556345
0.159335;1.8640348725354334
0.15939;1.8634313559447533
0.159445;1.8628236113097165
0.1595;1.8622116469526768
0.159555;1.8615954709886724
0.15961;1.860975091321751
0.159665;1.860350515641119
0.15972;1.859721751417201
0.159775;1.8590888058974826
0.15983;1.8584516861022635
0.159885;1.857810398820233
0.15994;1.857164950603897
0.159995;1.8565153477648921
0.16005;1.85586159636911
0.160105;1.8552037022316825
0.16016;1.8545416709118367
0.160215;1.8538755077075837
0.16027;1.853205217650252
0.160325;1.852530805498873
0.16038;1.8518522757344205
0.160435;1.8511696325538871
0.16049;1.8504828798641992
0.160545;1.8497920212759924
0.1606;1.849097060097213
0.160655;1.84839799932655
0.16071000000000002;1.847694841646748
0.16076500000000002;1.8469875894176964
0.16082000000000002;1.8462762446694092
0.16087500000000002;1.8455608090947861
0.16093000000000002;1.8448412840422634
0.16098500000000002;1.8441176705082325
0.16104000000000002;1.8433899691293272
0.16109500000000002;1.8426581801745265
0.16115000000000002;1.8419223035370575
0.16120500000000001;1.8411823387261483
0.16126000000000001;1.8404382848585856
0.16131500000000001;1.8396901406500705
0.16137;1.8389379044064158
0.161425;1.83818157401452
0.16148;1.8374211469331816
0.161535;1.8366566201836645
0.16159;1.8358879903401237
0.161645;1.8351152535197655
0.1617;1.8343384053728569
0.161755;1.8335574410724527
0.16181;1.8327723553039854
0.161865;1.831983142254568
0.16192;1.831189795602107
0.161975;1.8303923085041593
0.16203;1.8295906735865977
0.162085;1.8287848829319862
0.16214;1.8279749280677369
0.162195;1.8271607999540251
0.16225;1.8263424889714228
0.162305;1.8255199849082988
0.16236;1.824693276947931
0.162415;1.823862353655352
0.16247;1.8230272029639223
0.162525;1.822187812161603
0.16258;1.8213441678769666
0.162635;1.8204962560648537
0.16269;1.8196440619917824
0.162745;1.8187875702210081
0.1628;1.817926764597253
0.162855;1.817061628231148
0.16291;1.816192143483282
0.162965;1.8153182919479434
0.16302;1.8144400544364998
0.163075;1.81355741096037
0.16313;1.8126703407136844
0.163185;1.8117788220555164
0.16324;1.810882832491719
0.163295;1.8099823486563933
0.16335;1.8090773462928642
0.163405;1.8081678002343156
0.16346;1.8072536843839104
0.163515;1.8063349716944999
0.16357;1.8054116341478392
0.163625;1.8044836427333553
0.16368;1.8035509674263828
0.16373500000000002;1.8026135771659106
0.16379000000000002;1.8016714398318252
0.16384500000000002;1.8007245222215484
0.16390000000000002;1.799772790026229
0.16395500000000002;1.7988162078062508
0.16401000000000002;1.7978547389662163
0.16406500000000002;1.7968883457293372
0.16412000000000002;1.795916989111151
0.16417500000000002;1.7949406288926253
0.16423000000000001;1.7939592235926072
0.16428500000000001;1.7929727304395682
0.16434;1.7919811053426697
0.164395;1.7909843028620762
0.16445;1.789982276178547
0.164505;1.7889749770622492
0.16456;1.7879623558407578
0.164615;1.7869443613662765
0.16467;1.7859209409819552
0.164725;1.7848920404873945
0.16478;1.7838576041031917
0.164835;1.7828175744346204
0.16489;1.781771892434289
0.164945;1.780720497363831
