1e-20;2.1676413475816195e-14
5.500000000000001e-05;2.2937645409087503e-14
0.00011000000000000002;2.4275019852006194e-14
0.000165;2.5693304009115604e-14
0.00022;2.7197574397989848e-14
0.000275;2.879323762769872e-14
0.00033;3.048605262056024e-14
0.00038500000000000003;3.2282154380647436e-14
0.00044;3.418807942016595e-14
0.000495;3.621079296300397e-14
0.00055;3.835771805371921e-14
0.0006050000000000001;4.063676670953229e-14
0.00066;4.3056373263400913e-14
0.000715;4.562553005695229e-14
0.0007700000000000001;4.835382565424062e-14
0.000825;5.125148575980566e-14
0.00088;5.432941703839292e-14
0.0009350000000000001;5.759925404836508e-14
0.00099;6.107340951699029e-14
0.0010450000000000001;6.476512820261214e-14
0.0011;6.868854460759277e-14
0.001155;7.285874482524128e-14
0.0012100000000000001;7.729183282613163e-14
0.001265;8.20050015114395e-14
0.00132;8.701660888657605e-14
0.0013750000000000001;9.234625973444695e-14
0.00143;9.80148931970654e-14
0.001485;1.0404487670511795e-13
0.0015400000000000001;1.1046010672838462e-13
0.001595;1.1728611685614434e-13
0.00165;1.2455019375567048e-13
0.0017050000000000001;1.3228150159839454e-13
0.00176;1.405112155887985e-13
0.001815;1.4927266527928677e-13
0.0018700000000000001;1.5860148840692185e-13
0.001925;1.6853579604427149e-13
0.00198;1.7911634991695643e-13
0.002035;1.903867528060767e-13
0.0020900000000000003;2.0239365302468718e-13
0.002145;2.1518696403213623e-13
0.0022;2.288201003329885e-13
0.002255;2.4335023089425034e-13
0.00231;2.588385514100337e-13
0.002365;2.753505768436884e-13
0.0024200000000000003;2.9295645578868007e-13
0.002475;3.1173130830520563e-13
0.00253;3.317555890184967e-13
0.002585;3.5311547740002186e-13
0.00264;3.759032972998324e-13
0.002695;4.0021796795507713e-13
0.0027500000000000003;4.2616548887081373e-13
0.002805;4.538594611484209e-13
0.00286;4.834216480347394e-13
0.002915;5.14982577671016e-13
0.00297;5.486821912483845e-13
0.003025;5.846705400143356e-13
0.0030800000000000003;6.231085348321754e-13
0.003135;6.641687522724928e-13
0.00319;7.080363015053632e-13
0.003245;7.549097565812688e-13
0.0033;8.050021590184088e-13
0.003355;8.585420959738256e-13
0.0034100000000000003;9.157748596519843e-13
0.003465;9.769636940107659e-13
0.00352;1.0423911352468412e-12
0.003575;1.1123604529993977e-12
0.00363;1.1871971996808422e-12
0.0036850000000000003;1.2672508758531944e-12
0.0037400000000000003;1.3528967200887467e-12
0.003795;1.4445376323097798e-12
0.00385;1.542606240173708e-12
0.003905;1.647567118668744e-12
0.00396;1.75991917370202e-12
0.004015;1.880198201091352e-12
0.00407;2.0089796330140594e-12
0.004125;2.1468814846257795e-12
0.0041800000000000006;2.294567514190859e-12
0.004235;2.452750610727035e-12
0.00429;2.6221964237535727e-12
0.004345;2.8037272503323693e-12
0.0044;2.998226195100478e-12
0.004455;3.2066416194368803e-12
0.00451;3.429991896247004e-12
0.0045650000000000005;3.669370487062032e-12
0.00462;3.925951358157778e-12
0.004675;4.200994752230172e-12
0.00473;4.495853331654916e-12
0.004785;4.811978708571488e-12
0.0048400000000000006;5.150928375750331e-12
0.004895;5.514373050429082e-12
0.00495;5.904104440862195e-12
0.005005;6.322043442125107e-12
0.00506;6.7702487635338964e-12
0.005115;7.250925984692687e-12
0.00517;7.766437030490426e-12
0.0052250000000000005;8.319310046959e-12
0.00528;8.912249649475625e-12
0.005335;9.54814750201089e-12
0.00539;1.0230093170358041e-11
0.005445;1.0961385173150457e-11
0.0055000000000000005;1.1745542131169017e-11
0.005555;1.2586313887179907e-11
0.00561;1.3487692434438195e-11
0.005665;1.445392245091943e-11
0.00572;1.5489511186718648e-11
0.005775000000000001;1.6599237392740494e-11
0.00583;1.7788158907332744e-11
0.0058850000000000005;1.9061618432111614e-11
0.00594;2.042524692586959e-11
0.005995;2.188496392301801e-11
0.00605;2.3446973936643728e-11
0.006105;2.5117757931495617e-11
0.0061600000000000005;2.6904058643240808e-11
0.006215;2.881285827097093e-11
0.00627;3.085134677225868e-11
0.006325;3.3026878634370895e-11
0.00638;3.5346915571002055e-11
0.006435000000000001;3.781895208691381e-11
0.00649;4.045042024760105e-11
0.0065450000000000005;4.324856926774157e-11
0.0066;4.622031466810378e-11
0.006655;4.937205071670759e-11
0.00671;5.2709418634107356e-11
0.006765;5.623702156233483e-11
0.0068200000000000005;5.995807552497754e-11
0.006875;6.387398348135946e-11
0.00693;6.798381702959886e-11
0.006985;7.228368725464955e-11
0.00704;7.676598254267041e-11
0.007095000000000001;8.141844676321897e-11
0.00715;8.622306590144836e-11
0.0072050000000000005;9.115472481157063e-11
0.00726;9.617958803027236e-11
0.007315;1.012531492494957e-10
0.007370000000000001;1.0631788275563782e-10
0.007425;1.1130041647044312e-10
0.0074800000000000005;1.1610812965539714e-10
0.007535;1.2062505822165887e-10
0.00759;1.2470696612754054e-10
0.007645;1.2817541156559794e-10
0.0077;1.3081060032751459e-10
0.007755000000000001;1.323427743785999e-10
0.00781;1.3244182940786138e-10
0.007865;1.3070478860542763e-10
0.00792;1.2664067824794191e-10
0.007975;1.1965225018710775e-10
0.00803;1.0901387243869443e-10
0.008085;9.384475590429153e-11
0.00814;7.30764951106613e-11
0.008195000000000001;4.5413661553741593e-11
0.00825;9.285838242998334e-12
0.008305;5.1580119779214675e-05
0.008360000000000001;0.0001236908148197124
0.008415;0.00020304750081710907
0.00847;0.0002903154506706981
0.008525;0.000386224629993473
0.00858;0.000491576949966146
0.008635;0.0006072542537769117
0.00869;0.0007342272478478417
0.008745000000000001;0.000873565534722975
0.0088;0.0010264489110592453
0.008855;0.0011941801143889861
0.00891;0.001378199229494499
0.008965;0.0015800999982617954
0.00902;0.0018016483162832761
0.009075;0.002044803246158516
0.009130000000000001;0.00231174093275629
0.009185;0.0026048818713424594
0.00924;0.002926922057537687
0.009295000000000001;0.003280868640967548
0.00935;0.003670080815551008
0.009405;0.004098316812168083
0.00946;0.004569788018891996
0.009515000000000001;0.005089221445742695
0.00957;0.0056619319820780745
0.009625;0.006293906174335639
0.009680000000000001;0.006991899590480636
0.009735;0.007763550249210466
0.00979;0.008617511093167121
0.009845;0.009563605097550044
0.0099;0.010613007354590032
0.009955;0.011778459393349157
0.01001;0.013074522123848818
0.010065000000000001;0.014517875185940582
0.01012;0.016127672199689375
0.010175;0.017925963534677257
0.01023;0.019938200837017646
0.010285;0.02219384079500461
0.01034;0.02472706963043202
0.010395;0.027577674744918707
0.010450000000000001;0.030792096026109734
0.010505;0.034424696746003264
0.01056;0.038539302983147235
0.010615000000000001;0.04321107125730651
0.01067;0.048528756650574205
0.010725;0.05459746792073511
0.01078;0.06154201128968275
0.010835000000000001;0.06951093903647246
0.01089;0.07868142928423015
0.010945;0.08926512283760797
0.011000000000000001;0.1015150195446066
0.011055;0.1157334691271614
0.01111;0.13228114316905776
0.011165;0.15158658488429058
0.01122;0.1741554027515549
0.011275;0.20057725090729908
0.01133;0.23152720480202
0.011385000000000001;0.267755719663068
0.01144;0.3100577993343929
0.011495;0.3592073267432074
0.011550000000000001;0.4158376123948118
0.011605;0.48024702206663267
0.01166;0.5521155820030238
0.011715;0.6301456376116095
0.011770000000000001;0.7116982711084916
0.011825;0.792584000212909
0.01188;0.8672372686304515
0.011935000000000001;0.9294637536933636
0.01199;0.9737124026352053
0.012045;0.9964595431322335
0.0121;0.9970830405758689
0.012155000000000001;0.9778104264273496
0.01221;0.9428381878133018
0.012265;0.8971202985618979
0.012320000000000001;0.8453386984898079
0.012375;0.7913064126391625
0.01243;0.7377848670571067
0.012485000000000001;0.6865680855893143
0.01254;0.6386834139606503
0.012595;0.5946089781279416
0.01265;0.5544598058371624
0.012705000000000001;0.51812858627235
0.01276;0.4853839491902253
0.012815;0.45593510103837626
0.012870000000000001;0.42947215805484984
0.012925;0.40568993773804246
0.01298;0.3843009741112357
0.013035;0.36504176918404846
0.013090000000000001;0.34767495536996346
0.013145;0.33198909619574546
0.0132;0.31779721147178897
0.013255000000000001;0.3049346923332873
0.01331;0.2932570016771613
0.013365;0.2826373856963906
0.01342;0.27296471731211586
0.013475;0.2641415288402306
0.01353;0.2560822538547651
0.013585;0.24871167704640235
0.013640000000000001;0.24196357963220885
0.013695;0.23577956259612606
0.01375;0.23010802825485274
0.013805000000000001;0.22490330082620066
0.01386;0.22012486789643226
0.013915;0.2157367263817528
0.01397;0.21170681843239475
0.014025000000000001;0.20800654455449302
0.01408;0.20461034292837743
0.014135;0.20149532544009913
0.014190000000000001;0.19864096230193656
0.014245;0.19602880832247635
0.0143;0.19364226490796504
0.014355;0.19146637275302075
0.014410000000000001;0.18948763092540288
0.014465;0.18769383868507217
0.01452;0.18607395691724954
0.014575000000000001;0.1846179865165113
0.01463;0.18331686144635573
0.014685;0.1821623545277817
0.014740000000000001;0.18114699428860576
0.014795;0.1802639914421123
0.01485;0.1795071737644662
0.014905;0.1788709283111636
0.014960000000000001;0.17835015005851582
0.015015;0.17794019618028611
0.01507;0.1776368452755709
0.015125000000000001;0.17743626095492065
0.01518;0.1773349592693788
0.015235;0.17732977953390225
0.01529;0.1774178581540305
0.015345000000000001;0.17759660511409478
0.0154;0.17786368282792794
0.015455;0.17821698708989878
0.015510000000000001;0.17865462989596845
0.015565;0.179174923932123
0.01562;0.17977636855160462
0.015675;0.18045763708316878
0.01573;0.18121756533083355
0.015785;0.18205514114144594
0.01584;0.18296949493025355
0.015895;0.18395989106673827
0.01595;0.18502572003364468
0.016005000000000002;0.18616649128143453
0.01606;0.18738182670846948
0.016115;0.18867145470456861
0.01617;0.19003520470168828
0.016225;0.19147300218118124
0.01628;0.19298486409193535
0.016335000000000002;0.19457089463791927
0.016390000000000002;0.19623128139753054
0.016445;0.19796629174042918
0.0165;0.19977626951057653
0.016555;0.20166163194657563
0.01661;0.20362286681286795
0.016665;0.2056605297173245
0.016720000000000002;0.20777524159231092
0.016775;0.20996768631815338
0.01683;0.21223860846889003
0.016885;0.21458881116169942
0.01694;0.21701915399210275
0.016995;0.21953055103808441
0.01705;0.22212396891679115
0.017105000000000002;0.22480042487838137
0.01716;0.2275609849217384
0.017215;0.230406761917481
0.01727;0.2333389137238095
0.017325;0.23635864128110376
0.01738;0.23946718667138758
0.017435;0.24266583112879564
0.017490000000000002;0.24595589298726397
0.017545;0.24933872555193456
0.0176;0.2528157148802849
0.017655;0.25638827745960385
0.01771;0.2600578577665551
0.017765;0.2638259256953846
0.01782;0.26769397384047905
0.017875000000000002;0.27166351461943133
0.01793;0.27573607722223875
0.017985;0.27991320437254036
0.01804;0.2841964488866763
0.018095;0.2885873700160067
0.01815;0.2930875295585272
0.018205;0.29769848772523155
0.018260000000000002;0.3024217987473632
0.018315;0.30725900621061086
0.01837;0.31221163810260744
0.018425;0.31728120156041417
0.01848;0.322469177305608
0.018535;0.3277770137544847
0.018590000000000002;0.33320612079240475
0.018645000000000002;0.3387578632015766
0.0187;0.344433553733285
0.018755;0.35023444581639157
0.01881;0.3561617258956918
0.018865;0.3622165053952836
0.01892;0.3683998123042773
0.018975000000000002;0.37471258238419985
0.019030000000000002;0.38115565000009544
0.019085;0.38772973857985654
0.01914;0.39443545070997066
0.019195;0.40127325787845464
0.01925;0.40824348988043424
0.019305;0.41534632390483556
0.019360000000000002;0.4225817733259867
0.019415;0.4299496762281522
0.01947;0.43744968369605075
0.019525;0.44508124790974457
0.01958;0.4528436100884684
0.019635;0.46073578833281115
0.01969;0.46875656542201205
0.019745000000000002;0.4769044766283303
0.0198;0.48517779761776086
0.019855;0.49357453251262035
0.01991;0.5020924021978339
0.019965;0.5107288329595229
0.02002;0.5194809455509626
0.020075;0.5283455447865092
0.020130000000000002;0.5373191097706284
0.020185;0.5463977848729297
0.02024;0.5555773715667911
0.020295;0.5648533212507473
0.02035;0.5742207291765072
0.020405;0.5836743296080305
0.02046;0.5932084923378458
0.020515000000000002;0.6028172206854107
0.02057;0.6124941511005045
0.020625;0.6222325544907441
0.02068;0.632025339387335
0.020735;0.6418650570551544
0.02079;0.6517439086448331
0.020845000000000002;0.6616537544728118
0.020900000000000002;0.6715861255026525
0.020955;0.6815322370856238
0.02101;0.691483005001402
0.021065;0.7014290638213934
0.02112;0.7113607875958037
0.021175;0.7212683128442849
0.021230000000000002;0.7311415638061632
0.021285000000000002;0.7409702798813846
0.02134;0.7507440451688248
0.021395;0.7604523199822903
0.02145;0.770084474198895
0.021505;0.7796298222695996
0.02156;0.789077659696062
0.021615000000000002;0.7984173007562385
0.021670000000000002;0.8076381172375957
0.021725;0.8167295779191138
0.02178;0.8256812885247266
0.021835;0.8344830318578162
0.02189;0.8431248078152848
0.021945;0.8515968729723848
0.022000000000000002;0.8598897794262398
0.022055;0.8679944125871037
0.02211;0.8759020276102883
0.022165;0.8836042841715986
0.02222;0.8910932793012405
0.022275;0.8983615780087199
0.02233;0.9054022414514704
0.022385000000000002;0.9122088524241033
0.02244;0.9187755379719582
0.022495;0.9250969889627392
0.02255;0.9311684764810144
0.022605;0.9369858649442637
0.02266;0.9425456218727469
0.022715;0.9478448242809423
0.022770000000000002;0.9528811616921009
0.022825;0.957652935811953
0.02288;0.9621590569297639
0.022935;0.9663990371463929
0.02299;0.9703729805574274
0.023045;0.9740815705459575
0.023100000000000002;0.9775260543628606
0.023155000000000002;0.9807082251929773
0.02321;0.9836304019222851
0.023265;0.986295406835145
0.02332;0.9887065414805154
0.023375;0.9908675609531152
0.02343;0.9927826468386705
0.023485000000000002;0.9944563790728034
0.023540000000000002;0.9958937069601838
0.023595;0.997099919595214
0.02365;0.9980806159172771
0.023705;0.9988416746235274
0.02376;0.9993892241499058
0.023815;0.9997296129174248
0.023870000000000002;0.9998693800257371
0.023925000000000002;0.9998152265600487
0.02398;0.999573987660809
0.024035;0.9991526054886936
0.02409;0.9985581032002236
0.024145;0.9977975600324899
0.0242;0.9968780875788055
0.024255000000000002;0.9958068073210338
0.024310000000000002;0.99459082946903
0.024365;0.9932372331429963
0.02442;0.9917530479210626
0.024475;0.9901452367617024
0.02453;0.9884206802991162
0.024585;0.9865861624993049
0.024640000000000002;0.984648357655226
0.024695;0.9826138186911964
0.02475;0.9804889667396558
0.024805;0.9782800819472586
0.02486;0.9759932954622825
0.024915;0.9736345825512308
0.024970000000000003;0.9712097567892047
0.025025000000000002;0.9687244652664172
0.02508;0.9661841847513986
0.025135;0.9635942187507359
0.02519;0.9609596954046803
0.025245;0.958285566158289
0.0253;0.9555766051485483
0.025355000000000003;0.9528374092489358
0.025410000000000002;0.9500723987145231
0.025465;0.9472858183723551
0.02552;0.9444817393040223
0.025575;0.9416640609696175
0.02563;0.9388365137243316
0.025685;0.9360026616819203
0.025740000000000002;0.933165905881404
0.025795000000000002;0.9303294877162416
0.02585;0.9274964925877002
0.025905;0.9246698537467116
0.02596;0.9218523562911966
0.026015;0.9190466412882864
0.02607;0.9162552099931035
0.026125000000000002;0.9134804281385303
0.026180000000000002;0.9107245302721838
0.026235;0.9079896241193767
0.02629;0.9052776949526403
0.026345;0.9025906099503669
0.0264;0.8999301225290999
0.026455;0.8972978766356254
0.026510000000000002;0.8946954109865567
0.026565000000000002;0.8921241632447782
0.02662;0.889585474123379
0.026675;0.8870805914091084
0.02673;0.8846106738984282
0.026785;0.8821767952405393
0.02684;0.8797799476825138
0.026895000000000002;0.8774210457128777
0.02695;0.8751009296005934
0.027005;0.8728203688271076
0.02706;0.8705800654101831
0.027115;0.8683806571183635
0.02717;0.8662227205757533
0.027225000000000003;0.8641067742573337
0.027280000000000002;0.862033281375173
0.027335;0.8600026526566065
0.02739;0.8580152490156105
0.027445;0.8560713841188627
0.0275;0.8541713268483546
0.027555;0.8523153036625174
0.027610000000000003;0.8505035008581328
0.027665000000000002;0.8487360667352516
0.02772;0.8470131136676922
0.027775;0.8453347200816089
0.02783;0.8437009323448225
0.027885;0.8421117665695619
0.02794;0.8405672103313283
0.027995000000000003;0.8390672243066912
0.028050000000000002;0.8376117438327421
0.028105;0.8362006803909302
0.02816;0.8348339230180355
0.028215;0.8335113396469839
0.02827;0.8322327783802286
0.028325;0.830998068698204
0.028380000000000002;0.8298070226055708
0.028435000000000002;0.8286594357177086
0.02849;0.8275550882899589
0.028545;0.8264937461920238
0.0286;0.8254751618299058
0.028655;0.8244990750175889
0.02871;0.8235652138008225
0.028765000000000002;0.8226732952350587
0.028820000000000002;0.8218230261196467
0.028875;0.8210141036903191
0.02893;0.8202462162719717
0.028985;0.8195190438934971
0.02904;0.8188322588666233
0.029095;0.818185526330384
0.029150000000000002;0.8175785047630537
0.029205000000000002;0.8170108464629635
0.02926;0.8164821980000175
0.029315;0.8159922006391033
0.02937;0.8155404907371502
0.029425;0.8151267001149272
0.029480000000000003;0.8147504564051208
0.029535000000000002;0.8144113833778038
0.02959;0.8141091012446319
0.029645;0.8138432269428323
0.0297;0.8136133744001837
0.029755;0.8134191547819153
0.02981;0.8132601767207578
0.029865000000000003;0.8131360465308979
0.029920000000000002;0.8130463684069007
0.029975;0.8129907446084551
0.03003;0.8129687756317688
0.030085;0.8129800603684689
0.03014;0.8130241962527239
0.030195;0.8131007793973758
0.030250000000000003;0.8132094047197629
0.030305000000000002;0.8133496660579225
0.03036;0.8135211562777829
0.030415;0.8137234673719879
0.03047;0.8139561905509145
0.030525;0.8142189163264931
0.03058;0.8145112345892414
0.030635000000000003;0.8148327346791662
0.030690000000000002;0.8151830054508826
0.030745;0.8155616353335429
0.0308;0.8159682123858186
0.030855;0.8164023243465823
0.03091;0.816863558681506
0.030965;0.8173515026260117
0.031020000000000002;0.81786574322497
0.031075000000000002;0.8184058673694211
0.03113;0.8189714618306726
0.031185;0.8195621132920953
0.03124;0.8201774083788799
0.031295;0.8208169336860353
0.03135;0.821480275804923
0.031405;0.8221670213485176
0.03146;0.8228767569756986
0.031515;0.823609069414731
0.03157;0.8243635454861996
0.031625;0.825139772125552
0.03168;0.8259373364054576
0.031735;0.8267558255581919
0.03179;0.827594826998146
0.031845;0.828453928344653
0.0319;0.8293327174453229
0.031955000000000004;0.8302307823999162
0.032010000000000004;0.831147711585018
0.032065;0.8320830936794942
0.03212;0.8330365176909671
0.032175;0.8340075729833257
0.03223;0.8349958493054361
0.032285;0.836000936821019
0.03234;0.8370224261399765
0.032395;0.8380599083510271
0.03245;0.8391129750558561
0.032505;0.8401812184047756
0.03256;0.8412642311339895
0.032615;0.8423616321452453
0.032670000000000005;0.843472996363196
0.032725000000000004;0.8445979142274193
0.032780000000000004;0.8457359813502336
0.032835;0.8468867941489404
0.03289;0.8480499498938577
0.032945;0.8492250467581751
0.033;0.8504116838696475
0.033055;0.8516094613640609
0.03311;0.8528179804405523
0.033165;0.8540368434187672
0.03322;0.8552656537977693
0.033275;0.8565040163167978
0.03333;0.8577515370177721
0.033385;0.859007823309551
0.033440000000000004;0.8602724840339153
0.033495000000000004;0.8615451295332415
0.03355;0.862825371719822
0.033605;0.8641128241468509
0.03366;0.8654071020809135
0.033715;0.866707822576074
0.03377;0.868014604549404
0.033825;0.8693270688580216
0.03388;0.8706448383774194
0.033935;0.8719675380812076
0.03399;0.8732947951221179
0.034045;0.8746262389142438
0.0341;0.8759615012164065
0.034155;0.8773002162166988
0.034210000000000004;0.878642020618052
0.034265000000000004;0.8799865537248275
0.03432;0.8813334575303364
0.034375;0.8826823768052714
0.03443;0.8840329591869813
0.034485;0.885384855269555
0.03454;0.8867377186946384
0.034595;0.8880912062429893
0.03465;0.889444977926706
0.034705;0.8907986970821222
0.03476;0.8921520304633296
0.034815;0.8935046483363238
0.03487;0.8948562245738165
0.034925000000000005;0.896206436750664
0.034980000000000004;0.8975549662399575
0.035035000000000004;0.8989014983098984
0.03509;0.9002457222213971
0.035145;0.9015873313266305
0.0352;0.9029260231685117
0.035255;0.9042614995814048
0.03531;0.9055934667931148
0.035365;0.9069216355285137
0.03542;0.9082457211149495
0.035475;0.9095654435898788
0.03553;0.9108805278111389
0.035585;0.9121907035702351
0.03564;0.9134957057093324
0.035695000000000005;0.9147952742425932
0.035750000000000004;0.9160891544826886
0.035805000000000003;0.9173770971734894
0.03586;0.9186588586299911
0.035915;0.9199342008869704
0.03597;0.9212028918579428
0.036025;0.9224647055063383
0.03608;0.9237194220312577
0.036135;0.9249668280705217
0.03619;0.9262067169243379
0.036245;0.9274388888035496
0.0363;0.9286631511071942
0.036355;0.9298793187351028
0.03641;0.9310872144425383
0.036465000000000004;0.9322866692452074
0.036520000000000004;0.9334775228849793
0.036575;0.9346596243687891
0.03663;0.9358328325962004
0.036685;0.9369970170945827
0.03674;0.9381520588854857
0.036795;0.9392978515115256
0.03685;0.9404343022604749
0.036905;0.9415613336328434
0.03696;0.9426788851113583
0.037015;0.9437869153068985
0.03707;0.944885404576399
0.037125;0.9459743582359466
0.037180000000000005;0.9470538105294051
0.037235000000000004;0.9481238295623678
0.037290000000000004;0.9491845234787665
0.037345;0.950236048249456
0.0374;0.9512786175692426
0.037455;0.9523125155366065
0.03751;0.9533381130412816
0.037565;0.9543558891434593
0.03762;0.955366459248327
0.037675;0.9563706126429349
0.03773;0.9573693631016973
0.037785;0.9583640179943874
0.03784;0.9593562739986452
0.037895;0.9603483517213792
0.037950000000000005;0.9613431882967473
0.038005000000000004;0.962344718175654
0.038060000000000004;0.9633582911852108
0.038115;0.9643913098104403
0.03817;0.9654542268598282
0.038225;0.9665621553667033
0.03828;0.9677375584869194
0.038335;0.9690149293851175
0.03839;0.9704493299271559
0.038445;0.9721328802804313
0.0385;0.9742288795549787
0.038555;0.977048740901945
0.03861;0.9812456294994276
0.038665;0.9883786111022236
0.038720000000000004;1.0029305365725045
0.038775000000000004;1.0421462563952233
0.03883;1.2150092220382926
0.038885;1.9623724196384607
0.03894;1.19747624437227
0.038995;1.0467019549688146
0.03905;1.0104814234475112
0.039105;0.9971207342449621
0.03916;0.990996141654143
0.039215;0.9878454461996713
0.03927;0.9861339921003159
0.039325;0.985200780149809
0.03938;0.9847231218622771
0.039435000000000005;0.9845282052910859
0.039490000000000004;0.9845166470800495
0.039545000000000004;0.9846279673308634
0.0396;0.9848236310833196
0.039655;0.9850781348888036
0.03971;0.9853740530816989
0.039765;0.9856991527609271
0.03982;0.9860446452536668
0.039875;0.986404089323004
0.03993;0.986772682278641
0.039985;0.987146789574975
0.04004;0.9875236252899962
0.040095;0.9879010305178434
0.04015;0.9882773167634314
0.040205000000000005;0.9886511533822787
0.040260000000000004;0.9890214854229623
0.040315000000000004;0.9893874728115913
0.04037;0.9897484447500452
0.040425;0.9901038651134978
0.04048;0.9904533059039948
0.040535;0.9907964266757168
0.04059;0.9911329584361616
0.040645;0.991462690937008
0.0407;0.9917854625568411
0.040755;0.9921011521835914
0.04081;0.9924096726528434
0.040865;0.9927109654063471
0.04092;0.9930049961145497
0.040975000000000004;0.9932917510662639
0.041030000000000004;0.9935712341726065
0.041085;0.9938434644662764
0.04114;0.9941084740022541
0.041195;0.9943663060860383
0.04125;0.9946170137702909
0.041305;0.9948606585728113
0.04136;0.9950973093777534
0.041415;0.9953270414894186
0.04147;0.9955499358135654
0.041525;0.995766078145855
0.04158;0.9959755585506502
0.041635;0.9961784708163273
0.041690000000000005;0.9963749119757088
0.041745000000000004;0.9965649818820413
0.041800000000000004;0.9967487828326469
0.041855;0.9969264192335573
0.04191;0.9970979972995605
0.041965;0.9972636247849616
0.04202;0.9974234107410471
0.042075;0.9975774652968897
0.04213;0.9977258994605943
0.042185;0.9978688249385542
0.04224;0.9980063539705557
0.042295;0.9981385991789907
0.04235;0.9982656734305542
0.042405;0.9983876897090523
0.042460000000000005;0.9985047609983763
0.042515000000000004;0.9986170001742186
0.042570000000000004;0.9987245199040476
0.042625;0.9988274325543495
0.04268;0.9989258501045266
0.042735;0.9990198840668467
0.04279;0.9991096454119123
0.042845;0.999195244499235
0.0429;0.9992767910124489
0.042955;0.9993543938988257
0.04301;0.9994281613128024
0.043065;0.9994982005631814
0.04312;0.9995646180637827
0.043175;0.9996275192873061
0.043230000000000005;0.9996870087222189
0.043285000000000004;0.9997431898324346
0.043340000000000004;0.9997961650196787
0.043395;0.9998460355883477
0.04345;0.9998929017127218
0.043505;0.9999368624064492
0.04356;0.9999780154941195
0.043615;1.0000164575848909
0.04367;1.0000522840480324
0.043725;1.0000855889903004
0.04378;1.000116465235059
0.043835;1.0001450043031286
0.04389;1.0001712963951694
0.043945000000000005;1.0001954303756841
0.044000000000000004;1.0002174937584452
0.044055000000000004;1.0002375726933845
0.04411;1.0002557519548463
0.044165;1.000272114931147
0.04422;1.0002867436154412
0.044275;1.0002997185977829
0.04433;1.000311119058401
0.044385;1.0003210227621189
0.04444;1.0003295060538757
0.044495;1.0003366438553165
0.04455;1.0003425096624567
0.044605;1.0003471755443034
0.04466;1.0003507121425044
0.044715000000000005;1.0003531886718926
0.044770000000000004;1.0003546729220005
0.044825000000000004;1.0003552312594315
0.04488;1.0003549286310907
0.044935;1.0003538285682938
0.04499;1.0003519931916567
0.045045;1.000349483216781
0.0451;1.0003463579607381
0.045155;1.0003426753492752
0.04521;1.000338491924762
0.045265;1.0003338628548466
0.04532;1.0003288419418177
0.045375;1.0003234816326116
0.04543;1.00031783302951
0.045485000000000005;1.000311945901455
0.045540000000000004;1.000305868696008
0.045595000000000004;1.0002996485519136
0.04565;1.0002933313122637
0.045705;1.0002869615382317
0.04576;1.0002805825234224
0.045815;1.0002742363087265
0.04587;1.000267963697775
0.045925;1.000261804272904
0.04598;1.0002557964116718
0.046035;1.0002499773038678
0.04609;1.0002443829690881
0.046145;1.0002390482747578
0.046200000000000005;1.0002340069547093
0.046255000000000004;1.000229291628222
0.046310000000000004;1.0002249338195652
0.046365;1.0002209639780353
0.04642;1.0002174114984537
0.046475;1.00021430474219
0.04653;1.0002116710586344
0.046585;1.000209536807131
0.04664;1.0002079273794622
0.046695;1.0002068672227349
0.04675;1.000206379862819
0.046805;1.0002064879282344
0.04686;1.000207213174548
0.046915;1.0002085765092559
0.046970000000000005;1.0002105980172087
0.047025000000000004;1.0002132969865
0.047080000000000004;1.0002166919349094
0.047135;1.000220800636888
0.04719;1.0002256401510734
0.047245;1.0002312268483535
0.0473;1.0002375764405507
0.047355;1.0002447040096407
0.04741;1.0002526240376288
0.047465;1.0002613504370301
0.04752;1.0002708965820066
0.047575;1.0002812753401908
0.04763;1.0002924991051898
0.047685000000000005;1.000304579829849
0.047740000000000005;1.0003175290602437
0.047795000000000004;1.0003313579704878
0.047850000000000004;1.000346077398356
0.047905;1.0003616978817906
0.04796;1.0003782296962866
0.048015;1.0003956828932605
0.04807;1.0004140673393889
0.048125;1.0004333927570281
0.04818;1.0004536687657049
0.048235;1.0004749049247998
0.04829;1.000497110777432
0.048345;1.000520295895656
0.0484;1.0005444699270214
0.048455000000000005;1.0005696426425559
0.048510000000000005;1.0005958239863053
0.048565000000000004;1.000623024126462
0.048620000000000003;1.0006512535082188
0.048675;1.0006805229084255
0.04873;1.0007108434921708
0.048785;1.000742226871403
0.04884;1.0007746851657109
0.048895;1.0008082310654034
0.04895;1.0008428778970362
0.049005;1.0008786396915197
0.04906;1.000915531255012
0.049115;1.0009535682427295
0.04917;1.0009927672359078
0.049225000000000005;1.0010331458220867
0.049280000000000004;1.0010747226789427
0.049335000000000004;1.001117517661931
0.04939;1.0011615518959844
0.049445;1.0012068478714837
0.0495;1.0012534295448958
0.049555;1.0013013224443033
0.04961;1.0013505537802245
0.049665;1.0014011525620694
0.04972;1.0014531497206023
0.049775;1.0015065782369017
0.04983;1.0015614732782079
0.049885;1.0016178723411857
0.049940000000000005;1.0016758154031455
0.049995000000000005;1.0017353450817996
0.050050000000000004;1.0017965068041372
0.050105000000000004;1.0018593489851682
0.05016;1.0019239232172032
0.050215;1.0019902844704975
0.05027;1.0020584913061101
0.050325;1.0021286061018964
0.05038;1.0022006952926918
0.050435;1.0022748296257094
0.05049;1.0023510844324264
0.050545;1.0024295399181864
0.0506;1.0025102814709874
0.050655;1.0025933999909522
0.050710000000000005;1.0026789922421804
0.050765000000000005;1.0027671612287996
0.050820000000000004;1.0028580165972119
0.050875000000000004;1.0029516750667145
0.05093;1.003048260890875
0.050985;1.0031479063522795
0.05104;1.0032507522934708
0.051095;1.0033569486872518
0.05115;1.0034666552497478
0.051205;1.003580042099999
0.05126;1.003697290470221
0.051315;1.0038185934713066
0.05137;1.00394415691852
0.051425;1.0040742002229537
0.051480000000000005;1.0042089573548247
0.051535000000000004;1.0043486778853106
0.051590000000000004;1.0044936281143424
0.051645;1.0046440922926383
0.0517;1.004800373946982
0.051755;1.0049627973189148
0.05181;1.0051317089279943
0.051865;1.0053074792720724
0.05192;1.0054905046784668
0.051975;1.0056812093213852
0.05203;1.0058800474228664
0.052085;1.006087505656378
0.05214;1.0063041057745683
0.052195000000000005;1.0065304074851966
0.052250000000000005;1.0067670116021485
0.052305000000000004;1.0070145635017687
0.052360000000000004;1.0072737569184989
0.052415;1.007545338118018
0.05247;1.0078301104909861
0.052525;1.0081289396160404
0.05258;1.0084427588469898
0.052635;1.0087725754864982
0.05269;1.0091194776167984
0.052745;1.0094846416676369
0.0528;1.0098693408126658
0.052855;1.010274954298181
0.05291;1.0107029778229024
0.052965000000000005;1.0111550351044987
0.053020000000000005;1.0116328907882355
0.053075000000000004;1.0121384648763045
0.053130000000000004;1.0126738488828595
0.053185;1.013241323951356
0.05324;1.0138433812069174
0.053295;1.0144827446596798
0.05335;1.0151623970249135
0.053405;1.0158856088852803
0.05346;1.0166559716901016
0.053515;1.0174774351692788
0.05357;1.0183543498373009
0.053625;1.0192915153790074
0.05368;1.0202942358473208
0.053735000000000005;1.021368382768434
0.053790000000000004;1.0225204674478252
0.053845000000000004;1.0237577240077222
0.0539;1.0250882049722803
0.053955;1.0265208915606523
0.05401;1.02806582126427
0.054065;1.0297342357882608
0.05412;1.0315387530489608
0.054175;1.033493567663727
0.05423;1.0356146852772554
0.054285;1.0379201971777339
0.05434;1.040430603013656
0.054395;1.0431691910851761
0.054450000000000005;1.0461624877240252
0.054505000000000005;1.0494407897779763
0.054560000000000004;1.0530387972839355
0.054615000000000004;1.0569963671683558
0.05467;1.0613594133952913
0.054725;1.0661809845424297
0.05478;1.0715225564781454
0.054835;1.0774555857647499
0.05489;1.0840633786755884
0.054945;1.0914433411629965
0.055;1.0997096862812026
0.055055;1.1089966863290923
0.05511;1.1194625650266288
0.055165;1.1312941259677882
0.055220000000000005;1.1447121993550977
0.055275000000000005;1.1599779453419086
0.055330000000000004;1.1773999544700595
0.055385000000000004;1.1973418918131642
0.05544;1.2202300722515755
0.055495;1.2465597187579638
0.05555;1.2768975735130605
0.055605;1.3118767610715703
0.05566;1.3521770451477317
0.055715;1.3984796243120872
0.05577;1.451380493325667
0.055825;1.5112414067941873
0.05588;1.5779564795685075
0.055935;1.650623959179014
0.055990000000000005;1.7271506883731689
0.056045000000000005;1.8038946102601727
0.056100000000000004;1.8755590774629056
0.056155000000000004;1.935622790224432
0.05621;1.9774844650592829
0.056265;1.9961282417640456
0.05632;1.9896407243974743
0.056375;1.9597799331978316
0.05643;1.9112826066690665
0.056485;1.8503443407026718
0.05654;1.783067047013235
0.056595;1.7144430751101003
0.05665;1.6479896154823004
0.056705000000000005;1.5858442177449767
0.056760000000000005;1.5290705880546085
0.056815000000000004;1.4779959335874995
0.056870000000000004;1.4324936296611197
0.056925;1.3921883090528444
0.05698;1.356591025069918
0.057035;1.3251816577438715
0.05709;1.297455327400431
0.057145;1.2729458848138673
0.0572;1.2512355968246505
0.057255;1.2319569729286186
0.05731;1.2147904267758232
0.057365;1.19945997689657
0.05742;1.185728249349235
0.057475000000000005;1.1733914695690455
0.057530000000000005;1.1622747892255678
0.057585000000000004;1.1522280973192047
0.057640000000000004;1.143122355795129
0.057695;1.1348464428561167
0.05775;1.1273044600538316
0.057805;1.1204134489888447
0.05786;1.1141014622820786
0.057915;1.1083059368794281
0.05797;1.102972323151348
0.058025;1.098052929237868
0.05808;1.093505945930162
0.058135;1.0892946227198208
0.05819;1.085386570351834
0.058245000000000005;1.0817531692675044
0.058300000000000005;1.0783690667577652
0.058355000000000004;1.07521174853124
0.058410000000000004;1.0722611728069351
0.058465;1.0694994570400331
0.05852;1.0669106090451137
0.058575;1.0644802956514265
0.05863;1.0621956431587973
0.058685;1.060045064800428
0.05874;1.0580181111958409
0.058795;1.0561053404210603
0.05885;1.0542982048577145
0.058905;1.0525889524274348
0.058960000000000005;1.0509705401883023
0.059015000000000005;1.0494365585791734
0.059070000000000004;1.0479811648565602
0.059125000000000004;1.0465990244853114
0.05918;1.0452852594266815
0.059235;1.0440354024204586
0.05929;1.0428453564873552
0.059345;1.041711358987182
0.0594;1.0406299496609503
0.059455;1.039597942163889
0.05951;1.0386123986632132
0.059565;1.037670607131711
0.05962;1.0367700610170634
0.059675;1.0359084410084918
0.059730000000000005;1.03508359865842
0.059785000000000005;1.0342935416475345
0.059840000000000004;1.033536420508318
0.059895000000000004;1.0328105166450543
0.05995;1.0321142315081286
0.060005;1.031446076797742
0.06006;1.030804665586989
0.060115;1.0301887042673268
0.06017;1.029596985230721
0.060225;1.0290283802126532
0.06028;1.0284818342288522
0.060335;1.0279563600460622
0.06039;1.0274510331339313
0.060445;1.0269649870508037
0.060500000000000005;1.0264974092214139
0.060555000000000005;1.026047537068953
0.060610000000000004;1.0256146544679552
0.060665000000000004;1.0251980884880352
0.06072;1.0247972064015058
0.060775;1.0244114129308426
0.06083;1.0240401477142305
0.060885;1.02368288296974
0.06094;1.0233391213404985
0.060995;1.0230083939051722
0.06105;1.0226902583392838
0.061105;1.0223842972145585
0.06116;1.0220901164245912
0.061215000000000006;1.0218073437262567
0.061270000000000005;1.0215356273872256
0.061325000000000005;1.021274634930944
0.061380000000000004;1.021024051971112
0.061435000000000003;1.0207835811285033
0.06149;1.0205529410235537
0.061545;1.0203318653387596
0.0616;1.0201201019454569
0.061655;1.0199174120899992
0.06171;1.019723569634803
0.061765;1.0195383603501147
0.06182;1.0193615812526855
0.061875;1.0191930399879128
0.06193;1.0190325542522025
0.061985000000000005;1.0188799512526854
0.062040000000000005;1.0187350672015563
0.062095000000000004;1.0185977468425915
0.062150000000000004;1.0184678430075624
0.062205;1.018345216200467
0.06226;1.0182297342076372
0.062315;1.0181212717319572
0.06237;1.0180197100495776
0.062425;1.017924936687561
0.06248;1.0178368451211253
0.06253500000000001;1.0177553344891568
0.06259;1.0176803093268105
0.062645;1.0176116793141001
0.0627;1.0175493590394529
0.062755;1.01749326777727
0.06281;1.0174433292786518
0.062865;1.0173994715744108
0.06292;1.0173616267897
0.062975;1.0173297309694735
0.06303;1.0173037239141813
0.063085;1.0172835490250751
0.06314;1.0172691531585625
0.063195;1.0172604864890689
0.06325;1.0172575023799695
0.063305;1.0172601572620652
0.06336;1.0172684105192478
0.063415;1.0172822243809063
0.06347;1.0173015638207392
0.063525;1.0173263964616268
0.06358;1.0173566924862183
0.063635;1.0173924245529724
0.06369;1.0174335677173358
0.063745;1.0174800993578368
0.0638;1.01753199910681
0.06385500000000001;1.0175892487855585
0.06391000000000001;1.0176518323437267
0.06396500000000001;1.0177197358026955
0.06402000000000001;1.0177929472027853
0.06407500000000001;1.0178714565541391
0.06413;1.0179552557910942
0.064185;1.0180443387298974
0.06424;1.0181387010296066
0.064295;1.0182383401561022
0.06435;1.0183432553490148
0.064405;1.0184534475914997
0.06446;1.0185689195827432
0.064515;1.018689675713089
0.06457;1.0188157220416973
0.064625;1.018947066276671
0.06468;1.019083717757529
0.064735;1.019225687439991
0.06479;1.019372987882976
0.064845;1.0195256332377685
0.0649;1.019683639239278
0.064955;1.019847023199363
0.06501;1.0200158040021314
0.065065;1.0201900021012162
0.06512;1.0203696395189266
0.065175;1.0205547398473112
0.06523;1.0207453282510155
0.065285;1.020941431471983
0.06534000000000001;1.0211430778358999
0.06539500000000001;1.0213502972604085
0.06545000000000001;1.0215631212650482
0.06550500000000001;1.0217815829828985
0.06556000000000001;1.0220057171739356
0.065615;1.0222355602400304
0.06567;1.0224711502416663
0.065725;1.0227125269162751
0.06578;1.0229597316982457
0.065835;1.023212807740582
0.06589;1.0234717999382068
0.065945;1.0237367549529188
0.066;1.0240077212399936
0.066055;1.0242847490764462
0.06611;1.0245678905909683
0.066165;1.0248571997955223
0.06622;1.0251527326186267
0.066275;1.0254545469403364
0.06633;1.025762702628947
0.066385;1.0260772615794111
0.06644;1.0263982877535194
0.066495;1.0267258472218348
0.06655;1.0270600082074375
0.066605;1.0274008411314686
0.06666;1.0277484186605301
0.066715;1.0281028157559475
0.06677;1.0284641097249414
0.066825;1.0288323802737216
0.06688000000000001;1.029207709562568
0.06693500000000001;1.0295901822628986
0.06699000000000001;1.0299798856163833
0.06704500000000001;1.0303769094961344
0.0671;1.0307813464700377
0.067155;1.0311932918662245
0.06721;1.0316128438407897
0.067265;1.0320401034477147
0.06732;1.0324751747111547
0.067375;1.0329181647000647
0.06743;1.0333691836052257
0.067485;1.0338283448187648
0.06754;1.0342957650161755
0.067595;1.0347715642409494
0.06765;1.0352558659918367
0.067705;1.0357487973128403
0.06776;1.036250488885952
0.067815;1.0367610751267815
0.06787;1.0372806942830668
0.067925;1.0378094885361835
0.06798;1.0383476041057251
0.068035;1.0388951913572195
0.06809;1.0394524049130751
0.068145;1.0400194037668113
0.0682;1.0405963514006915
0.068255;1.0411834159068294
0.06831;1.0417807701118573
0.06836500000000001;1.0423885917052214
0.06842000000000001;1.0430070633712756
0.06847500000000001;1.0436363729251814
0.06853000000000001;1.0442767134527255
0.06858500000000001;1.0449282834542537
0.06864;1.0455912869926747
0.068695;1.0462659338457412
0.06875;1.046952439662689
0.068805;1.0476510261253478
0.06886;1.0483619211137953
0.068915;1.049085358876747
0.06897;1.049821580206707
0.069025;1.050570832620074
0.06908;1.0513333705422754
0.069135;1.0521094554980543
0.06919;1.052899356307074
0.069245;1.0537033492848769
0.0693;1.0545217184494335
0.069355;1.0553547557333185
0.06941;1.0562027612016787
0.069465;1.0570660432761072
0.06952;1.0579449189645735
0.069575;1.0588397140975057
0.06963;1.0597507635701904
0.069685;1.060678411591551
0.06974;1.0616230119395185
0.069795;1.0625849282230315
0.06985000000000001;1.0635645341508664
0.06990500000000001;1.064562213807329
0.06996000000000001;1.0655783619350014
0.07001500000000001;1.0666133842246108
0.07007000000000001;1.0676676976121375
0.070125;1.0687417305832398
0.07018;1.0698359234851555
0.070235;1.0709507288460618
0.07029;1.0720866117020624
0.070345;1.0732440499318094
0.0704;1.0744235345988364
0.070455;1.0756255703016269
0.07051;1.0768506755314493
0.070565;1.0780993830379357
0.07062;1.0793722402024364
0.070675;1.0806698094189768
0.07073;1.081992668482896
0.070785;1.0833414109868316
0.07084;1.0847166467239957
0.070895;1.086119002098358
0.07095;1.0875491205412404
0.071005;1.0890076629337042
0.07106;1.090495308033476
0.071115;1.0920127529044656
0.07117;1.0935607133450778
0.071225;1.0951399243075195
0.07128;1.0967511402898735
0.071335;1.0983951356507544
0.07139000000000001;1.1000727046745205
0.07144500000000001;1.101784660520595
0.07150000000000001;1.1035318196984918
0.07155500000000001;1.1059508456069942
0.07161000000000001;1.1077376656992837
0.071665;1.1095589408906192
0.07172;1.1114176958053756
0.071775;1.113315750239922
0.07183;1.115254574087947
0.071885;1.117235499986063
0.07194;1.1192598016620339
0.071995;1.1213287296358716
0.07205;1.1234435299277103
0.072105;1.1256054549126029
0.07216;1.1278157701392124
0.072215;1.1300757588991845
0.07227;1.1323867254590243
0.072325;1.13474999745227
0.07238;1.1371669277190808
0.072435;1.1396388957656713
0.07249;1.1421673089514306
0.072545;1.1447536034722285
0.0726;1.147399245184873
0.072655;1.1501057303019404
0.07271;1.1528745859763239
0.072765;1.155707370787634
0.07282;1.158605675137969
0.07287500000000001;1.1615711215607214
0.07293000000000001;1.1646053649438302
0.07298500000000001;1.1677100926664952
0.07304000000000001;1.1708870246469743
0.07309500000000001;1.1741379132976255
0.07315;1.1774645433822366
0.073205;1.180868731769767
0.07326;1.1843523270774952
0.073315;1.1879172091960297
0.07337;1.1915652886875077
0.073425;1.195298506047829
0.07348;1.1991188308228342
0.073535;1.203028260567627
0.07359;1.2070288196376513
0.073645;1.2111225577992113
0.0737;1.2153115486465178
0.073755;1.2195978878117357
0.07381;1.2239836909534991
0.073865;1.2284710915091137
0.07392;1.2330622381945784
0.073975;1.2377592922361846
0.07403;1.2425644243167917
0.074085;1.2474798112191916
0.07414;1.2525076321485735
0.074195;1.2576500647156807
0.07425;1.262909280561576
0.074305;1.2682874406051141
0.07436000000000001;1.2737866898934573
0.07441500000000001;1.2794091520364157
0.07447000000000001;1.2851569232050442
0.07452500000000001;1.2910320656754222
0.07458000000000001;1.2970366008987675
0.074635;1.3031725020796987
0.07469;1.3094416862453615
0.074745;1.315846005789132
0.0748;1.3223872394739666
0.074855;1.3290670828822775
0.07491;1.335887138301138
0.074965;1.3428489040340996
0.07502;1.3499537631336793
0.075075;1.3572029715518605
0.07513;1.3645976457096998
0.075185;1.372138749491229
0.07524;1.3798270806718558
0.075295;1.3876632567965443
0.07535;1.3956477005288197
0.075405;1.4037806244986748
0.07546;1.4120620156836696
0.075515;1.4204916193659296
0.07557;1.429068922715445
0.075625;1.4377931380591715
0.07568;1.4466631859047796
0.075735;1.4556776777972873
0.07579;1.4648348990978106
0.07584500000000001;1.4741327917837501
0.07590000000000001;1.483568937380588
0.07595500000000001;1.49314054014691
0.07601000000000001;1.5028444106449323
0.07606500000000001;1.5126769498397326
0.07612000000000001;1.5226341338813318
0.076175;1.5327114997328852
0.07623;1.5429041318188859
0.076285;1.5532066498738133
0.07634;1.5636131981803316
0.076395;1.5741174363899915
0.07645;1.5847125321241011
0.076505;1.59539115555289
0.07656;1.6061454761502616
0.076615;1.6169671618171835
0.07667;1.62784738055981
0.076725;1.6387768048965807
0.07678;1.6497456191554611
0.076835;1.660743529801607
0.07689;1.671759778914117
0.076945;1.6827831609003912
0.077;1.6938020425043638
0.077055;1.7048043861242386
0.07711;1.7157777764103983
0.077165;1.7267094500607505
0.07722;1.7375863286703828
0.077275;1.7483950544211406
0.07733;1.759122028315398
0.07738500000000001;1.7697534505593953
0.07744000000000001;1.7802753625850087
0.07749500000000001;1.7906736900514353
0.07755000000000001;1.8009342859828734
0.07760500000000001;1.811042972952755
0.07766;1.8209855828915755
0.077715;1.8307479926277603
0.07777;1.8403161525919902
0.077825;1.8496761051039485
0.07788;1.8588139871064258
0.077935;1.8677160097587329
0.07799;1.8763684033176595
0.078045;1.8847573090697978
0.0781;1.8928685885672734
0.078155;1.9006874998191328
0.07821;1.908198151730715
0.078265;1.9153825733296184
0.07832;1.9222190807441113
0.078375;1.9286792892068185
0.07843;1.9347223270194374
0.078485;1.9402827712719117
0.07854;1.9452429437030938
0.078595;1.9493605370405296
0.07865;1.9520422051256214
0.078705;1.9514134001046317
0.07876;1.9381651475916273
0.078815;1.7653842529152324
0.07887000000000001;1.885453840646955
0.07892500000000001;1.9730674753911093
0.07898000000000001;1.9834698803721094
0.07903500000000001;1.9878444567554268
0.07909000000000001;1.990764601025547
0.07914500000000001;1.9930409778692635
0.0792;1.9948918765817023
0.079255;1.99639283666058
0.07931;1.9975758986785046
0.079365;1.9984578688750678
0.07942;1.999049815540086
0.079475;1.9993606375029902
0.07953;1.999398506365303
0.079585;1.9991714705706438
0.07964;1.9986877048037703
0.079695;1.9979556013053519
0.07975;1.9969837882831096
0.079805;1.9957811142630626
0.07986;1.9943566168380018
0.079915;1.9927194848751326
0.07997;1.9908790187442407
0.080025;1.9888445909012125
0.08008;1.9866256080291025
0.080135;1.9842314753486079
0.08019;1.98167156339503
0.080245;1.978955177387152
0.0803;1.9760915292171342
0.08035500000000001;1.973089712034973
0.08041000000000001;1.9699586773676312
0.08046500000000001;1.9667072146920062
0.08052000000000001;1.963343933367248
0.08057500000000001;1.9598772468223684
0.08063000000000001;1.9563153588887772
0.080685;1.952666252162925
0.08074;1.9489376782811692
0.080795;1.9451371499875156
0.08085;1.9412719348744527
0.080905;1.9373490506773798
0.08096;1.9333752620047604
0.081015;1.9293570783881746
0.08107;1.9253007535391713
0.081125;1.9212122857036558
0.08118;1.9170974190080567
0.081235;1.9129616456960987
0.08129;1.908810209159731
0.081345;1.9046481076725863
0.0814;1.9004800987395811
0.081455;1.8963107039812608
0.08151;1.892144214477049
0.081565;1.8879846964965878
0.08162;1.8838359975535872
0.081675;1.8797017527217588
0.08173;1.8755853911572262
0.081785;1.8714901427766673
0.08184;1.8674190450452062
0.08189500000000001;1.8633749498319094
0.08195000000000001;1.8593605302956988
0.08200500000000001;1.855378287767705
0.08206000000000001;1.8514305586003126
0.08211500000000001;1.8475195209563173
0.08217;1.8436472015149157
0.082225;1.839815482074495
0.08228;1.8360261060345358
0.082335;1.8322806847419166
0.08239;1.8285807036890036
0.082445;1.8249275285531712
0.0825;1.8213224110693973
0.082555;1.8177664947290701
0.08261;1.8142608203002317
0.082665;1.810806331165427
0.08272;1.807403878474887
0.082775;1.8040542261139434
0.08283;1.8007580554843332
0.082885;1.7975159701002434
0.08294;1.7943285000005464
0.082995;1.7911961059793957
0.08305;1.7881191836378822
0.083105;1.7850980672601142
0.08316;1.7821330335172685
0.083215;1.7792243050037586
0.08327;1.7763720536096308
0.083325;1.7735764037339898
0.08338000000000001;1.7708374353438832
0.08343500000000001;1.7681551868836698
0.08349000000000001;1.765529658039766
0.08354500000000001;1.7629608123656373
0.08360000000000001;1.760448579772271
0.08365500000000001;1.7579928588888936
0.08371;1.7555935192990637
0.083765;1.753250403657019
0.08382;1.7509633296890907
0.083875;1.7487320920851026
0.08393;1.7465564642842326
0.083985;1.744436200160098
0.08404;1.7423710356094226
0.084095;1.740360690048655
0.08415;1.7384048678227724
0.084205;1.7365032595303005
0.08426;1.7346555432685529
0.084315;1.732861385802921
0.08437;1.7311204436637708
0.084425;1.7294323641746712
0.08448;1.7277967864152157
0.084535;1.726213342121766
0.08459;1.724681656529276
0.084645;1.7232013491571796
0.0847;1.7217720345422294
0.084755;1.720393322921047
0.08481;1.7190648208650448
0.08486500000000001;1.7177861318702
0.08492000000000001;1.7165568569041039
0.08497500000000001;1.7153765949126198
0.08503000000000001;1.7142449432882507
0.08508500000000001;1.7131614983023495
0.08514000000000001;1.7121258555032275
0.085195;1.7111376100818334
0.08525;1.7101963572070815
0.085305;1.709301692332308
0.08536;1.7084532114745457
0.085415;1.7076505114682363
0.08547;1.706893190194701
0.085525;1.706180846788876
0.08558;1.7055130818245499
0.085635;1.7048894974793813
0.08569;1.7043096976809096
0.085745;1.7037732882345862
0.0858;1.703279876935013
0.085855;1.7028290736612792
0.08591;1.7024204904574247
0.085965;1.7020537415989143
0.08602;1.701728443645905
0.086075;1.7014442154842873
0.08613;1.7012006783550502
0.086185;1.7009974558728602
0.08624;1.7008341740344763
0.086295;1.7007104612176234
0.08635;1.7006259481709896
0.08640500000000001;1.7005802679959294
0.08646000000000001;1.7005730561203447
0.08651500000000001;1.7006039502653616
0.08657000000000001;1.7006725904052693
0.08662500000000001;1.7007786187211236
0.08668000000000001;1.7009216795485365
0.086735;1.7011014193200684
0.08679;1.701317486502541
0.086845;1.7015695315297377
0.0869;1.7018572067308104
0.086955;1.7021801662547227
0.08701;1.7025380659910718
0.087065;1.702930563487564
0.08712;1.703357317864529
0.087175;1.7038179897265648
0.08723;1.7043122410718108
0.087285;1.704839735198901
0.08734;1.7054001366119502
0.087395;1.7059931109237596
0.08745;1.7066183247574849
0.087505;1.7072754456469554
0.08756;1.7079641419358693
0.087615;1.7086840826759813
0.08767;1.7094349375246294
0.087725;1.7102163766415956
0.08778;1.7110280705855923
0.087835;1.7118696902104944
0.08789000000000001;1.712740906561491
0.08794500000000001;1.7136413907712946
0.08800000000000001;1.714570813956595
0.08805500000000001;1.715528847114831
0.08811000000000001;1.7165151610215343
0.08816500000000001;1.7175294261282543
0.08822;1.7185713124613111
0.088275;1.719640489521404
0.08833;1.7207366261843202
0.088385;1.7218593906027508
0.08844;1.7230084501094294
0.088495;1.724183471121644
0.08855;1.7253841190472834
0.088605;1.7266100581925494
0.08866;1.727860951671355
0.088715;1.7291364613166735
0.08877;1.7304362475937805
0.088825;1.7317599695156385
0.08888;1.7331072845604205
0.088935;1.7344778485913874
0.08899;1.7358713157791301
0.089045;1.7372873385263135
0.0891;1.7387255673950184
0.089155;1.7401856510368534
0.08921;1.7416672361257726
0.089265;1.7431699672938528
0.08932;1.744693487070078
0.08937500000000001;1.746237435822173
0.08943000000000001;1.7478014517016458
0.08948500000000001;1.7493851705921044
0.08954000000000001;1.7509882260609075
0.08959500000000001;1.7526102493143365
0.08965000000000001;1.7542508691562115
0.08970500000000001;1.7559097119501759
0.08976;1.757586401585709
0.089815;1.7592805594478544
0.08987;1.7609918043908341
0.089925;1.762719752715618
0.08998;1.7644640181514302
0.090035;1.7662242118413911
0.09009;1.7679999423322557
0.090145;1.7697908155683315
0.0902;1.7715964348896969
0.090255;1.77341640103469
0.09031;1.7752503121467842
0.090365;1.7770977637858154
0.09042;1.7789583489437426
0.090475;1.7808316580648247
0.09053;1.7827172790703398
0.090585;1.7846147973878737
0.09064;1.7865237959851434
0.090695;1.7884438554084687
0.09075;1.7903745538257803
0.090805;1.7923154670743136
0.09086;1.7942661687128492
0.09091500000000001;1.7962262300786342
0.09097000000000001;1.7981952203488456
0.09102500000000001;1.800172706606674
0.09108000000000001;1.8021582539119603
0.09113500000000001;1.8041514253763533
0.09119000000000001;1.806151782242982
0.091245;1.808158883970568
0.0913;1.81017228832192
0.091355;1.8121915514568019
0.09141;1.814216228029059
0.091465;1.8162458712879217
0.09152;1.8182800331834519
0.091575;1.8203182644760207
0.09163;1.8223601148496744
0.091685;1.824405133029372
0.09174;1.8264528669018762
0.091795;1.8285028636402532
0.09185;1.8305546698318331
0.091905;1.8326078316094274
0.09196;1.8346618947857463
0.092015;1.8367164049907954
0.09207;1.8387709078121004
0.092125;1.8408249489375832
0.09218;1.8428780743008943
0.092235;1.8449298302290458
0.09229;1.8469797635920553
0.092345;1.849027421954506
0.09240000000000001;1.8510723537286773
0.09245500000000001;1.8531141083291232
0.09251000000000001;1.8551522363283803
0.09256500000000001;1.8571862896135856
0.09262000000000001;1.8592158215437737
0.09267500000000001;1.8612403871075023
0.09273;1.8632595430806511
0.092785;1.8652728481840166
0.09284;1.867279863240386
0.092895;1.8692801513309283
0.09295;1.87127327795043
0.093005;1.873258811161135
0.09306;1.8752363217448835
0.093115;1.8772053833531022
0.09317;1.8791655726544434
0.093225;1.8811164694796285
0.09328;1.8830576569630622
0.093335;1.8849887216810453
0.09339;1.886909253785971
0.093445;1.8888188471362892
0.0935;1.8907170994217057
0.093555;1.8926036122832672
0.09361;1.894477991427903
0.093665;1.896339846736972
0.09372;1.8981887923683107
0.093775;1.9000244468514575
0.09383;1.9018464331754241
0.09388500000000001;1.9036543788686144
0.09394000000000001;1.9054479160703401
0.09399500000000001;1.9072266815934609
0.09405000000000001;1.9089903169775855
0.09410500000000001;1.9107384685322175
0.09416000000000001;1.9124707873693878
0.09421500000000001;1.9141869294250673
0.09427;1.915886555468813
0.094325;1.917569331100916
0.09438;1.9192349267364996
0.094435;1.920883017575698
0.09449;1.9225132835593568
0.094545;1.9241254093092977
0.0946;1.9257190840525074
0.094655;1.9272940015282154
0.09471;1.9288498598771286
0.094765;1.930386361511679
0.09482;1.9319032129664595
0.094875;1.9334001247275905
0.09493;1.9348768110399595
0.094985;1.9363329896911095
0.09504;1.9377683817703864
0.095095;1.9391827114020148
0.09515;1.940575705450586
0.095205;1.9419470931972265
0.09526;1.9432966059848633
0.095315;1.9446239768305427
0.09537000000000001;1.9459289400028825
0.09542500000000001;1.9472112305623468
0.09548000000000001;1.948470583862059
0.09553500000000001;1.9497067350064377
0.09559000000000001;1.9509194182649132
0.09564500000000001;1.952108366437664
0.09570000000000001;1.9532733101699562
0.095755;1.9544139772114686
0.09581;1.9555300916166547
0.095865;1.9566213728817257
0.09592;1.9576875350134928
0.095975;1.958728285524886
0.09603;1.9597433243513327
0.096085;1.9607323426817949
0.09614;1.9616950216974127
0.096195;1.9626310312103046
0.09625;1.9635400281939652
0.096305;1.9644216551961318
0.09636;1.965275538623859
0.096415;1.9661012868895518
0.09647;1.9668984884054554
0.096525;1.9676667094129034
0.09658;1.968405491630871
0.096635;1.9691143497070973
0.09669;1.9697927684528027
0.096745;1.970440199840154
0.0968;1.971056059739255
0.096855;1.9716397243687225
0.09691000000000001;1.9721905264309791
0.09696500000000001;1.972707750900127
0.09702000000000001;1.9731906304262963
0.09707500000000001;1.9736383403163131
0.09713000000000001;1.9740499930455608
0.09718500000000001;1.9744246322505088
0.09724000000000001;1.974761226145204
0.097295;1.975058660297932
0.09735;1.9753157296963781
0.097405;1.975531130020376
0.09746;1.975703448031174
0.097515;1.9758311509741144
0.09757;1.975912574878332
0.097625;1.9759459116214213
0.09768;1.9759291946094055
0.097735;1.9758602829021124
0.09779;1.9757368435904372
0.097845;1.9755563322053264
0.0979;1.975315970907209
0.097955;1.9750127241688087
0.09801;1.9746432716229652
0.098065;1.974203977699209
0.09812;1.9736908576173107
0.098175;1.9730995392415658
0.09823;1.9724252202249204
0.098285;1.971662619784628
0.09834;1.9708059243498317
0.09839500000000001;1.969848726202986
0.09845000000000001;1.968783954098822
0.09850500000000001;1.9676037946829494
0.09856000000000001;1.966299603343459
0.09861500000000001;1.9648618029076224
0.09867000000000001;1.9632797683375331
0.09872500000000001;1.9615416952756783
0.09878;1.959634449937831
0.098835;1.9575433974373522
0.09889;1.9552522051430559
0.098945;1.9527426171124638
0.099;1.9499941949928588
0.099055;1.946984020034291
0.09911;1.943686350002338
0.099165;1.9400722238090224
0.09922;1.9361090055978263
0.099275;1.9317598588360476
0.09933;1.9269831397147354
0.099385;1.9217316978943824
0.09944;1.9159520714738456
0.099495;1.909583562183851
0.09955;1.902557176518228
0.099605;1.8947944192924413
0.09966;1.8862059287069666
0.099715;1.8766899475375414
0.09977;1.8661306353093505
0.099825;1.8543962438326091
0.09988000000000001;1.8413372071080891
0.09993500000000001;1.8267842418991234
0.09999000000000001;1.8105466250903475
0.10004500000000001;1.7924109191816726
0.10010000000000001;1.7721405722716674
0.10015500000000001;1.749477041454412
0.10021000000000001;1.7241433981513483
0.100265;1.695851786446371
0.10032;1.6643166212160208
0.100375;1.6292759921368167
0.10043;1.5905242602656628
0.100485;1.547959024938972
0.10054;1.5016449985384754
0.100595;1.451895064794203
0.10065;1.3993639072487614
0.100705;1.3451412632768212
0.10076;1.2908204340744651
0.100815;1.2385062069591815
0.10087;1.1907218281011025
0.100925;1.1501869491532815
0.10098;1.1194743263529534
0.101035;1.1006063560354882
0.10109;1.0946987651368318
0.101145;1.101765257634453
0.1012;1.1207483308046042
0.101255;1.1497587986332898
0.10131;1.186435665612121
0.101365;1.228314691407505
0.10142000000000001;1.2731196759218357
0.10147500000000001;1.3189392250319465
0.10153000000000001;1.3642949226211205
0.10158500000000001;1.4081302690609458
0.10164000000000001;1.4497543530082364
0.10169500000000001;1.4887678647705351
0.10175000000000001;1.5249893374549015
0.101805;1.5583908758315608
0.10186;1.5890466551096454
0.101915;1.6170940375638818
0.10197;1.6427055609223675
0.102025;1.6660695733435515
0.10208;1.6873773854901832
0.102135;1.706815143187291
0.10219;1.7245590108063573
0.102245;1.7407726101164664
0.1023;1.7556059510708752
0.102355;1.7691953164021552
0.10241;1.781663729092054
0.102465;1.793121752281106
0.10252;1.8036684561641223
0.102575;1.8133924453053667
0.10263;1.8223728799815178
0.102685;1.8306804521571616
0.10274;1.8383782945429021
0.102795;1.8455228127540204
0.10285;1.8521644378969984
0.10290500000000001;1.858348301363879
0.10296000000000001;1.864114836175595
0.10301500000000001;1.8695003105426464
0.10307000000000001;1.8745372998506526
0.10312500000000001;1.8792551033282128
0.10318000000000001;1.8836801114123396
0.10323500000000001;1.8878361294244883
0.10329;1.8917446626897085
0.103345;1.895425167727456
0.1034;1.8988952736458218
0.103455;1.9021709774012467
0.10351;1.905266816152104
0.103565;1.9081960195414196
0.10362;1.9109706443920111
0.103675;1.9136016939848794
0.10373;1.916099223816096
0.103785;1.918472435486107
0.10384;1.9207297601634357
0.103895;1.9228789328811697
0.10395;1.9249270587635208
0.104005;1.926880672140716
0.10406;1.928745789388875
0.104115;1.930527956226527
0.10417;1.932232290107609
0.104225;1.9338635182716357
0.10428;1.9354260119423172
0.104335;1.9369238171061232
0.10439000000000001;1.93836068224965
0.10444500000000001;1.9397400833894094
0.10450000000000001;1.9410652466877296
0.10455500000000001;1.9423391689137617
0.10461000000000001;1.9435646359785237
0.10466500000000001;1.9447442397461443
0.10472000000000001;1.945880393300379
0.10477500000000001;1.9469753448252523
0.10483;1.9480311902405756
0.104885;1.949049884717638
0.10494;1.9500332531864082
0.104995;1.9509829999335104
0.10505;1.9519007173795226
0.105105;1.9527878941145624
0.10516;1.9536459222629017
0.105215;1.9544761042398837
0.10527;1.9552796589577894
0.105325;1.9560577275315665
0.10538;1.9568113785301198
0.105435;1.9575416128142282
0.10549;1.958249367998129
0.105545;1.9589355225680904
0.1056;1.9596008996880132
0.105655;1.9602462707193153
0.10571;1.9608723584796148
0.105765;1.96147984026243
0.10582;1.9620693506380609
0.105875;1.9626414840539297
0.10593000000000001;1.963196797250895
0.10598500000000001;1.9637358115107053
0.10604000000000001;1.9642590147481804
0.10609500000000001;1.9647668634606792
0.10615000000000001;1.9652597845461384
0.10620500000000001;1.9657381770001081
0.10626000000000001;1.9662024135012164
0.106315;1.9666528418936817
0.10637;1.9670897865747707
0.106425;1.9675135497944853
0.10648;1.967924412874002
0.106535;1.9683226373490033
0.10659;1.9687084660434389
0.106645;1.9690821240788081
0.1067;1.9694438198236552
0.106755;1.9697937457876324
0.10681;1.9701320794640138
0.106865;1.9704589841244
0.10692;1.9707746095688776
0.106975;1.9710790928348654
0.10703;1.9713725588673319
0.107085;1.9716551211532074
0.10714;1.9719268823222709
0.107195;1.9721879347168518
0.10725;1.9724383609324212
0.107305;1.972678234330953
0.10736;1.97290761952887
0.10741500000000001;1.9731265728612213
0.10747000000000001;1.9733351428236616
0.10752500000000001;1.9735333704935027
0.10758000000000001;1.9737212899313672
0.10763500000000001;1.9738989285644866
0.10769000000000001;1.974066307552845
0.10774500000000001;1.9742234421392344
0.1078;1.9743703419841625
0.107855;1.9745070114865406
0.10791;1.9746334500909888
0.107965;1.9747496525825285
0.10802;1.9748556093694258
0.108075;1.9749513067548239
0.10813;1.975036727197826
0.108185;1.9751118495646027
0.10824;1.9751766493700564
0.108295;1.9752310990105901
0.10835;1.9752751679884013
0.108405;1.9753088231278175
0.10846;1.975332028783977
0.108515;1.9753447470443628
0.10857;1.9753469379234139
0.108625;1.9753385595506796
0.10868;1.975319568352709
0.108735;1.9752899192290498
0.10879;1.975249565722559
0.108845;1.9751984601843184
0.10890000000000001;1.9751365539333843
0.10895500000000001;1.9750637974115397
0.10901000000000001;1.9749801403333205
0.10906500000000001;1.9748855318314587
0.10912000000000001;1.974779920597913
0.10917500000000001;1.9746632550206533
0.10923000000000001;1.9745354833164142
0.10928500000000001;1.9743965536593928
0.10934;1.9742464143062508
0.109395;1.9740850137172905
0.10945;1.9739123006741632
0.109505;1.9737282243939829
0.10956;1.973532734640134
0.109615;1.9733257818297132
0.10967;1.973107317137811
0.109725;1.9728772925985876
0.10978;1.9726356612033429
0.109835;1.9723823769955087
0.10989;1.9721173951627722
0.109945;1.9718406721262158
0.11;1.9715521656267028
0.110055;1.9712518348084254
0.11011;1.9709396402997028
0.110165;1.9706155442910929
0.11022;1.9702795106108182
0.110275;1.9699315047975703
0.11033;1.969571494170692
0.110385;1.9691994478978203
0.11044000000000001;1.9688153370599475
0.11049500000000001;1.9684191347139997
0.11055000000000001;1.9680108159528964
0.11060500000000001;1.9675903579631693
0.11066000000000001;1.967157740080093
0.11071500000000001;1.9667129438404383
0.11077000000000001;1.9662559530327715
0.110825;1.9657867537454041
0.11088;1.9653053344119444
0.110935;1.9648116858545148
0.11099;1.9643058013246137
0.111045;1.9637876765416957
0.1111;1.9632573097293893
0.111155;1.962714701649497
0.11121;1.9621598556336601
0.111265;1.9615927776128368
0.11132;1.9610134761444682
0.111375;1.9604219624374881
0.11143;1.9598182503750936
0.111485;1.9592023565353438
0.11154;1.9585743002095752
0.111595;1.9579341034186766
0.11165;1.957281790927244
0.111705;1.9566173902555835
0.11176;1.9559409316896557
0.111815;1.9552524482889566
0.11187;1.9545519758922996
0.11192500000000001;1.9538395531216042
0.11198000000000001;1.953115221383672
0.11203500000000001;1.9523790248699795
0.11209000000000001;1.951631010554498
0.11214500000000001;1.950871228189603
0.11220000000000001;1.9500997303000434
0.11225500000000001;1.9493165721750698
0.11231000000000001;1.9485218118586554
0.112365;1.9477155101379506
0.11242;1.9468977305298993
0.112475;1.9460685392660968
0.11253;1.9452280052759254
0.112585;1.9443762001679623
0.11264;1.9435131982097489
0.112695;1.9426390763059012
0.11275;1.9417539139745894
0.112805;1.9408577933225164
0.11286;1.9399507990183058
0.112915;1.9390330182644058
0.11297;1.9381045407675432
0.113025;1.93716545870775
0.11308;1.9362158667060012
0.113135;1.935255861790519
0.11319;1.9342855433617436
0.113245;1.9333050131560692
0.1133;1.9323143752083505
0.113355;1.9313137358131947
0.11341000000000001;1.9303032034851615
0.11346500000000001;1.9292828889177973
0.11352000000000001;1.9282529049416672
0.11357500000000001;1.927213366481351
0.11363000000000001;1.9261643905114467
0.11368500000000001;1.9251060960116675
0.11374000000000001;1.9240386039210553
0.11379500000000001;1.922962037091306
0.11385;1.9218765202393469
0.113905;1.9207821798991354
0.11396;1.9196791443727352
0.114015;1.9185675436807152
0.11407;1.9174475095119636
0.114125;1.9163191751728672
0.11418;1.9151826755359784
0.114235;1.9140381469881746
0.11429;1.9128857273783737
0.114345;1.9117255559648167
0.1144;1.9105577733620043
0.114455;1.9093825214872826
0.11451;1.908199943507159
0.114565;1.907010183783358
0.11462;1.9058133878186843
0.114675;1.9046097022027118
0.11473;1.9033992745573387
0.114785;1.9021822534822905
0.11484;1.9009587885005208
0.11489500000000001;1.899729030003648
0.11495000000000001;1.8984931291973968
0.11500500000000001;1.8972512380471012
0.11506000000000001;1.8960035092233258
0.11511500000000001;1.8947500960475763
0.11517000000000001;1.8934911524382418
0.11522500000000001;1.8922268328566723
0.11528000000000001;1.8909572922535463
0.11533500000000001;1.8896826860154503
0.11539;1.888403169911815
0.115445;1.8871189000421258
0.1155;1.8858300327835082
0.115555;1.88453672473871
0.11561;1.8832391326844795
0.115665;1.8819374135203701
0.11572;1.880631724218058
0.115775;1.8793222217710879
0.11583;1.8780090631451603
0.115885;1.8766924052289613
0.11594;1.8753724047855296
0.115995;1.8740492184042084
0.11605;1.872723002453217
0.116105;1.8713939130327757
0.11616;1.870062105928946
0.116215;1.868727736568056
0.11627;1.867390959971835
0.116325;1.8660519307131975
0.11638;1.8647108028727513
0.11643500000000001;1.86336772999599
0.11649000000000001;1.8620228650512272
0.11654500000000001;1.8606763603882477
0.11660000000000001;1.8593283676977126
0.11665500000000001;1.857979037971308
0.11671000000000001;1.856628521462652
0.11676500000000001;1.8552769676489773
0.11682000000000001;1.8539245251935983
0.116875;1.8525713419091192
0.11693;1.8512175647214713
0.116985;1.8498633396347235
0.11704;1.8485088116966593
0.117095;1.8471541249652115
0.11715;1.845799422475616
0.117205;1.8444448462084246
0.11726;1.8430905370582777
0.117315;1.8417366348035136
0.11737;1.8403832780764966
0.117425;1.8390306043348468
0.11748;1.837678749833367
0.117535;1.8363278495968023
0.11759;1.8349780373933742
0.117645;1.8336294457090765
0.1177;1.8322822057227979
0.117755;1.830936447282125
0.11781;1.8295922988799895
0.117865;1.8282498876320004
0.11792000000000001;1.8269093392545956
0.11797500000000001;1.8255707780438557
0.11803000000000001;1.824234326855096
0.11808500000000001;1.8229001070831752
0.11814000000000001;1.821568238643478
0.11819500000000001;1.8202388399536664
0.11825000000000001;1.8189120279160358
0.11830500000000001;1.8175879179006462
0.11836;1.8162666237290281
0.118415;1.8149482576586327
0.11847;1.8136329303678747
0.118525;1.8123207509418233
0.11858;1.8110118268585127
0.118635;1.8097062639758952
0.11869;1.808404166519327
0.118745;1.8071056370697296
0.1188;1.805810776552232
0.118855;1.8045196842254232
0.11891;1.8032324576711576
0.118965;1.8019491927848563
0.11902;1.8006699837663709
0.119075;1.799394923111318
0.11913;1.7981241016029117
0.119185;1.7968576083043017
0.11924;1.7955955305513525
0.119295;1.7943379539458675
0.11935;1.7930849623492768
0.11940500000000001;1.791836637876732
0.11946000000000001;1.790593060891589
0.11951500000000001;1.78935431000036
0.11957000000000001;1.7881204620479516
0.11962500000000001;1.7868915921133446
0.11968000000000001;1.785667773505599
0.11973500000000001;1.7844490777601985
0.11979000000000001;1.7832355746357498
0.11984500000000001;1.782027332110931
0.1199;1.7808244163818374
0.119955;1.7796268918595184
0.12001;1.778434821167835
0.120065;1.7772482651415744
0.12012;1.7760672828247779
0.120175;1.77489193146934
0.12023;1.7737222665337538
0.120285;1.7725583416821256
0.12034;1.7714002087833032
0.120395;1.7702479179101889
0.12045;1.7691015173391975
0.120505;1.767961053549809
0.12056;1.766826571224216
0.120615;1.7656981132470562
0.12067;1.7645757207051507
0.120725;1.7634594328872322
0.12078;1.7623492872836988
0.120835;1.7612453195861526
0.12089;1.7601475636869113
0.12094500000000001;1.759056051678266
0.12100000000000001;1.7579708138514054
0.12105500000000001;1.7568918786950036
0.12111000000000001;1.7558192728932966
0.12116500000000001;1.7547530213235076
0.12122000000000001;1.7536931470524468
0.12127500000000001;1.7526396713320984
0.12133000000000001;1.7515926135938984
0.121385;1.7505519914414094
0.12144;1.74951782064091
0.121495;1.748490115109413
0.12155;1.7474688868994548
0.121605;1.7464541461796923
0.12166;1.7454459012102541
0.121715;1.7444441583112442
0.12177;1.7434489218225007
0.121825;1.742460194051806
0.12188;1.741477975207944
0.121935;1.740502263313447
0.12199;1.7395330540898597
0.122045;1.7385703408052386
0.1221;1.737614114068612
0.122155;1.7366643615487272
0.12221;1.7357210675816945
0.122265;1.7347842126110846
0.12232;1.7338537723666623
0.122375;1.7329297166183362
0.12243000000000001;1.7320120072050453
0.12248500000000001;1.7311005947474096
0.12254000000000001;1.7301954127763683
0.12259500000000001;1.7292963662345584
0.12265000000000001;1.7284033058120725
0.12270500000000001;1.727515957811854
0.12276000000000001;1.7266336456798141
0.12281500000000001;1.7319339018233721
0.12287000000000001;1.739692347622775
0.122925;1.7431809994943386
0.12298;1.7456639065683917
0.123035;1.7476128209257724
0.12309;1.7492139614739557
0.123145;1.7505635477080217
0.1232;1.7517188981467353
0.123255;1.7527173551747952
0.12331;1.7535847953201127
0.123365;1.7543399754473048
0.12342;1.7549969634698308
0.123475;1.755566594172829
0.12353;1.756057389199485
0.123585;1.756476164094142
0.12364;1.7568284433550383
0.123695;1.7571187527952326
0.12375;1.757350830751109
0.123805;1.7575277840093755
0.12386;1.7576522051021053
0.12391500000000001;1.757726261994667
0.12397000000000001;1.7577517676508763
0.12402500000000001;1.7577302346695474
0.12408000000000001;1.7576629186686343
0.12413500000000001;1.7575508530646111
0.12419000000000001;1.757394877184416
0.12424500000000001;1.7571956591478108
0.12430000000000001;1.7569537146011942
0.12435500000000001;1.756669422124993
0.12441;1.7563430359467151
0.124465;1.7559746964502805
0.12452;1.7555644388654958
0.124575;1.7551122004407553
0.12463;1.7546178263394192
0.124685;1.7540810744521738
0.12474;1.7535016192796355
0.124795;1.752879055009349
0.12485;1.7522128978877989
0.124905;1.751502587968247
0.12496;1.7507474903001166
0.12501500000000002;1.7499468956123978
0.12507000000000001;1.7491000205331895
0.12512500000000001;1.7482060073785242
0.12518;1.7472639235360217
0.125235;1.7462727604627244
0.12529;1.7452314323105327
0.125345;1.7441387741880183
0.1254;1.7429935400627956
0.125455;1.741794400304686
0.12551;1.7405399388661016
0.125565;1.7392286500925738
0.12562;1.7378589351529317
0.125675;1.736429098075218
0.12573;1.7349373413711722
0.125785;1.7333817612286775
0.12584;1.7317603422479826
0.125895;1.7300709516940074
0.12595;1.7283113332330955
0.126005;1.7264791001185105
0.12606;1.7245717277846382
0.126115;1.7225865458049898
0.12617;1.7205207291642626
0.126225;1.7183712887887597
0.12628;1.7161350612736799
0.126335;1.7138086977388884
0.12639;1.7113886517375971
0.126445;1.7088711661341542
0.1265;1.7062522588582023
0.126555;1.7035277074327344
0.12661;1.7006930321625948
0.126665;1.697743477857915
0.12672;1.6946739939537079
0.126775;1.6914792128721177
0.12683;1.6881534264575504
0.126885;1.6846905602970177
0.12694;1.6810841457181362
0.126995;1.677327289235389
0.12705;1.6734126391915836
0.127105;1.6693323493147447
0.12716;1.6650780388823756
0.127215;1.6606407491535877
0.12727;1.6560108956960533
0.127325;1.6511782161985615
0.12738;1.646131713321182
0.127435;1.6408595920951872
0.12749;1.6353491913427083
0.127545;1.6295869085444843
0.1276;1.6235581175430451
0.127655;1.6172470784311392
0.12771000000000002;1.6106368389444197
0.12776500000000002;1.603709126656442
0.12782000000000002;1.5964442312706417
0.12787500000000002;1.588820876325103
0.12793000000000002;1.5808160796830408
0.12798500000000002;1.572405002291951
0.12804000000000001;1.5635607848753204
0.12809500000000001;1.554254372504573
0.12815000000000001;1.5444543274208533
0.128205;1.5341266310889412
0.12826;1.5232344773379747
0.128315;1.5117380596653884
0.12837;1.4995943574771844
0.128425;1.4867569283658195
0.12848;1.4731757167034076
0.128535;1.458796893128419
0.12859;1.4435627452904085
0.128645;1.4274116479536794
0.1287;1.4102781508347997
0.128755;1.392093236085411
0.12881;1.372784815015593
0.128865;1.3522785564877158
0.12892;1.330499168491368
0.128975;1.3073722907504506
0.12903;1.2828272004729953
0.129085;1.2568005853031385
0.12914;1.2292416951322986
0.129195;1.2001192423644516
0.12925;1.1694304676595155
0.129305;1.137212805509602
0.12936;1.1035585387960463
0.129415;1.0686326739944687
0.12947;1.0326939290180601
0.129525;0.9961181162490022
0.12958;0.9594222340235112
0.129635;0.9232861961877803
0.12969;0.8885673840789009
0.129745;0.856301365492535
0.1298;0.8276807884749182
0.129855;0.8040045992100493
0.12991;0.7865925448013078
0.129965;0.776666299584889
0.13002;0.775208241553262
0.130075;0.7828196673380559
0.13013;0.7996078320324184
0.130185;0.8251309015234234
0.13024;0.8584192887888845
0.130295;0.898073209934059
0.13035;0.9424164613074457
0.130405;0.9896733360440606
0.13046;1.0381338972293614
0.130515;1.0862815604681881
0.13057;1.1328709387704865
0.130625;1.1769572176995688
0.13068000000000002;1.2178871219816638
0.13073500000000002;1.2552649317058706
0.13079000000000002;1.2889062389709696
0.13084500000000002;1.3187891615444296
0.13090000000000002;1.3450092229847561
0.13095500000000002;1.3677410721388399
0.13101000000000002;1.387208034303296
0.13106500000000001;1.4036591533587044
0.13112000000000001;1.4173527137208692
0.131175;1.4285450031549871
0.13123;1.4374831063899631
0.131285;1.4444006729448176
0.13134;1.4495157981760085
0.131395;1.4530303488731726
0.13145;1.4551302326732822
0.131505;1.455986247328211
0.13156;1.4557552521452901
0.131615;1.4545814837546975
0.13167;1.4525978967598439
0.131725;1.4499274516437641
0.13178;1.4466843017044484
0.131835;1.4429748511419618
0.13189;1.4388986703249877
0.131945;1.4345492636751054
0.132;1.4300146919562924
0.132055;1.4253780550625186
0.13211;1.4207178443747603
0.132165;1.4161081758865828
0.13222;1.4116189168873288
0.132275;1.4073157202245996
0.13233;1.403259981136557
0.132385;1.3995087323785973
0.13244;1.396114493853932
0.132495;1.3931250931562256
0.13255;1.3905834732978524
0.132605;1.388527503384097
0.13266;1.3869898070716369
0.132715;1.3859976223066481
0.13277;1.385572704090421
0.132825;1.3857312799096575
0.13288;1.3864840650653727
0.132935;1.3878363425305675
0.13299;1.3897881092725437
0.133045;1.3923342883097432
0.1331;1.395465003253845
0.133155;1.3991659098260516
0.13321;1.4034185769251277
0.133265;1.4082009083338964
0.13332;1.4134875951242796
0.133375;1.4192505882717419
0.13343;1.4254595809068684
0.133485;1.4320824899736848
0.13354;1.4390859277767611
0.133595;1.4464356549074107
0.13365;1.4540970072658974
0.13370500000000002;1.4620352912587928
0.13376000000000002;1.4702161426723097
0.13381500000000002;1.4786058461325209
0.13387000000000002;1.4871716134046125
0.13392500000000002;1.4958818200086217
0.13398000000000002;1.5047062007058385
0.13403500000000002;1.5136160053187002
0.13409000000000001;1.522584117078483
0.13414500000000001;1.5315851362506965
0.1342;1.5405954321771949
0.134255;1.5495931671109362
0.13431;1.5585582953236339
0.134365;1.5674725409572308
0.13442;1.5763193579903185
0.134475;1.5850838755188197
0.13453;1.5937528313278195
0.134585;1.6023144964732885
0.13464;1.6107585933147315
0.134695;1.619076209154719
0.13475;1.6272597073578572
0.134805;1.6353026375491384
0.13486;1.6431996462334233
0.134915;1.6509463889401623
0.13497;1.6585394447807456
0.135025;1.6659762341122275
0.13508;1.673254939830748
0.135135;1.6803744326695174
0.13519;1.6873342007493206
0.135245;1.694134283522771
0.1353;1.7007752101637745
0.135355;1.7072579423817966
0.13541;1.7135838215815131
0.135465;1.7197545202433053
0.13552;1.7257719973652592
0.135575;1.7316384577817743
0.13563;1.7373563151568054
0.135685;1.7429281584387524
0.13574;1.7483567215583313
0.135795;1.753644856150083
0.13585;1.7587955070801264
0.135905;1.7638116905681958
0.13596;1.768696474698885
0.136015;1.7734529621258608
0.13607;1.778084274782371
0.136125;1.782593540421808
0.13618;1.7869838808229104
0.136235;1.7912584015048159
0.13629;1.7954201828082208
0.136345;1.7994722722094183
0.1364;1.8034176777440885
0.136455;1.8072593624276392
0.13651;1.8110002395683598
0.136565;1.814643168878242
0.13662;1.818190953294907
0.13667500000000002;1.8216463364354678
0.13673000000000002;1.825012000610982
0.13678500000000002;1.82829056533617
0.13684000000000002;1.8314845862758122
0.13689500000000002;1.8345965545746994
0.13695000000000002;1.8376288965232404
0.13700500000000002;1.8405839735158114
0.13706000000000002;1.8434640822631259
0.13711500000000001;1.846271455223974
0.13717000000000001;1.8490082612255079
0.137225;1.8516766062441377
0.13728;1.854278534322617
0.137335;1.8568160286012585
0.13739;1.8592910124437059
0.137445;1.8617053506401418
0.1375;1.86406085067255
0.137555;1.8663592640286102
0.13761;1.8686022875523087
0.137665;1.870791564820856
0.13772;1.8729286875389421
0.137775;1.8750151969421625
0.13783;1.8770525852028903
0.137885;1.879042296832568
0.13794;1.8809857300752497
0.137995;1.882884238288067
0.13805;1.8847391313047688
0.138105;1.8865516767793116
0.13816;1.8883231015066848
0.138215;1.8900545927190073
0.13827;1.8917472993548363
0.138325;1.8934023333005534
0.13838;1.895020770602487
0.138435;1.89660365264906
0.13849;1.8981519873222936
0.138545;1.8996667501183786
0.1386;1.9011488852369638
0.138655;1.902599306639261
0.13871;1.9040188990749558
0.138765;1.9054085190781718
0.13882;1.90676899593281
0.138875;1.9081011326076178
0.13893;1.9094057066614594
0.138985;1.9106834711193719
0.13904;1.9119351553198323
0.139095;1.9131614657340905
0.13915;1.9143630867578956
0.139205;1.9155406814765703
0.13926;1.916694892403977
0.139315;1.917826342196077
0.13937;1.9189356343398214
0.139425;1.9200233538180964
0.13948;1.9210900677513818
0.139535;1.9221363260168975
0.13959;1.9231626618458728
0.139645;1.9241695923997042
0.13970000000000002;1.9251576193256061
0.13975500000000002;1.9261272292925398
0.13981000000000002;1.9270788945079547
0.13986500000000002;1.9280130732160794
0.13992000000000002;1.9289302101783932
0.13997500000000002;1.9298307371368517
0.14003000000000002;1.9307150732604945
0.14008500000000002;1.9315836255760395
0.14014000000000001;1.9324367893830054
0.14019500000000001;1.9332749486539644
0.14025;1.9340984764203673
0.140305;1.9349077351446184
0.14036;1.9357030770787227
0.140415;1.9364848446101728
0.14047;1.9372533705954018
0.140525;1.9380089786813737
0.14058;1.93875198361567
0.140635;1.9394826915455647
0.14069;1.9402014003064396
0.140745;1.9409083996999947
0.1408;1.9416039717626312
0.140855;1.942288391024304
0.14091;1.9429619247583114
0.140965;1.9436248332222883
0.14102;1.9442773698907505
0.141075;1.9449197816795465
0.14113;1.9455523091624636
0.141185;1.9461751867803367
0.14124;1.9467886430429038
0.141295;1.947392900723729
0.14135;1.9479881770484129
0.141405;1.9485746838763518
0.14146;1.9491526278763296
0.141515;1.9497222106961294
0.14157;1.9502836291264058
0.141625;1.9508370752590505
0.14168;1.9513827366402319
0.141735;1.9519207964183571
0.14179;1.952451433487089
0.141845;1.9529748226236563
0.1419;1.9534911346225876
0.141955;1.9540005364251216
0.14201;1.9545031912443318
0.142065;1.954999258686278
0.14212;1.955488894867192
0.142175;1.9559722525269454
0.14223;1.9564494811389288
0.142285;1.9569207270164037
0.14234;1.957386133415554
0.142395;1.9578458406353267
0.14245;1.9582999861141361
0.142505;1.958748704523639
0.14256;1.9591921278596174
0.142615;1.9596303855301251
0.14267;1.9600636044409607
0.14272500000000002;1.9604919090786137
0.14278000000000002;1.960915421590736
0.14283500000000002;1.9613342618642677
0.14289000000000002;1.9617485476012941
0.14294500000000002;1.9621583943927037
0.14300000000000002;1.962563915789757
0.14305500000000002;1.9629652233736294
0.14311000000000001;1.963362426823024
0.14316500000000001;1.963755633979902
0.14322000000000001;1.9641449509134128
0.143275;1.9645304819821292
0.14333;1.9649123298945737
0.143385;1.965290595768206
0.14344;1.9656653791868335
0.143495;1.9660367782565662
0.14355;1.9664048896603803
0.143605;1.9667698087112688
0.14366;1.9671316294041576
0.143715;1.967490444466522
0.14377;1.967846345407828
0.143825;1.9681994225677992
0.14388;1.9685497651636228
0.143935;1.9688974613360575
0.14399;1.9692425981945532
0.144045;1.9695852618613974
0.1441;1.9699255375149223
0.144155;1.9702635094318517
0.14421;1.9705992610287852
0.144265;1.9709328749028572
0.14432;1.9712644328716635
0.144375;1.9715940160124261
0.14443;1.9719217047004567
0.144485;1.9722475786469704
0.14454;1.9725717169362438
0.144595;1.9728941980621968
0.14465;1.973215099964374
0.144705;1.973534500063438
0.14476;1.9738524752960873
0.144815;1.9741691021495296
0.14487;1.974484456695524
0.144925;1.974798614623959
0.14498;1.975111651276036
0.145035;1.9754236416771085
0.14509;1.9757346605691701
0.145145;1.9760447824429872
0.1452;1.9763540815699783
0.145255;1.9766626320338243
0.14531;1.976970507761769
0.145365;1.9772777825557821
0.14542;1.9775845301234543
0.145475;1.9778908241087492
0.14553;1.9781967381225758
0.145585;1.9785023457732664
0.14564;1.9788077206968786
0.14569500000000002;1.979112936587456
0.14575000000000002;1.9794180672272152
0.14580500000000002;1.979723186516634
0.14586000000000002;1.98002836850458
0.14591500000000002;1.9803336874183741
0.14597000000000002;1.9806392176938623
0.14602500000000002;1.980945034005596
0.14608000000000002;1.9812512112969323
0.14613500000000001;1.9815578248103078
0.14619000000000001;1.9818649501175543
0.146245;1.9821726631503287
0.1463;1.9824810402306559
0.146355;1.9827901581016454
0.14641;1.9831000939583174
0.146465;1.983410925478667
0.14652;1.9837227308548764
0.146575;1.9840355888247752
0.14663;1.9843495787035128
0.146685;1.984664780415495
0.14674;1.9849812745265873
0.146795;1.9852991422765942
0.14685;1.9856184656120441
0.146905;1.9859393272193278
0.14696;1.9862618105580947
0.147015;1.9865859998951065
0.14707;1.9869119803383612
0.147125;1.9872398378716891
0.14718;1.987569659389688
0.147235;1.9879015327331313
0.14729;1.9882355467247412
0.147345;1.9885717912055128
0.1474;1.9889103570713924
0.147455;1.9892513363105346
0.14751;1.9895948220409756
0.147565;1.9899409085488857
0.14762;1.990289691327279
0.147675;1.990641267115313
0.14773;1.9909957339381041
0.147785;1.9913531911471223
0.14784;1.9917137394611206
0.147895;1.9920774810077264
0.14795;1.9924445193654978
0.148005;1.992814959606727
0.14806;1.9931889083406955
0.148115;1.9935664737576977
0.14817;1.9939477656735236
0.148225;1.9943328955746944
0.14828;1.9947219766642206
0.148335;1.9951151239080338
0.14839;1.99551245408201
0.148445;1.9959140858195996
0.1485;1.9963201396600527
0.148555;1.9967307380972525
0.14861;1.9971460056290937
0.148665;1.9975660688074253
0.14872000000000002;1.9979910562885081
0.14877500000000002;1.9984210988840039
0.14883000000000002;1.998856329612366
0.14888500000000002;1.9992968837507092
0.14894000000000002;1.9997428988870387
0.14899500000000002;2.000194514972776
0.14905000000000002;2.0006518743755746
0.14910500000000002;2.001115121932289
0.14916000000000001;2.0015844050020712
0.14921500000000001;2.002059873519427
0.14927;2.0025416800472158
0.149325;2.0030299798293654
0.14938;2.0035249308432665
0.149435;2.0040266938515705
0.14949;2.004535432453328
0.149545;2.0050513131341234
0.1496;2.0055745053151375
0.149655;2.00610518140069
0.14971;2.0066435168241115
0.149765;2.0071896900915003
0.14982;2.00774388282303
0.149875;2.0083062797913485
0.14993;2.008877068956546
0.149985;2.009456441497189
0.15004;2.010044591836674
0.150095;2.0106417176642672
0.15015;2.0112480199499285
0.150205;2.011863702951952
0.15026;2.0124889742163954
0.150315;2.0131240445670078
0.15037;2.01376912808417
0.150425;2.014424442071333
0.15048;2.01509020700693
0.150535;2.015766646479659
0.15059;2.0164539871046023
0.150645;2.017152458417251
0.1507;2.017862292742062
0.150755;2.0185837250316614
0.15081;2.0193169926720165
0.150865;2.0200623352483014
0.15092;2.020819994265138
0.150975;2.0215902128138272
0.15103;2.022373235177812
0.151085;2.0231693063661074
0.15114;2.0239786715624053
0.151195;2.0248015754751667
0.15125;2.0256382615712836
0.151305;2.0264889711721796
0.15136;2.0273539423869953
0.151415;2.0282334088520164
0.15147;2.0291275982388397
0.151525;2.0300367304852815
0.15158;2.0309610156925864
0.151635;2.0319006516188978
0.15169000000000002;2.0328558206819323
0.15174500000000002;2.0338266863618535
0.15180000000000002;2.0348133888669544
0.15185500000000002;2.035816039887759
0.15191000000000002;2.03683471621672
0.15196500000000002;2.037869451946358
0.15202000000000002;2.0389202288731267
0.15207500000000002;2.039986964618442
0.15213000000000002;2.04106949782092
0.15218500000000001;2.0421675695368675
0.15224000000000001;2.0432807996838287
0.152295;2.0444086569353686
0.15235;2.045550419865282
0.152405;2.046705126253717
0.15246;2.0478715061617883
0.152515;2.0490478924209
0.15257;2.050232099185567
0.152625;2.051421254516016
0.15268;2.0526115654747707
0.152735;2.0537979819533816
0.15279;2.0549737047503753
0.152845;2.056129447372617
0.1529;2.057252295919779
0.152955;2.0583238888308575
0.15301;2.0593173962120397
0.153065;2.06019227307291
0.15312;2.06088463363733
0.153175;2.0612883721447517
0.15323;2.0612149082139175
0.153285;2.060297593669588
0.15334;2.0577293514163393
0.153395;2.051377471780922
0.15345;2.0336549294850346
0.153505;1.9563523392824145
0.15356;1.2640057154669553
0.153615;2.044161855281432
0.15367;2.087091820049752
0.153725;2.0939898592511286
0.15378;2.096636585176259
0.153835;2.098488730851566
0.15389;2.100218319620523
0.153945;2.1019911002290503
0.154;2.1038494822913343
0.154055;2.105801157416227
0.15411;2.1078437641373973
0.154165;2.1099724934928097
0.15422;2.112182505999451
0.154275;2.11446964051452
0.15433;2.116830543499963
0.154385;2.1192626090241418
0.15444;2.1217638685664673
0.154495;2.1243328793455514
0.15455;2.1269686264603584
0.154605;2.1296704418184778
0.15466;2.1324379385620524
0.15471500000000002;2.1352709585196825
0.15477000000000002;2.138169530166447
0.15482500000000002;2.1411338348998012
0.15488000000000002;2.144164179839374
0.15493500000000002;2.1472609757292402
0.15499000000000002;2.1504247188303114
0.15504500000000002;2.1536559759377
0.15510000000000002;2.1569553718506644
0.15515500000000002;2.1603235787719175
0.15521000000000001;2.163761307227802
0.15526500000000001;2.1672692981887884
0.15532;2.170848316137929
0.155375;2.174499142887146
0.15543;2.1782225719820856
0.155485;2.1820194035680354
0.15554;2.1858904396141803
0.155595;2.1898364794132164
0.15565;2.1938583152889963
0.155705;2.197956728457165
0.15576;2.20213248499402
0.155815;2.2063863318768067
0.15587;2.210718993065499
0.155925;2.2151311656015573
0.15598;2.2196235157038053
0.156035;2.2241966748456385
0.15609;2.228851235801
0.156145;2.23358774864954
0.1562;2.2384067167341666
0.156255;2.24330859256624
0.15631;2.2482937736761515
0.156365;2.2533625984087857
0.15642;2.258515341665279
0.156475;2.2637522105944807
0.15653;2.2690733402389216
0.156585;2.2744787891420324
0.15664;2.2799685349249605
0.156695;2.285542469842742
0.15675;2.291200396331557
0.156805;2.296942022559961
0.15686;2.3027669579988967
0.156915;2.30867470902659
0.15697;2.3146646745859782
0.157025;2.320736141914143
0.15708;2.3268882823638832
0.157135;2.333120147339832
0.15719;2.3394306643723333
0.157245;2.3458186333534807
0.1573;2.352282722961208
0.157355;2.3588214672980383
0.15741;2.365433262772143
0.157465;2.372116365249239
0.15752;2.378868887504044
0.157575;2.385688797000896
0.15763;2.3925739140330258
0.157685;2.3995219102501277
0.15774000000000002;2.4065303076034623
0.15779500000000002;2.413596477737202
0.15785000000000002;2.420717641854298
0.15790500000000002;2.427890871083407
0.15796000000000002;2.4351130873727045
0.15801500000000002;2.4423810649342665
0.15807000000000002;2.4496914322607357
0.15812500000000002;2.4570406747340705
0.15818000000000002;2.4644251378428725
0.15823500000000001;2.471841031022321
0.15829000000000001;2.4792844321273497
0.158345;2.4867512925458604
0.1584;2.4942374429555016
0.158455;2.501738599722761
0.15851;2.5092503719393155
0.158565;2.5167682690859894
0.15862;2.5242877093096796
0.158675;2.53180402829432
0.15873;2.5393124887018135
0.158785;2.5468082901539972
0.15884;2.5542865797222367
0.158895;2.561742462885956
0.15895;2.56917101491748
0.159005;2.5765672926456626
0.15906;2.5839263465470914
0.159115;2.591243233109648
0.15917;2.5985130274097026
0.159225;2.6057308358417806
0.15928;2.612891808936284
0.159335;2.6199911541994774
0.15939;2.627024148908273
0.159445;2.6339861527913198
0.1595;2.6408726205282145
0.159555;2.647679113998201
0.15961;2.654401314211445
0.159665;2.6610350328573578
0.15972;2.667576223406305
0.159775;2.6740209917044377
0.15983;2.680365606004342
0.159885;2.686606506378269
0.15994;2.692740313465121
0.159995;2.6987638365069535
0.16005;2.704674080636376
0.160105;2.7104682533813365
0.16016;2.7161437703597735
0.160215;2.721698260142521
0.16027;2.7271295682688037
0.160325;2.7324357604050458
0.16038;2.7376151246435074
0.160435;2.742666172943387
0.16049;2.7475876417230234
0.160545;2.7523784916170673
0.1606;2.7570379064183475
0.160655;2.761565291228844
0.16071000000000002;2.7659602698488386
0.16076500000000002;2.7702226814379314
0.16082000000000002;2.7743525764850308
0.16087500000000002;2.7783502121280335
0.16093000000000002;2.7822160468667954
0.16098500000000002;2.7859507347152555
0.16104000000000002;2.789555118840789
0.16109500000000002;2.7930302247398777
0.16115000000000002;2.796377253000604
0.16120500000000001;2.799597571702604
0.16126000000000001;2.802692708505367
0.16131500000000001;2.805664342475383
0.16137;2.8085142957016833
0.161425;2.8112445247485947
0.16148;2.813857111992574
0.161535;2.8163542568887943
0.16159;2.8187382672106467
0.161645;2.8210115503034388
0.1617;2.823176604391113
0.161755;2.8252360099721145
0.16181;2.8271924213381023
0.161865;2.829048558246165
0.16192;2.830807197772827
0.161975;2.8324711663749005
0.16203;2.834043332179621
0.162085;2.8355265975239385
0.16214;2.8369238917597475
0.162195;2.8382381643394967
0.16225;2.8394723781939892
0.162305;2.8406295034118063
0.16236;2.8417125112273016
0.162415;2.8427243683222634
0.16247;2.843668031443971
0.162525;2.8445464423406728
0.16258;2.8453625230137694
0.162635;2.8461191712842018
0.16269;2.846819256669335
0.162745;2.847465616565156
0.1628;2.848061052727403
0.162855;2.848608328044504
0.16291;2.849110163593867
0.162965;2.849569235972689
0.16302;2.849988174893622
0.163075;2.8503695610351167
0.16313;2.8507159241358764
0.163185;2.8510297413225896
0.16324;2.8513134356597716
0.163295;2.8515693749104107
0.16335;2.851799870496269
0.163405;2.852007176646347
0.16346;2.8521934897224033
0.163515;2.852360947710391
0.16357;2.8525116298668607
0.163625;2.8526475565096687
0.16368;2.8527706889425386
0.16373500000000002;2.852882929503349
0.16379000000000002;2.8529861217262775
0.16384500000000002;2.853082050608358
0.16390000000000002;2.8531724429713687
0.16395500000000002;2.853258967910131
0.16401000000000002;2.8533432373191396
0.16406500000000002;2.8534268064892414
0.16412000000000002;2.8535111747669615
0.16417500000000002;2.853597786269279
0.16423000000000001;2.85368803064694
0.16428500000000001;2.8537832438900024
0.16434;2.853884709169514
0.164395;2.853993657709676
0.16445;2.8541112696852275
0.164505;2.8542386751390123
0.16456;2.8543769549152405
0.164615;2.8545271416041236
0.16467;2.85469022049388
0.164725;2.8548671305265696
0.16478;2.8550587652543338
0.164835;2.8552659737930033
0.16489;2.8554895617702476
0.164945;2.8557302922657635
