1e-20;2.141887882580933e-15
5.500000000000001e-05;2.5303464283393098e-15
0.00011000000000000002;2.987861911987137e-15
0.000165;3.5251092801682273e-15
0.00022;4.153340280853046e-15
0.000275;4.883630359974121e-15
0.00033;5.725457111769022e-15
0.00038500000000000003;6.684141350483274e-15
0.00044;7.756343820704268e-15
0.000495;8.92219397763462e-15
0.00055;1.013144458526592e-14
0.0006050000000000001;1.1278597983069392e-14
0.00066;1.215622718320518e-14
0.000715;1.2359251464608714e-14
0.0007700000000000001;1.1043243327034868e-14
0.000825;5.617462998323495e-15
0.00088;4.930397609727039e-09
0.0009350000000000001;1.4289629701391303e-08
0.00099;2.9513555602651798e-08
0.0010450000000000001;5.430885517000061e-08
0.0011;9.512822594104116e-08
0.001155;1.6369517200205276e-07
0.0012100000000000001;2.8249525035273525e-07
0.001265;4.977925620836316e-07
0.00132;9.141380685377582e-07
0.0013750000000000001;1.8008770305084435e-06
0.00143;4.001904691397876e-06
0.001485;1.118687165280453e-05
0.0015400000000000001;5.5514633095045224e-05
0.001595;0.4717625272361008
0.00165;8.113383189157952e-05
0.0017050000000000001;2.4886023890150314e-05
0.00176;1.3480046213329212e-05
0.001815;9.214995658888719e-06
0.0018700000000000001;7.154949738110106e-06
0.001925;6.0214448943589125e-06
0.00198;5.357869080009656e-06
0.002035;4.966964998637151e-06
0.0020900000000000003;4.752450718847015e-06
0.002145;4.663609270262607e-06
0.0022;4.672793743556107e-06
0.002255;4.765278790259484e-06
0.00231;4.934345443689708e-06
0.002365;5.178823579680085e-06
0.0024200000000000003;5.501908413727507e-06
0.002475;5.910717768711763e-06
0.00253;6.416350559786166e-06
0.002585;7.034356411913123e-06
0.00264;7.785617265018534e-06
0.002695;8.697713842316158e-06
0.0027500000000000003;9.806926123575497e-06
0.002805;1.1161117231558874e-05
0.00286;1.282389900087387e-05
0.002915;1.4880713313944709e-05
0.00297;1.7447852461718884e-05
0.003025;2.068610576169516e-05
0.0030800000000000003;2.4821889858458345e-05
0.003135;3.018085537036056e-05
0.00319;3.7243012387467885e-05
0.003245;4.673644402029488e-05
0.0033;5.980341416823249e-05
0.003355;7.83097093754074e-05
0.0034100000000000003;0.00010545598544065407
0.003465;0.0001470772694770655
0.00352;0.0002146703671116544
0.003575;0.00033333997022707987
0.00363;0.0005663377672450816
0.0036850000000000003;0.0011112073013205893
0.0037400000000000003;0.0028581670272828192
0.003795;0.015048890055141453
0.00385;0.23446679500522954
0.003905;0.008208150948446341
0.00396;0.0026205680998393605
0.004015;0.0013334660282323194
0.00407;0.0008354260675502552
0.004125;0.0005893946946739391
0.0041800000000000006;0.0004491835563905883
0.004235;0.000361473754853771
0.00429;0.00030294433757096687
0.004345;0.0002620373360680865
0.0044;0.00023247612467591465
0.004455;0.00021060595753309567
0.00451;0.00019417929754013367
0.0045650000000000005;0.00018175267243220438
0.00462;0.00017236642644514604
0.004675;0.00016536508857995983
0.00473;0.00016029191969452067
0.004785;0.00015682460839274185
0.0048400000000000006;0.0001547348044422356
0.004895;0.00015386199956448062
0.00495;0.00015409634900944675
0.005005;0.0001553672513249775
0.00506;0.00015763576150632915
0.005115;0.00016088964917789481
0.00517;0.0001651403594238432
0.0052250000000000005;0.00017042141360990113
0.00528;0.00017678797031902912
0.005335;0.00018431739241738218
0.00539;0.00019311075941291891
0.005445;0.00020329534005743003
0.0055000000000000005;0.0002150281092328105
0.005555;0.00022850046390736212
0.00561;0.00024394437299040243
0.005665;0.00026164029346665207
0.00572;0.00028192731025284833
0.005775000000000001;0.0003052161230564596
0.00583;0.0003320057286322056
0.0058850000000000005;0.00036290495789895324
0.00594;0.00039866046368862407
0.005995;0.00044019337538067817
0.00605;0.000488647731188961
0.006105;0.000545455106627493
0.0061600000000000005;0.0006124217980609549
0.006215;0.0006918478451172118
0.00627;0.0007866916604140886
0.006325;0.0009008010399095528
0.00638;0.0010392424920070671
0.006435000000000001;0.0012087790184415177
0.00649;0.0014185768680175005
0.0065450000000000005;0.0016812739502842732
0.0066;0.0020146353787977756
0.006655;0.0024441939040578
0.00671;0.0030075404329059064
0.006765;0.003761787633941217
0.0068200000000000005;0.0047965884055446726
0.006875;0.006258662034884744
0.00693;0.008400298516300798
0.006985;0.011682695109675366
0.00704;0.017016737369273855
0.007095000000000001;0.02639200391114658
0.00715;0.044785908640675665
0.0072050000000000005;0.08725347933355099
0.00726;0.21301099703344092
0.007315;0.6819590804569821
0.007370000000000001;0.8032156651557372
0.007425;0.28301796848812466
0.0074800000000000005;0.1445072289085009
0.007535;0.0952118547221816
0.00759;0.06685762220320152
0.007645;0.05037623436971732
0.0077;0.04000613645895446
0.007755000000000001;0.033065983469666944
0.00781;0.028198515201953153
0.007865;0.024660840238742418
0.00792;0.022019232326349763
0.007975;0.020006766416881892
0.00803;0.01845192439364637
0.008085;0.01724051325494906
0.00814;0.016294253002585374
0.008195000000000001;0.015558140046271467
0.00825;0.014992326178667166
0.008305;0.014547381290045984
0.008360000000000001;0.01428057415075423
0.008415;0.014087605764741983
0.00847;0.013993945594183243
0.008525;0.01399136904133765
0.00858;0.014075564991682532
0.008635;0.01424481974210824
0.00869;0.01449968149461774
0.008745000000000001;0.014842850696663894
0.0088;0.01527921069331332
0.008855;0.015815982737301868
0.00891;0.01646301074789068
0.008965;0.017233195848392273
0.00902;0.0181431162266135
0.009075;0.01921388771469848
0.009130000000000001;0.020472348201096092
0.009185;0.02195268957813561
0.00924;0.023698722294496294
0.009295000000000001;0.025767052739072892
0.00935;0.028231604715183517
0.009405;0.031190161625260032
0.00946;0.03477401441674422
0.009515000000000001;0.0391624981414635
0.00957;0.04460542607539844
0.009625;0.05145865079463247
0.009680000000000001;0.060242134886908376
0.009735;0.07173795014286546
0.00979;0.08716170849649249
0.009845;0.10847409563520914
0.0099;0.13896862137717556
0.009955;0.18441256148037358
0.01001;0.2552474012087408
0.010065000000000001;0.3702560071911819
0.01012;0.5577486208953979
0.010175;0.8212415609038966
0.01023;0.9974727290980867
0.010285;0.847067512640475
0.01034;0.5578261078612119
0.010395;0.3458787200329674
0.010450000000000001;0.22005078709218995
0.010505;0.14612010258740224
0.01056;0.10086866818768221
0.010615000000000001;0.07179013205532632
0.01067;0.05224562632004321
0.010725;0.03858909265869246
0.01078;0.02872824303383598
0.010835000000000001;0.02141052427884048
0.01089;0.01585784837154335
0.010945;0.01157154911022387
0.011000000000000001;0.00822499951969361
0.011055;0.005601922273079707
0.01111;0.0035602523863554106
0.011165;0.0020107918721409893
0.01122;0.0009049513148379356
0.011275;0.00022854170317695562
0.01133;1.0714817911607325e-07
0.011385000000000001;0.00027327200023953053
0.01144;0.0011433409615930522
0.011495;0.002759151485481879
0.011550000000000001;0.00534211734112099
0.011605;0.009215727020460647
0.01166;0.014850738215424158
0.011715;0.022934278323508705
0.011770000000000001;0.03447533211744172
0.011825;0.05096447912896657
0.01188;0.07460985902996435
0.011935000000000001;0.10866444121513069
0.01199;0.15781035478899702
0.012045;0.22838918135907624
0.0121;0.32778687667227235
0.012155000000000001;0.46136854088973545
0.01221;0.6249328773267664
0.012265;0.7948221754054494
0.012320000000000001;0.9293737815948417
0.012375;0.9941886693455132
0.01243;0.9879522653422176
0.012485000000000001;0.9359179601109365
0.01254;0.8660443105926698
0.012595;0.7963386328609346
0.01265;0.7350879434957583
0.012705000000000001;0.6848432294335421
0.01276;0.6455487530545729
0.012815;0.6162352425658606
0.012870000000000001;0.5957843108180149
0.012925;0.5832265535551439
0.01298;0.5778334341888891
0.013035;0.5791263508351184
0.013090000000000001;0.5868554661556511
0.013145;0.6009670649619838
0.0132;0.6215614019383782
0.013255000000000001;0.6488324620683387
0.01331;0.6829712325553601
0.013365;0.724002412615408
0.01342;0.7715118512012904
0.013475;0.8242169378865777
0.01353;0.8793599878311946
0.013585;0.9320168036118206
0.013640000000000001;0.9746677510853985
0.013695;0.9977270084169821
0.01375;0.9917801839876316
0.013805000000000001;0.9513564216235904
0.01386;0.8782275639970049
0.013915;0.7814930856488338
0.01397;0.6739582844105915
0.014025000000000001;0.5674460715777089
0.01408;0.4699542502266926
0.014135;0.38531508185951713
0.014190000000000001;0.3142884426258347
0.014245;0.25589311520106095
0.0143;0.20841517097816767
0.014355;0.1700010072661954
0.014410000000000001;0.1389435954776796
0.014465;0.1137871537033554
0.01452;0.09334009706125264
0.014575000000000001;0.07664876756706074
0.01463;0.06295891148373416
0.014685;0.05167721808062334
0.014740000000000001;0.042337672399273614
0.014795;0.03457390563303563
0.01485;0.028097215855729416
0.014905;0.02267941049806248
0.014960000000000001;0.01813954111723951
0.015015;0.014333693778625702
0.01507;0.011147142304206778
0.015125000000000001;0.008488314903465447
0.01518;0.006284148527663551
0.015235;0.00447650553203712
0.01529;0.0030194056067749104
0.015345000000000001;0.0018768860323626097
0.0154;0.0010213488922547122
0.015455;0.00043228824157064426
0.015510000000000001;9.531606836281459e-05
0.015565;1.4252826854778237e-06
0.01562;0.00014644251257268226
0.015675;0.0005306343563477418
0.01573;0.001158438805870597
0.015785;0.002038299444347923
0.01584;0.003182584182280676
0.015895;0.004607573036474569
0.01595;0.006333500992258348
0.016005000000000002;0.008384642478472306
0.01606;0.01078942363032867
0.016115;0.013580547879720219
0.01617;0.016795121895022268
0.016225;0.02047478586079026
0.01628;0.024665992896188756
0.016335000000000002;0.029422676807239333
0.016390000000000002;0.048589187276989916
0.016445;0.040833459250024774
0.0165;0.047605459229565
0.016555;0.05518201561247063
0.01661;0.06362363777217322
0.016665;0.0729935415849618
0.016720000000000002;0.08335212513642469
0.016775;0.09475382289846157
0.01683;0.10724364774077369
0.016885;0.12085324045090273
0.01694;0.13559649690387093
0.016995;0.15146494152305848
0.01705;0.16842310865734855
0.017105000000000002;0.18640428145238042
0.01716;0.20530700818200423
0.017215;0.2249928505105225
0.01727;0.24528579786053792
0.017325;0.2659736929822903
0.01738;0.28681185287252203
0.017435;0.30752884903885125
0.017490000000000002;0.32783416151105177
0.017545;0.3474271850134498
0.0176;0.3660068905052892
0.017655;0.38328136987564426
0.01771;0.3989765352201264
0.017765;0.4128433999564205
0.01782;0.4246636051608333
0.017875000000000002;0.4342531225884612
0.01793;0.4414643136895941
0.017985;0.4461867079726743
0.01804;0.4483469576827319
0.018095;0.4479084221867477
0.01815;0.44487074558975065
0.018205;0.439269638592561
0.018260000000000002;0.43117689116747276
0.018315;0.42070045922084237
0.01837;0.4079843173814428
0.018425;0.3932076779657791
0.01848;0.3765831616082654
0.018535;0.3583535753073508
0.018590000000000002;0.3387871020005932
0.018645000000000002;0.31817091061999847
0.0187;0.29680342262413717
0.018755;0.27498567927987216
0.01881;0.2530124044195324
0.018865;0.23116342203205065
0.01892;0.20969605659022722
0.018975000000000002;0.1888390259633057
0.019030000000000002;0.16878815801942954
0.019085;0.14970405751974075
0.01914;0.13171165473606422
0.019195;0.11490140908366961
0.01925;0.09933183589726079
0.019305;0.08503297588280015
0.019360000000000002;0.07201042830369318
0.019415;0.06024960804573314
0.01947;0.04971994867754881
0.019525;0.04037884488179899
0.01958;0.03217519752642419
0.019635;0.02505248615533999
0.01969;0.018951343179742824
0.019745000000000002;0.013811640613204463
0.0198;0.009574124689982958
0.019855;0.006181648021584633
0.01991;0.003580055346189644
0.019965;0.0017187796401814356
0.02002;0.0005512023626618007
0.020075;3.482653594202385e-05
0.020130000000000002;0.00013130563940947599
0.020185;0.0008063664908647498
0.02024;0.0020296636371537795
0.020295;0.0037746178963711003
0.02035;0.00601838278958905
0.020405;0.008742706835181913
0.02046;0.011944401712377288
0.020515000000000002;0.01759319472614586
0.02057;0.019649149603252564
0.020625;0.026270090076238393
0.02068;0.03121008624082041
0.020735;0.036508935909098476
0.02079;0.042112080892084916
0.020845000000000002;0.047994524871340455
0.020900000000000002;0.054136918061435585
0.020955;0.06052275766808316
0.02101;0.06713749483991638
0.021065;0.07396800497766914
0.02112;0.08100205184080558
0.021175;0.08822746035426103
0.021230000000000002;0.09563034085306471
0.021285000000000002;0.10318997017307195
0.02134;0.11085779246144595
0.021395;0.11839407854868444
0.02145;0.13336826304487956
0.021505;0.13629935159025838
0.02156;0.14445579112397935
0.021615000000000002;0.1529630643858357
0.021670000000000002;0.161676871625244
0.021725;0.17056435965084557
0.02178;0.17961357726337832
0.021835;0.18881928579156076
0.02189;0.19817932463851193
0.021945;0.20769345434252223
0.022000000000000002;0.2173629883864987
0.022055;0.22719074377386328
0.02211;0.2371811550893042
0.022165;0.24734049672993924
0.02222;0.25767719562550817
0.022275;0.2682022336965534
0.02233;0.278929648878907
0.022385000000000002;0.2898771507171695
0.02244;0.3010668734606651
0.022495;0.31252629749298777
0.02255;0.3242893797161236
0.022605;0.33639794613870394
0.02266;0.34890341652115503
0.022715;0.3618689529651182
0.022770000000000002;0.37537215370655075
0.022825;0.38950845254224703
0.02288;0.40439543632245617
0.022935;0.42017836119429003
0.02299;0.4370372356816117
0.023045;0.4551959451442002
0.023100000000000002;0.47493400804301494
0.023155000000000002;0.49660164447165667
0.02321;0.5206388013719967
0.023265;0.5475983564675303
0.02332;0.5781722629934721
0.023375;0.6132152955251006
0.02343;0.6537503921079119
0.023485000000000002;0.7009128822306281
0.023540000000000002;0.7557259623712976
0.023595;0.8184493303063047
0.02365;0.8869332959545183
0.023705;0.9529918710586308
0.02376;1.1677162888592023
0.023815;0.9785040474600297
0.023870000000000002;0.8622701751090835
0.023925000000000002;0.6550455618950825
0.02398;0.42647674553446613
0.024035;0.24401540584204875
0.02409;0.1258092399459729
0.024145;0.05843819803912137
0.0242;0.023429325048662682
0.024255000000000002;0.007083483139119307
0.024310000000000002;0.0009411139307066762
0.024365;0.0001241082087220737
0.02442;0.0018909438575402764
0.024475;0.0047181201164678945
0.02453;0.007769049949940661
0.024585;0.01059578668098718
0.024640000000000002;0.012972042377314632
0.024695;0.014798987437124078
0.02475;0.016051479435478237
0.024805;0.01674697975632468
0.02486;0.01692737040425123
0.024915;0.016648204922857228
0.024970000000000003;0.015972295800276176
0.025025000000000002;0.014965856473744793
0.02508;0.013696158406407753
0.025135;0.01223008933983562
0.02519;0.010633246738581173
0.025245;0.008969347032788129
0.0253;0.0072998191755317
0.025355000000000003;0.005683504453317193
0.025410000000000002;0.004176417377139521
0.025465;0.0028315430584813163
0.02552;0.0016986597663868667
0.025575;0.0008241847597107824
0.02563;0.0002510500064572958
0.025685;1.86265132202772e-05
0.025740000000000002;0.000162742439442739
0.025795000000000002;0.0007159151417637611
0.02585;0.001708173187440762
0.025905;0.0031699194428006358
0.02596;0.005144365215547014
0.026015;0.00777416482548291
0.02607;0.013541430572763415
0.026125000000000002;0.01681141215774341
0.026180000000000002;0.01802051074103912
0.026235;0.02224218282664141
0.02629;0.027134507721587393
0.026345;0.032566455429101145
0.0264;0.03850479635212482
0.026455;0.04493005828028656
0.026510000000000002;0.051824567598741184
0.026565000000000002;0.05916984102478126
0.02662;0.06694595918061405
0.026675;0.07513149577010043
0.02673;0.08370363207988954
0.026785;0.09263833882769439
0.02684;0.10191058124861377
0.026895000000000002;0.1114945285462115
0.02695;0.12136375864307648
0.027005;0.13149145346025493
0.02706;0.14185058207178275
0.027115;0.15241407025699735
0.02717;0.1631549557056026
0.027225000000000003;0.1740465286341023
0.027280000000000002;0.1850624579501538
0.027335;0.19617690340968721
0.02739;0.20736461449289526
0.027445;0.21860101703034066
0.0275;0.22986228901557462
0.027555;0.24112542770940423
0.027610000000000003;0.2523683114213644
0.027665000000000002;0.26356976211662947
0.02772;0.27470962156474166
0.027775;0.2857688711277352
0.02783;0.2967298777279213
0.027885;0.30757703727697094
0.02794;0.318298964926011
0.027995000000000003;0.3288996554253668
0.028050000000000002;0.33955382878054835
0.028105;0.34902106714223446
0.02816;0.35925729394028866
0.028215;0.36911297317791664
0.02827;0.3787263187057836
0.028325;0.38810452092133846
0.028380000000000002;0.39724280498293674
0.028435000000000002;0.4061341538857305
0.02849;0.4147712620360307
0.028545;0.4231470902423704
0.0286;0.4312550481684957
0.028655;0.4390890513420856
0.02871;0.4466435285905547
0.028765000000000002;0.453913407473047
0.028820000000000002;0.46089408908140667
0.028875;0.46758141740551085
0.02893;0.47397164585177226
0.028985;0.4800614023087302
0.02904;0.4858476535645705
0.029095;0.4913276695743982
0.029150000000000002;0.4964989879022205
0.029205000000000002;0.5013593785631641
0.02926;0.5059068094273101
0.029315;0.5101394123063574
0.02937;0.5140554498152412
0.029425;0.517653283081231
0.029480000000000003;0.5209313403569044
0.029535000000000002;0.523888359752247
0.02959;0.5265223977749997
0.029645;0.5288320191206699
0.0297;0.5308156578791711
0.029755;0.5324716540746333
0.02981;0.5337982493556371
0.029865000000000003;0.5347935699958962
0.029920000000000002;0.5354556150428336
0.029975;0.5357822588201493
0.03003;0.5357712909024881
0.030085;0.5354205702801046
0.03014;0.5347286146211899
0.030195;0.5336975221305978
0.030250000000000003;0.5323598585071246
0.030305000000000002;0.5361654570715346
0.03036;0.5285267540933233
0.030415;0.5259735242463063
0.03047;0.5231252623397473
0.030525;0.5199132286897438
0.03058;0.5163255087138209
0.030635000000000003;0.5123547563477358
0.030690000000000002;0.5079941783424728
0.030745;0.5032368239804014
0.0308;0.4980753951095128
0.030855;0.49250217848406563
0.03091;0.48650901597328616
0.030965;0.48008729007706663
0.031020000000000002;0.47322791803900505
0.031075000000000002;0.4659213528327597
0.03113;0.45815759123934063
0.031185;0.4499261902436539
0.03124;0.44121629372127297
0.031295;0.4320166721187238
0.03135;0.42231577867580744
0.031405;0.41210182679196256
0.03146;0.40136289450290935
0.031515;0.39008706385151465
0.03157;0.3782626054262742
0.031625;0.3658782218869644
0.03168;0.3529233695905894
0.031735;0.3393886858840505
0.03179;0.3252665642559657
0.031845;0.310551947423643
0.0319;0.2952434675449931
0.031955000000000004;0.27934520311262423
0.032010000000000004;0.2628696981325138
0.032065;0.24584404159392412
0.03212;0.2283249556417927
0.032175;0.2104473190918894
0.03223;0.19264272047794218
0.032285;0.17732897496706634
0.03234;0.22529892397818105
0.032395;0.18008564764608723
0.03245;0.12263120338723822
0.032505;0.09889262747836272
0.03256;0.0786825412876834
0.032615;0.060122535377488545
0.032670000000000005;0.043210017985023316
0.032725000000000004;0.028405549768382013
0.032780000000000004;0.016443311363780213
0.032835;0.00834296313484386
0.03289;0.005623741902642957
0.032945;0.010842576547392924
0.033;0.031784307856044226
0.033055;0.14672681794744846
0.03311;0.3163625658258688
0.033165;0.12032980308711189
0.03322;0.15750462201752619
0.033275;0.22043827402062266
0.03333;0.29882091001961403
0.033385;0.38896445729913254
0.033440000000000004;0.4869259410734832
0.033495000000000004;0.5878086774168388
0.03355;0.6861001006268369
0.033605;0.7763793655637468
0.03366;0.8540771800555932
0.033715;0.9160336980415409
0.03377;0.9607123804244626
0.033825;0.9880748479676186
0.03388;0.9992311032178156
0.033935;0.9960116203569881
0.03399;0.9805764944178882
0.034045;0.9551212001870412
0.0341;0.9216904152176492
0.034155;0.8820833605596164
0.034210000000000004;0.8378243334010796
0.034265000000000004;0.790173388102384
0.03432;0.7401579440140358
0.034375;0.6886124812511955
0.03443;0.6362186912455732
0.034485;0.5835420835549406
0.03454;0.5310633208885196
0.034595;0.4792038351078032
0.03465;0.4283459166591814
0.034705;0.3788477316622717
0.03476;0.3310537827920919
0.034815;0.285301304175617
0.03487;0.24192303329634893
0.034925000000000005;0.20124677102236346
0.034980000000000004;0.1635921415998369
0.035035000000000004;0.12926500173916772
0.03509;0.09855001594982118
0.035145;0.07170200063355314
0.0352;0.04893672326712667
0.035255;0.03042190360338099
0.03531;0.016269180221317056
0.035365;0.006527761714131892
0.03542;0.0011803696522353318
0.035475;0.0001419037699073114
0.03553;0.003261033961481042
0.035585;0.010324673776006092
0.03564;0.021065046739477
0.035695000000000005;0.03516885028176805
0.035750000000000004;0.05228787657691813
0.035805000000000003;0.07205037928720519
0.03586;0.09407248211164379
0.035915;0.11796900025410417
0.03597;0.14336317275415525
0.036025;0.16989496235697196
0.03608;0.19722775305362608
0.036135;0.22505345569808516
0.03619;0.25309623205957504
0.036245;0.2811153297880263
0.0363;0.30890809036184735
0.036355;0.33631574634488065
0.03641;0.36323988259272055
0.036465000000000004;0.38969939218117106
0.036520000000000004;0.4160796277379492
0.036575;0.44480925506663593
0.03663;0.5137131469857508
0.036685;0.6033379288118216
0.03674;0.518430463515531
0.036795;0.531086300625261
0.03685;0.5483650950073609
0.036905;0.5659168141085109
0.03696;0.5829478182098137
0.037015;0.5992382699409277
0.03707;0.6147214073883698
0.037125;0.6293847156159775
0.037180000000000005;0.6432387847924592
0.037235000000000004;0.6563052880856461
0.037290000000000004;0.6686115617080681
0.037345;0.6801878388813085
0.0374;0.6910656917098328
0.037455;0.7012770847492417
0.03751;0.7108537686563409
0.037565;0.719826878776886
0.03762;0.7282266657919629
0.037675;0.7360823160966524
0.03773;0.7434218356225313
0.037785;0.7502719797868088
0.03784;0.7566582175861071
0.037895;0.7626047212120524
0.037950000000000005;0.7681343747951824
0.038005000000000004;0.7732687974328352
0.038060000000000004;0.7780283767753269
0.038115;0.7824323102798001
0.03817;0.7864986518789234
0.038225;0.7902443623087682
0.03828;0.7936853617344476
0.038335;0.7968365836276363
0.03839;0.799712029107035
0.038445;0.8023248211633291
0.0385;0.8046872583665591
0.038555;0.8068108678048439
0.03861;0.808706457134086
0.038665;0.8103841657413425
0.038720000000000004;0.8118535151390934
0.038775000000000004;0.8131234588277816
0.03883;0.814202431992401
0.038885;0.8150984015485628
0.03894;0.8158189172327488
0.038995;0.8163711646596284
0.03905;0.8167620215633463
0.039105;0.8169981188316786
0.03916;0.817085908470692
0.039215;0.8170317413626169
0.03927;0.8168419586861584
0.039325;0.8165230022815823
0.03938;0.8160815512513869
0.039435000000000005;0.815524694974669
0.039490000000000004;0.8148601569173848
0.039545000000000004;0.8140965898223451
0.0396;0.8132439721408219
0.039655;0.8123141496565326
0.03971;0.8113215879780545
0.039765;0.8102844355731621
0.03982;0.8092260506205652
0.039875;0.8081772255646893
0.03993;0.7993294712112459
0.039985;0.7995226039898868
0.04004;0.79959467754537
0.040095;0.7999373982267891
0.04015;0.8007578607278097
0.040205000000000005;0.8023386322195069
0.040260000000000004;0.805118097849761
0.040315000000000004;0.8098178698786299
0.04037;0.8176888414605039
0.040425;0.8310258482395418
0.04048;0.8543235447037695
0.040535;0.897056864468605
0.04059;0.980617040588462
0.040645;1.1529233684144842
0.0407;1.4724663592085507
0.040755;1.8074341222412935
0.04081;1.4862334417585439
0.040865;1.154860314739474
0.04092;0.943475617855947
0.040975000000000004;0.757768301685317
0.041030000000000004;0.21966907803680924
0.041085;1.0850989459338816
0.04114;0.97055285793366
0.041195;0.9139138113920261
0.04125;0.8808501217110113
0.041305;0.8585786166412612
0.04136;0.8422143509781972
0.041415;0.8294696301976351
0.04147;0.8191194140623927
0.041525;0.8104468304868298
0.04158;0.8030069022587877
0.041635;0.7965133790547521
0.041690000000000005;0.7907799663814802
0.041745000000000004;0.7856883374824808
0.041800000000000004;0.7811707698787277
0.041855;0.7772018616444482
0.04191;0.7737970886039338
0.041965;0.7710181304340957
0.04202;0.7689871026453452
0.042075;0.7679153081450144
0.04213;0.7681591958959518
0.042185;0.770332761718355
0.04224;0.7755487105132575
0.042295;0.7859862530162808
0.04235;0.8064018138446177
0.042405;0.8488402811081908
0.042460000000000005;0.9504726127279899
0.042515000000000004;1.246038787036204
0.042570000000000004;1.6977309086463337
0.042625;1.1132952684725932
0.04268;0.8396933576547151
0.042735;0.7629525456604084
0.04279;0.7379100013681518
0.042845;0.7321095400965523
0.0429;0.7370334841893172
0.042955;0.7518044087265818
0.04301;0.7795692401531837
0.043065;0.8284128309069025
0.04312;0.9128877348564199
0.043175;0.9974736817015756
0.043230000000000005;0.3543938140888352
0.043285000000000004;0.01879215229604906
0.043340000000000004;0.15445516940508125
0.043395;0.24063043194754347
0.04345;0.2878373305497215
0.043505;0.3141715617016444
0.04356;0.3285821498291765
0.043615;0.33559141794364955
0.04367;0.3376653361360306
0.043725;0.336246851738052
0.04378;0.3322319719034895
0.043835;0.3262056517384994
0.04389;0.3185667819068701
0.043945000000000005;0.3095984114436374
0.044000000000000004;0.2995092714121103
0.044055000000000004;0.28845946849681087
0.04411;0.2765770542082396
0.044165;0.26396913110113085
0.04422;0.25072957709516613
0.044275;0.2369446113394137
0.04433;0.22269694039396126
0.044385;0.2080689390341054
0.04444;0.19314514676840674
0.044495;0.17801425174144195
0.04455;0.16277066197456078
0.044605;0.14751571523078477
0.04466;0.1323585448717634
0.044715000000000005;0.11741659527521406
0.044770000000000004;0.10281576425581121
0.044825000000000004;0.08869014039521361
0.04488;0.0751812999547238
0.044935;0.062437131293138284
0.04499;0.050610164748584645
0.045045;0.03985540293655966
0.0451;0.030327670129542912
0.045155;0.022178528938556177
0.04521;0.015552846207194486
0.045265;0.010585125259517322
0.04532;0.007395754997135127
0.045375;0.006087353846934854
0.04543;0.006741404139557041
0.045485000000000005;0.009415376552462445
0.045540000000000004;0.014140532319346436
0.045595000000000004;0.020920562242642705
0.04565;0.029731177490850053
0.045705;0.04052071120051211
0.04576;0.05321172732375837
0.045815;0.06770357038688743
0.04587;0.08387573347935057
0.045925;0.10159187773808007
0.04598;0.12070430909673614
0.046035;0.14105870928201159
0.04609;0.1624989278582247
0.046145;0.1848716684852752
0.046200000000000005;0.20803094199122346
0.046255000000000004;0.23184220726208457
0.046310000000000004;0.25618617431436685
0.046365;0.2809622990168357
0.04642;0.30609205378837584
0.046475;0.3315221127671798
0.04653;0.35722764458830797
0.046585;0.383215963797721
0.04664;0.4095308572920829
0.046695;0.4362579805047281
0.04675;0.4635318156739292
0.046805;0.4915448078230503
0.04686;0.5205594480500263
0.046915;0.5509242601961072
0.046970000000000005;0.5830948664520055
0.047025000000000004;0.6176615886225726
0.047080000000000004;0.6553856281201922
0.047135;0.6972483346514338
0.04719;0.7445332308378222
0.047245;0.7990937195644168
0.0473;0.8675433218650971
0.047355;0.9256034274786925
0.04741;1.0127898323981246
0.047465;1.1104406602706818
0.04752;1.2196153814615536
0.047575;1.3362709535238446
0.04763;1.451383395020954
0.047685000000000005;1.5513082903607458
0.047740000000000005;1.6212025041636566
0.047795000000000004;1.6510196998387825
0.047850000000000004;1.6401772259811989
0.047905;1.5970776626754266
0.04796;1.534292300437464
0.048015;1.4635273839228748
0.04807;1.393087793219537
0.048125;1.3277049855558618
0.04818;1.2694490584387992
0.048235;1.21876243646932
0.04829;1.1752374449010312
0.048345;1.1381006050492317
0.0484;1.1064791919199084
0.048455000000000005;1.0795323435645483
0.048510000000000005;1.0565061925900798
0.048565000000000004;1.03674963602373
0.048620000000000003;1.0197113834060176
0.048675;1.0049292224461452
0.04873;0.9920169782357114
0.048785;0.9806517120803191
0.04884;0.9705621965897129
0.048895;0.9615189591825427
0.04895;0.9533258407659875
0.049005;0.945812872362699
0.04906;0.9388302253567856
0.049115;0.9322429864405927
0.04917;0.92592651822521
0.049225000000000005;0.9197621762246161
0.049280000000000004;0.9136331543157512
0.049335000000000004;0.907420218044316
0.04939;0.9009970524987799
0.049445;0.8942248911890086
0.0495;0.8869459927538181
0.049555;0.8789753750113004
0.04961;0.8700899717341266
0.049665;0.8600140004728362
0.04972;0.8483987475314728
0.049775;0.8347940788253772
0.04983;0.8186076170224466
0.049885;0.799045508136651
0.049940000000000005;0.7750259967515449
0.049995000000000005;0.7450544276723801
0.050050000000000004;0.7070500007376088
0.050105000000000004;0.6581376816862264
0.05016;0.5945267976934485
0.050215;0.5120172373138226
0.05027;0.40912566991141114
0.050325;0.29876816087702224
0.05038;0.2368163747117177
0.050435;0.3320326335186646
0.05049;0.6087653005294305
0.050545;0.9043921057210076
0.0506;1.1001459652519494
0.050655;1.2046102004673387
0.050710000000000005;1.2562112989142735
0.050765000000000005;1.2810523523462656
0.050820000000000004;1.2927754703269387
0.050875000000000004;1.2980341630601517
0.05093;1.2999804486426507
0.050985;1.3000089755872535
0.05104;1.2985785402119039
0.051095;1.29558537238837
0.05115;1.2905133393877986
0.051205;1.282461094050113
0.05126;1.2700876614406928
0.051315;1.2514943197793051
0.05137;1.2240697394614397
0.051425;1.1844109008095522
0.051480000000000005;1.1287574372190918
0.051535000000000004;1.0553975186210371
0.051590000000000004;0.9728107199002316
0.051645;0.9171363094092945
0.0517;0.956403646976256
0.051755;1.1178929417997583
0.05181;1.2869224266728125
0.051865;1.4558044891374955
0.05192;1.5728059879310905
0.051975;1.6451303521139848
0.05203;1.6869147053633802
0.052085;1.709076435340315
0.05214;1.7185150630282728
0.052195000000000005;1.719354178796163
0.052250000000000005;1.7140644515489944
0.052305000000000004;1.7041893654192892
0.052360000000000004;1.690788054745329
0.052415;1.6747461761204687
0.05247;1.6571636587560667
0.052525;1.640605518033606
0.05258;1.6399048870221498
0.052635;1.439728835589866
0.05269;1.5076483112094403
0.052745;1.4817713224774645
0.0528;1.438929352679588
0.052855;1.3689976437318674
0.05291;1.1900509378436936
0.052965000000000005;0.965663783747446
0.053020000000000005;1.5595072355927684
0.053075000000000004;1.487301147469996
0.053130000000000004;1.4382680097192715
0.053185;1.4002238187431542
0.05324;1.3677396320004962
0.053295;1.338565237971571
0.05335;1.3116299859080913
0.053405;1.2863608456525761
0.05346;1.2624192395641294
0.053515;1.239586758853442
0.05357;1.2177107185405065
0.053625;1.1966763000635534
0.05368;1.176391486000733
0.053735000000000005;1.1567785496912115
0.053790000000000004;1.1377690754275898
0.053845000000000004;1.1193009565396859
0.0539;1.101316536151703
0.053955;1.083761423975042
0.05401;1.066583720381617
0.054065;1.0497334892637797
0.05412;1.0331623845648508
0.054175;1.0168233727572815
0.05423;1.0006705160814928
0.054285;0.9846587951564071
0.05434;0.9687439580784387
0.054395;0.9528823882638373
0.054450000000000005;0.9370309860366753
0.054505000000000005;0.9211470595526461
0.054560000000000004;0.9051882183761139
0.054615000000000004;0.8891122554947587
0.05467;0.872876984233666
0.054725;0.856439947494529
0.05478;0.8397577843180694
0.054835;0.8227846404003036
0.05489;0.8054676042905919
0.054945;0.7877308699229495
0.055;0.7693987732365432
0.055055;0.7493479291765955
0.05511;0.7375499103090176
0.055165;0.7153310770717307
0.055220000000000005;0.6951870705998661
0.055275000000000005;0.6748992740898342
0.055330000000000004;0.6542930486728223
0.055385000000000004;0.6333656778818547
0.05544;0.6121777836528155
0.055495;0.5908410660743396
0.05555;0.5695243136743863
0.055605;0.5484664891994339
0.05566;0.5279945471399037
0.055715;0.5085451790968727
0.05577;0.4906894596121127
0.055825;0.47515815395216776
0.05588;0.46286318486508826
0.055935;0.4549072375649182
0.055990000000000005;0.4525687721367835
0.056045000000000005;0.45724470941176093
0.056100000000000004;0.47033032874455655
0.056155000000000004;0.49302039126327724
0.05621;0.526033760942884
0.056265;0.5692999447155942
0.05632;0.6216933077884308
0.056375;0.6809342167886989
0.05643;0.7437589717924408
0.056485;0.8063724626895373
0.05654;0.8650711123745116
0.056595;0.9168370146897028
0.05665;0.9597199750676059
0.056705000000000005;0.9929301492783807
0.056760000000000005;1.0166852540140527
0.056815000000000004;1.0319243290390037
0.056870000000000004;1.0399998817913096
0.056925;1.0424202257332154
0.05698;1.0406689212469413
0.057035;1.0360976295110895
0.05709;1.0298750519821365
0.057145;1.0229726472886391
0.0572;1.0161713325827897
0.057255;1.0100782512362207
0.05731;1.0051469483731974
0.057365;1.0016973547604522
0.05742;0.9999339099957228
0.057475000000000005;0.9999612412893947
0.057530000000000005;1.0017973430308875
0.057585000000000004;1.0053843995135234
0.057640000000000004;1.0105974125440471
0.057695;1.0172507343010577
0.05775;1.0251025214501388
0.057805;1.0338570523497055
0.05786;1.043164805331988
0.057915;1.052620198749214
0.05797;1.061756962828396
0.058025;1.0700412807567132
0.05808;1.0768631516155214
0.058135;1.0815269648070187
0.05819;1.0832431332679975
0.058245000000000005;1.0811239209685106
0.058300000000000005;1.074188394748918
0.058355000000000004;1.0613836684634617
0.058410000000000004;1.0416318906869995
0.058465;1.0139137287295577
0.05852;0.9773974684810205
0.058575;0.9316154307091423
0.05863;0.8766734464838776
0.058685;0.8134546396451019
0.05874;0.743752479965592
0.058795;0.670255762398246
0.05885;0.5963294187592613
0.058905;0.5255976648729619
0.058960000000000005;0.46141919852243685
0.059015000000000005;0.40640164796226363
0.059070000000000004;0.362093958999174
0.059125000000000004;0.3289224094188358
0.05918;0.3063429841536627
0.059235;0.29312079689712317
0.05929;0.2876369147142737
0.059345;0.28815087393979527
0.0594;0.292986629410109
0.059455;0.3006409563487072
0.05951;0.3098299402291449
0.059565;0.3194936412397181
0.05962;0.32877660248641144
0.059675;0.33699699031092983
0.059730000000000005;0.3436123158250176
0.059785000000000005;0.34818584496982136
0.059840000000000004;0.3503550114918553
0.059895000000000004;0.3498010130510232
0.05995;0.3462166313512274
0.060005;0.33926606098352263
0.06006;0.3285238360449131
0.060115;0.3133639970447475
0.06017;0.292729642288699
0.060225;0.26460927027392506
0.06028;0.22497565921101134
0.060335;0.17360538473606968
0.06039;0.8171894200002207
0.060445;0.5991782448402843
0.060500000000000005;0.3815136118500046
0.060555000000000005;0.29853957424083
0.060610000000000004;0.2461647165194745
0.060665000000000004;0.20588263171130625
0.06072;0.17281864199909133
0.060775;0.14584726315329122
0.06083;0.12524920381707838
0.060885;0.11190387016861675
0.06094;0.10688532799882634
0.060995;0.11117656119960921
0.06105;0.12543068258828868
0.061105;0.14978121160828115
0.06116;0.18373055357674623
0.061215000000000006;0.22614525219818893
0.061270000000000005;0.2753652865249792
0.061325000000000005;0.32940369133672126
0.061380000000000004;0.3861875307079442
0.061435000000000003;0.44378393240793174
0.06149;0.5005674071623596
0.061545;0.5553087634007112
0.0616;0.6071897438168783
0.061655;0.6557627668341496
0.06171;0.7008799074854102
0.061765;0.7426122420390334
0.06182;0.7811741186114834
0.061875;0.8168601519596737
0.06193;0.8499975127467791
0.061985000000000005;0.8809128063101397
0.062040000000000005;0.909911212127596
0.062095000000000004;0.9372650554547138
0.062150000000000004;0.9632091222320313
0.062205;0.9879404588227656
0.06226;1.0116209070107895
0.062315;1.0343811012261659
0.06237;1.0563250530317543
0.062425;1.0775347573183351
0.06248;1.0980744826194837
0.06253500000000001;1.1179945683108257
0.06259;1.1373346591105562
0.062645;1.156126375704923
0.0627;1.1743954606147045
0.062755;1.1921634592986428
0.06281;1.2094490045141444
0.062865;1.2262687718966825
0.06292;1.2426381699434206
0.062975;1.2585718203966643
0.06303;1.274083876929792
0.063085;1.289188221978416
0.06314;1.3038985740845848
0.063195;1.3182285314980589
0.06325;1.3321915721131365
0.063305;1.3458010250974437
0.06336;1.3590700257246404
0.063415;1.372011461851817
0.06347;1.3846379180783792
0.063525;1.3969616217711944
0.06358;1.4089943937477418
0.063635;1.4207476053827381
0.06369;1.4322321431737501
0.063745;1.443458381309427
0.0638;1.4544361624832287
0.06385500000000001;1.4651747870576384
0.06391000000000001;1.4756830106934602
0.06396500000000001;1.4859690507167989
0.06402000000000001;1.4960406018307157
0.06407500000000001;1.5059048623505276
0.06413;1.5155685730697996
0.064185;1.5250380723729298
0.06424;1.5343193737080856
0.064295;1.5434182758004367
0.06435;1.552340523545928
0.064405;1.561092051493871
0.06446;1.5696793689062536
0.064515;1.5781102008881331
0.06457;1.5863946215949594
0.064625;1.594547203586521
0.06468;1.6025914612458956
0.064735;1.6105701058798387
0.06479;1.6185725218067404
0.064845;1.6268264376227999
0.0649;1.6361406351271084
0.064955;1.6530328849333378
0.06501;1.6242931552612487
0.065065;1.645135018824884
0.06512;1.6541260847946153
0.065175;1.6614551956010346
0.06523;1.6681185512515486
0.065285;1.6743757179506185
0.06534000000000001;1.6803202577023575
0.06539500000000001;1.685988782625074
0.06545000000000001;1.6913902879056752
0.06550500000000001;1.6965121559720717
0.06556000000000001;1.701311019960402
0.065615;1.7056727305041937
0.06567;1.7092433266239242
0.065725;1.7102325408672765
0.06578;1.5142304550853902
0.065835;1.73255485439258
0.06589;1.7332171892781412
0.065945;1.7358443011451394
0.066;1.7388321869372938
0.066055;1.74184564089622
0.06611;1.7447705408006478
0.066165;1.747556803800664
0.06622;1.7501784875127318
0.066275;1.7526203755974519
0.06633;1.7548725791240438
0.066385;1.7569280673802101
0.06644;1.7587814222856772
0.066495;1.760428157557428
0.06655;1.7618643193617942
0.066605;1.7630862358687358
0.06666;1.7640903491492888
0.066715;1.7648730939135748
0.06677;1.7654308030491253
0.066825;1.7657596279557466
0.06688000000000001;1.7658554659584074
0.06693500000000001;1.7657138893502016
0.06699000000000001;1.7653300717266867
0.06704500000000001;1.7646987076356349
0.0671;1.7638139213654642
0.067155;1.76266915996392
0.06721;1.7612570642138001
0.067265;1.7595693090199553
0.06732;1.7575964009062235
0.067375;1.75532741390781
0.06743;1.7527496336209873
0.067485;1.7498480571765023
0.06754;1.7466046521838932
0.067595;1.742997180795782
0.06765;1.738997171255327
0.067705;1.7345660674293337
0.06776;1.7296471266829583
0.067815;1.7241464538274447
0.06787;1.717883397869271
0.067925;1.7104440311697076
0.06798;1.700680603187371
0.068035;1.684642914304284
0.06809;1.6443898546209217
0.068145;1.4614553761895055
0.0682;0.6622292128706304
0.068255;0.971053439758021
0.06831;1.1944093227013028
0.06836500000000001;1.2105131806158467
0.06842000000000001;1.1286516030993128
0.06847500000000001;0.9780912873877036
0.06853000000000001;0.9381619522320557
0.06858500000000001;1.4080803864302567
0.06864;1.8364098320350641
0.068695;1.9602874636888228
0.06875;1.976884688487412
0.068805;1.9659505065310872
0.06886;1.946250742618174
0.068915;1.9192476204108793
0.06897;1.8803497022956577
0.069025;1.821911132906395
0.06908;1.7354161020592302
0.069135;1.615499418114688
0.06919;1.4655558249038516
0.069245;1.3005506145271641
0.0693;1.141908907320239
0.069355;1.007075669655433
0.06941;0.9030054259307011
0.069465;0.8274721974878636
0.06952;0.7739759586732299
0.069575;0.7356314736611376
0.06963;0.7068845368954527
0.069685;0.6838044827308448
0.06974;0.66380883139286
0.069795;0.6452813199013664
0.06985000000000001;0.6272494650759253
0.06990500000000001;0.6091524614697044
0.06996000000000001;0.5906855515878242
0.07001500000000001;0.5716991617601238
0.07007000000000001;0.5521345671462223
0.070125;0.5319831605557584
0.07018;0.5112608078157903
0.070235;0.48999187332488514
0.07029;0.46819953405898784
0.070345;0.4459002933618017
0.0704;0.4231014185239092
0.070455;0.3998005402888168
0.07051;0.37598698778855344
0.070565;0.3516446666201044
0.07062;0.32675647159636556
0.070675;0.301310393437797
0.07073;0.27530765460630935
0.070785;0.24877341136477193
0.07084;0.22177079877349307
0.070895;0.19441937549309024
0.07095;0.1669193307148307
0.071005;0.1395830938396791
0.07106;0.11287611255300335
0.071115;0.087468273493393
0.07117;0.0642962326646901
0.071225;0.044633938015949864
0.07128;0.030162547280125393
0.071335;0.023020147873938395
0.07139000000000001;0.025795118563625374
0.07144500000000001;0.04140656184576829
0.07150000000000001;0.07280046444077184
0.07155500000000001;0.12240321311460925
0.07161000000000001;0.19134709676574826
0.071665;0.2786329783076658
0.07172;0.3805742114171576
0.071775;0.4909255826251771
0.07183;0.6018833570766273
0.071885;0.7056875865211529
0.07194;0.7961862540598599
0.071995;0.8697562065721401
0.07205;0.9253819892405879
0.072105;0.9641337889823584
0.07216;0.9886791296186817
0.072215;1.0571780914002866
0.07227;1.0055032597107667
0.072325;1.0007074367554192
0.07238;0.9930698674100693
0.072435;0.9832901571077076
0.07249;0.9726970389240319
0.072545;0.9623880107861377
0.0726;0.9532038595902609
0.072655;0.9457587491794175
0.07271;0.9404730181524611
0.072765;0.9376016178010288
0.07282;0.9372581638787084
0.07287500000000001;0.9394359765507686
0.07293000000000001;0.9440274985235251
0.07298500000000001;0.9508430613333391
0.07304000000000001;0.9596294412067059
0.07309500000000001;0.9700881628947101
0.07315;0.9818931542709636
0.073205;0.9947071621329524
0.07326;1.0081963098065923
0.073315;1.022042280749299
0.07337;1.035951802879465
0.073425;1.0496633343115827
0.07348;1.062951066970494
0.073535;1.0756265378188437
0.07359;1.08753825156572
0.073645;1.0985697714757354
0.0737;1.1086367343999393
0.073755;1.1176832061876498
0.07381;1.125677729447796
0.073865;1.1326093409257207
0.07392;1.1384837611498122
0.073975;1.143319891540377
0.07403;1.1471466976750002
0.074085;1.1500005131631539
0.07414;1.1519227661572837
0.074195;1.152958108472797
0.07425;1.1531529137116203
0.074305;1.1525541037294258
0.07436000000000001;1.1512082604652905
0.07441500000000001;1.1491609810566672
0.07447000000000001;1.146456437095613
0.07452500000000001;1.143137102942559
0.07458000000000001;1.1392436225577267
0.074635;1.1348147889003624
0.07469;1.1298876143019678
0.074745;1.1244974741806413
0.0748;1.1186783099456272
0.074855;1.1124628799156622
0.07491;1.1058830495450005
0.074965;1.0989701142365433
0.07502;1.091755149550384
0.075075;1.0842693847145601
0.07513;1.0765445960359707
0.075185;1.0686135171088291
0.07524;1.0605102626342866
0.075295;1.0522707621995915
0.07535;1.0439331995143715
0.075405;1.0355384513588843
0.07546;1.0271305188626616
0.075515;1.0187569417026991
0.07557;1.010469183410099
0.075625;1.0023229732453542
0.07568;0.9943785871236813
0.075735;0.9867010469700869
0.07579;0.9793602148423991
0.07584500000000001;0.9724307554354712
0.07590000000000001;0.9659919385038768
0.07595500000000001;0.9601272517229976
0.07601000000000001;0.9549237950298303
0.07606500000000001;0.9504714300687125
0.07612000000000001;0.946861663536351
0.076175;0.9441862514385103
0.07623;0.9425355228492129
0.076285;0.941996436767536
0.07634;0.9426504038047172
0.076395;0.9445709249661304
0.07645;0.947821121471478
0.076505;0.9524512506395519
0.07656;0.9584963212087679
0.076615;0.9659739347352839
0.07667;0.9748824856963781
0.076725;0.9851998499343144
0.07678;0.9968826783829328
0.076835;1.0098663912870374
0.07689;1.0240659397798801
0.076945;1.0393773712031842
0.077;1.055680208826045
0.077055;1.072840645615049
0.07711;1.0907155702289175
0.077165;1.1091575153707287
0.07722;1.1280207874694055
0.077275;1.1471693905794818
0.07733;1.1664880929963977
0.07738500000000001;1.1858995782104234
0.07744000000000001;1.2053943268918728
0.07749500000000001;1.225089348739443
0.07755000000000001;1.2453591882060127
0.07760500000000001;1.2671745597819417
0.07766;1.2931652027586593
0.077715;1.3319983375812923
0.07777;1.4045506403919104
0.077825;1.015530994865118
0.07788;1.19606459030997
0.077935;1.2370599371205393
0.07799;1.2547735482401148
0.078045;1.2630691926857707
0.0781;1.2654839190129314
0.078155;1.2631672369242106
0.07821;1.2564571266174074
0.078265;1.2453379525734676
0.07832;1.229610343688217
0.078375;1.208971447533428
0.07843;1.1830688032274959
0.078485;1.151554880644413
0.07854;1.1141585454762095
0.078595;1.0707859068133014
0.07865;1.0216592893911802
0.078705;0.967494631390209
0.07876;0.9096997947589484
0.078815;0.8505464262799867
0.07887000000000001;0.7932311622489203
0.07892500000000001;0.7417186180238713
0.07898000000000001;0.700285101374186
0.07903500000000001;0.6727878847373318
0.07909000000000001;0.6618465701946527
0.07914500000000001;0.6682393750263719
0.0792;0.6907721806520305
0.079255;0.7266660436907558
0.07931;0.7722712088469907
0.079365;0.82381431040904
0.07942;0.8779542473521555
0.079475;0.9158736959800052
0.07953;0.9694633674560929
0.079585;1.0199146643235841
0.07964;1.0667473177643032
0.079695;1.1097722279147417
0.07975;1.1490646228378152
0.079805;1.184885472544346
0.07986;1.2176324950206059
0.079915;1.2478301345824754
0.07997;1.2761747712451277
0.080025;1.3036866705860222
0.08008;1.3321403820484972
0.080135;1.3654491235352453
0.08019;1.4156657480418309
0.080245;1.5498678819005096
0.0803;0.8664248502970637
0.08035500000000001;1.2173604876511206
0.08041000000000001;1.2837696865463728
0.08046500000000001;1.3141222825070586
0.08052000000000001;1.3327257641336545
0.08057500000000001;1.3457151444507833
0.08063000000000001;1.3553834577487223
0.080685;1.3628004325901832
0.08074;1.3685434496714264
0.080795;1.37295785720207
0.08085;1.3762658861377748
0.080905;1.3786175960325877
0.08096;1.3801162693487823
0.081015;1.3808303631218457
0.08107;1.3807946121731791
0.081125;1.379989568796538
0.08118;1.3782135272436127
0.081235;1.373222966081012
0.08129;1.3793659221981616
0.081345;1.3738557488148089
0.0814;1.3697078003633942
0.081455;1.3652286863165284
0.08151;1.3601841999858624
0.081565;1.354470442130991
0.08162;1.3480000280510747
0.081675;1.340674668548679
0.08173;1.3323714716681134
0.081785;1.3229302224266455
0.08184;1.3121370324635664
0.08189500000000001;1.2997004601554434
0.08195000000000001;1.2852144886259371
0.08200500000000001;1.268098639016018
0.08206000000000001;1.2474970838256243
0.08211500000000001;1.2221012239678817
0.08217;1.1898233001474297
0.082225;1.1471713134423762
0.08228;1.0880446482347814
0.082335;1.0018307283380647
0.08239;0.8763719658828915
0.082445;0.7869098216197344
0.0825;1.3090258294952788
0.082555;1.7632955363315876
0.08261;1.7198414627648437
0.082665;1.6299822880815251
0.08272;1.5459562983773585
0.082775;1.6334369798870778
0.08283;1.510345459406717
0.082885;1.4699587654249617
0.08294;1.4399838701610748
0.082995;1.4149458575602882
0.08305;1.392931706878146
0.083105;1.3729495219675396
0.08316;1.3543964013482375
0.083215;1.3368765064268135
0.08327;1.320119227231886
0.083325;1.3039362057482942
0.08338000000000001;1.2881965691214277
0.08343500000000001;1.2728117962530399
0.08349000000000001;1.2577261177911718
0.08354500000000001;1.2429102898421043
0.08360000000000001;1.228357523865181
0.08365500000000001;1.2140808544413373
0.08371;1.2001115118885377
0.083765;1.1864980430525824
0.08382;1.173306043985525
0.083875;1.160618462264689
0.08393;1.1485365136084027
0.083985;1.1371813528126522
0.08404;1.1266967596042985
0.084095;1.1172532685937833
0.08415;1.1090544251068017
0.084205;1.1023462467744505
0.08426;1.097431624432459
0.084315;1.0946925089943595
0.08437;1.0946246927378964
0.084425;1.0978935680222313
0.08448;1.1054259692274149
0.084535;1.1185661872592605
0.08459;1.1393495850236341
0.084645;1.1709946449611128
0.0847;1.218781121485933
0.084755;1.291388431660262
0.08481;1.4007547613318427
0.08486500000000001;1.5403186724605455
0.08492000000000001;1.5327943947128218
0.08497500000000001;1.0579864695694958
0.08503000000000001;0.7045927519036126
0.08508500000000001;0.6389285621116514
0.08514000000000001;0.6571733091496543
0.085195;0.6904205480284374
0.08525;0.7237220176820615
0.085305;0.7545712547226023
0.08536;0.78315949402029
0.085415;0.8101504279932668
0.08547;0.836172278771193
0.085525;0.8617233304243366
0.08558;0.8871768174064261
0.085635;0.912805472590003
0.08569;0.9388059357014249
0.085745;0.9653191359887245
0.0858;0.992446846385729
0.085855;1.0202654271971423
0.08591;1.0488377423538582
0.085965;1.0782240284441347
0.08602;1.108492312400345
0.086075;1.1397288435577977
0.08613;1.1720489150347382
0.086185;1.2056083526320924
0.08624;1.2406157527399004
0.086295;1.2773450510405
0.08635;1.3161467410067071
0.08640500000000001;1.3574529612857162
0.08646000000000001;1.4017641735569386
0.08651500000000001;1.4495870605798227
0.08657000000000001;1.5012495269361048
0.08662500000000001;1.5564135336352036
0.08668000000000001;1.6128634645933566
0.086735;1.6636623074768015
0.08679;1.6912866271812077
0.086845;1.6596995468051974
0.0869;1.5205492050459593
0.086955;1.2700603889596276
0.08701;1.0065846264859697
0.087065;0.8363616932936375
0.08712;0.7694996023767277
0.087175;0.7654554116536871
0.08723;0.7896722733180599
0.087285;0.8235846907279455
0.08734;0.8588433799458036
0.087395;0.8920919005445686
0.08745;0.9221910849638968
0.087505;0.9489362725915645
0.08756;0.9724909716826565
0.087615;0.9931418888034982
0.08767;1.0111956712702348
0.087725;1.0269379259535159
0.08778;1.0406194072290638
0.087835;1.0524537535215959
0.08789000000000001;1.062619795491634
0.08794500000000001;1.0712653405417647
0.08800000000000001;1.0785110977827965
0.08805500000000001;1.084454206074623
0.08811000000000001;1.0891711851511527
0.08816500000000001;1.0927202830951606
0.08822;1.0951432521803985
0.088275;1.0964666005850112
0.08833;1.0967023637366629
0.088385;1.0958484272736726
0.08844;1.093888418930395
0.088495;1.0907911714130354
0.08855;1.0865097437063773
0.088605;1.080979975218763
0.08866;1.0741185372048434
0.088715;1.0658204417526966
0.08877;1.0559559754267265
0.088825;1.0443670517800772
0.08888;1.0308630409649284
0.088935;1.0152162643497165
0.08899;0.9971575863242332
0.089045;0.9763729756410027
0.0891;0.9525026754584277
0.089155;0.9251459144030135
0.08921;0.8938761884225953
0.089265;0.8582753609942307
0.08932;0.8179993302064353
0.08937500000000001;0.7728932417713109
0.08943000000000001;0.7231776046164964
0.08948500000000001;0.6697211850366395
0.08954000000000001;0.6143881140984563
0.08959500000000001;0.5603759954512872
0.08965000000000001;0.512343732344253
0.08970500000000001;0.4760196769681212
0.08976;0.45704650153171306
0.089815;0.4592332810888206
0.08987;0.48300584423357695
0.089925;0.5250491925445268
0.08998;0.5794533294969659
0.090035;0.6396428112359002
0.09009;0.7000142822664543
0.090145;0.7567065990852209
0.0902;0.8075927973193354
0.090255;0.851874917570676
0.09031;0.8896062656334455
0.090365;0.9213020191558972
0.09042;0.9476760281395715
0.090475;0.9694848653081829
0.09053;0.987446235168397
0.090585;1.00220306534937
0.09064;1.014313178844557
0.090695;1.0242520013878704
0.09075;1.0324210684528536
0.090805;1.0391584341327071
0.09086;1.044749040779966
0.09091500000000001;1.0494341963110214
0.09097000000000001;1.0534198818569784
0.09102500000000001;1.0568838997812722
0.09108000000000001;1.0599820036502468
0.09113500000000001;1.0628532032690126
0.09119000000000001;1.0656244514882445
0.091245;1.0684149181149578
0.0913;1.0713400523560854
0.091355;1.0745156356304373
0.09141;1.0780620353458943
0.091465;1.0821088901024252
0.09152;1.0868004899248482
0.091575;1.0923021632403573
0.09163;1.0988080459638367
0.091685;1.1065506848693212
0.09174;1.115813008040976
0.091795;1.126943254888175
0.09185;1.140373440206313
0.091905;1.156641710016287
0.09196;1.1764182858937646
0.092015;1.2005331126051635
0.09207;1.2299999411866849
0.092125;1.266024884253009
0.09218;1.3099751801423476
0.092235;1.3632633769639675
0.09229;1.4270728397259302
0.092345;1.501820168501384
0.09240000000000001;1.586240862479116
0.09245500000000001;1.6759788110725464
0.09251000000000001;1.7607729486234747
0.09256500000000001;1.7949250739237752
0.09262000000000001;1.972915821461067
0.09267500000000001;1.9802987200949096
0.09273;1.976597272339751
0.092785;1.9494437575318364
0.09284;1.9042241889764937
0.092895;1.8487376107141507
0.09295;1.789721829136699
0.093005;1.7318311831552926
0.09306;1.677760714764708
0.093115;1.6287732295939699
0.09317;1.58523720512857
0.093225;1.5470419738999999
0.09328;1.5138908998262353
0.093335;1.4855347645589239
0.09339;1.4620803269871478
0.093445;1.4448095163603578
0.0935;1.4398144611847843
0.093555;1.485550303581353
0.09361;1.9460811089359122
0.093665;1.5263932914669507
0.09372;1.3974475830866704
0.093775;1.3620173764334358
0.09383;1.3432835557261475
0.09388500000000001;1.3301094297115106
0.09394000000000001;1.3195966386377649
0.09399500000000001;1.3106786493746043
0.09405000000000001;1.3028586450646527
0.09410500000000001;1.2958612393308722
0.09416000000000001;1.2895125276968524
0.09421500000000001;1.2836915745650657
0.09427;1.278308170349301
0.094325;1.2732915243383
0.09438;1.2685839879378895
0.094435;1.2641372935061164
0.09449;1.2599101448069647
0.094545;1.2558665804731195
0.0946;1.2519748040956067
0.094655;1.2482063090218625
0.09471;1.2445351958507505
0.094765;1.2409376184911791
0.09482;1.2373913157105128
0.094875;1.2338751967307762
0.09493;1.2303689552342596
0.094985;1.22685268770295
0.09504;1.22330648951855
0.095095;1.219709993752766
0.09515;1.2160417762396614
0.095205;1.2134644675934863
0.09526;1.209678809463578
0.095315;1.2057275250195676
0.09537000000000001;1.2015879684984456
0.09542500000000001;1.1972203800711207
0.09548000000000001;1.1925673797562786
0.09553500000000001;1.1875440320699717
0.09559000000000001;1.1820157034270298
0.09564500000000001;1.175748047846077
0.09570000000000001;1.1682800321011741
0.095755;1.1585382630809924
0.09581;1.1432919291549237
0.095865;1.1071174611297945
0.09592;0.9615267198203895
0.095975;1.1851736875928724
0.09603;1.17203152317355
0.096085;1.1599491771296355
0.09614;1.1498610433961354
0.096195;1.1406212418874997
0.09625;1.1316673572919085
0.096305;1.122706821362416
0.09636;1.113568824874034
0.096415;1.1041426338837046
0.09647;1.0943501838268697
0.096525;1.0841332440448996
0.09658;1.073447466146477
0.096635;1.0622601355634043
0.09669;1.0505502875138004
0.096745;1.0383106904894612
0.0968;1.0255516482881262
0.096855;1.0123068653324494
0.09691000000000001;0.9986418629490612
0.09696500000000001;0.9846656729284902
0.09702000000000001;0.9705467843427168
0.09707500000000001;0.9565345655101586
0.09713000000000001;0.9429875634501572
0.09718500000000001;0.9304100509357204
0.09724000000000001;0.9194976452533058
0.097295;0.9111912038051536
0.09735;0.9067345690212519
0.097405;0.907724715765829
0.09746;0.9161309422758822
0.097515;0.9342425611591504
0.09757;0.9644859834380051
0.097625;1.009045649347877
0.09768;1.0692561633165651
0.097735;1.144837209156611
0.09779;1.2332162312784423
0.097845;1.3293314168456922
0.0979;1.4262460217451536
0.097955;1.5165332672222331
0.09801;1.5939117501586246
0.098065;1.654445707314476
0.09812;1.6969869565957267
0.098175;1.723374512627205
0.09823;1.7420529153668218
0.098285;1.8302697736512117
0.09834;2.419812356047706
0.09839500000000001;1.8292444344462635
0.09845000000000001;1.7365484445440582
0.09850500000000001;1.6873145783446577
0.09856000000000001;1.6463754848605419
0.09861500000000001;1.6075021458789154
0.09867000000000001;1.5690536982966758
0.09872500000000001;1.530480295675697
0.09878;1.4915146017023686
0.098835;1.4519270285272639
0.09889;1.4114328681780328
0.098945;1.3696437078342378
0.099;1.3260282125602245
0.099055;1.2798683710994687
0.09911;1.2302046700692812
0.099165;1.1757686076944351
0.09922;1.114910567553354
0.099275;1.0455573222716452
0.09933;0.9653044660152859
0.099385;0.8719291367698218
0.09944;0.7650118746938877
0.099495;0.6500056281582971
0.09955;0.5459545776782069
0.099605;0.49250513762087655
0.09966;0.5367243842346036
0.099715;0.6867445881113865
0.09977;0.8887340805986947
0.099825;1.076936123060525
0.09988000000000001;1.2209589796226479
0.09993500000000001;1.3211257551261237
0.09999000000000001;1.3884335265316252
0.10004500000000001;1.4338198734042094
0.10010000000000001;1.4654295666926045
0.10015500000000001;1.4888396763240834
0.10021000000000001;1.5078656698036326
0.100265;1.5252686800678779
0.10032;1.5432678864028202
0.100375;1.5638961372148839
0.10043;1.5892351261067397
0.100485;1.6215247166855373
0.10054;1.6630811332972009
0.100595;1.7158978461156196
0.10065;1.7808046840190885
0.100705;1.8562652107747393
0.10076;1.9374022723053157
0.100815;2.0163321932411273
0.10087;2.084442772194351
0.100925;2.135574326211384
0.10098;2.1679136805404116
0.101035;2.183529763773587
0.10109;2.1864934941771526
0.101145;2.181094570740319
0.1012;2.17086768921597
0.101255;2.1583364203843933
0.10131;2.1451316121849917
0.101365;2.13222220485549
0.10142000000000001;2.1201321766200505
0.10147500000000001;2.109105084902452
0.10153000000000001;2.0992165240830705
0.10158500000000001;2.0904464721128915
0.10164000000000001;2.0827239795514108
0.10169500000000001;2.0759538765312127
0.10175000000000001;2.070032185258904
0.101805;2.064854591713613
0.10186;2.0603207131386743
0.101915;2.056335840037265
0.10197;2.0528111582470108
0.102025;2.0496630315504594
0.10208;2.0468116525609825
0.102135;2.044179184707325
0.10219;2.041687376009361
0.102245;2.03925449053492
0.1023;2.036791240753371
0.102355;2.0341951679307524
0.10241;2.031342537704061
0.102465;2.028076177892141
0.10252;2.0241866087472284
0.102575;2.0193821539817867
0.10263;2.0132421647135708
0.102685;2.005152996978785
0.10274;1.994289932746522
0.102795;1.9802387107385881
0.10285;1.9702083501656773
0.10290500000000001;2.0818912199182233
0.10296000000000001;2.820960175309107
0.10301500000000001;2.4407246944503873
0.10307000000000001;2.27192590746095
0.10312500000000001;2.205388930958442
0.10318000000000001;2.1716150451199763
0.10323500000000001;2.1515422748245183
0.10329;2.1383055424753543
0.103345;2.12888635618749
0.1034;2.1217566672905512
0.103455;2.116056677332013
0.10351;2.1112597866485157
0.103565;2.107019213800272
0.10362;2.1030911411636253
0.103675;2.0992933142984853
0.10373;2.0954813722122982
0.103785;2.0915346223839615
0.10384;2.0873471218102218
0.103895;2.082821877648677
0.10395;2.0778669519221435
0.104005;2.0723927556482917
0.10406;2.0663100753405828
0.104115;2.059528489592194
0.10417;2.0519548410330306
0.104225;2.04349131797531
0.10428;2.0340323993930487
0.104335;2.023459235849078
0.10439000000000001;2.011628490176549
0.10444500000000001;1.9983489247360942
0.10450000000000001;1.983329163713407
0.10455500000000001;1.9660508205754637
0.10461000000000001;1.9454201060834675
0.10466500000000001;1.9186205387789244
0.10472000000000001;1.8761008095644889
0.10477500000000001;1.7659290199330888
0.10483;1.0416482137249843
0.104885;1.700013022221713
0.10494;1.8298109791061221
0.104995;1.8326741311399222
0.10505;1.8189842562192937
0.105105;1.8015110919414152
0.10516;1.78325729445606
0.105215;1.7653478529306428
0.10527;1.748394658637633
0.105325;1.7328290175815788
0.10538;1.718998626342103
0.105435;1.7071969310762134
0.10549;1.6976699837308615
0.105545;1.690615162529741
0.1056;1.6861768807576585
0.105655;1.6844411887795763
0.10571;1.6854299211135826
0.105765;1.6890945445481447
0.10582;1.69530973194535
0.105875;1.703866783925807
0.10593000000000001;1.7144672939605026
0.10598500000000001;1.726717866138428
0.10604000000000001;1.7401271992702907
0.10609500000000001;1.754107359659202
0.10615000000000001;1.7679814398687268
0.10620500000000001;1.7809998525340216
0.10626000000000001;1.7923670237550713
0.106315;1.8012790619362122
0.10637;1.8069710671775026
0.106425;1.8087703541424862
0.10648;1.8061495332330255
0.106535;1.798771891020734
0.10659;1.7865215524069629
0.106645;1.769512834518067
0.1067;1.7480767213593211
0.106755;1.7227265822686861
0.10681;1.6941089168408332
0.106865;1.6629470252774063
0.10692;1.62998565887046
0.106975;1.5959431645561923
0.10703;1.5614751276529213
0.107085;1.5271508689986453
0.10714;1.4934419989197878
0.107195;1.46072087146817
0.10725;1.4292662176593731
0.107305;1.39927328175684
0.10736;1.3708661964860775
0.10741500000000001;1.3441108948569485
0.10747000000000001;1.3190274166010387
0.10752500000000001;1.2956009426865163
0.10758000000000001;1.2737912512582785
0.10763500000000001;1.25354053500945
0.10769000000000001;1.2347796720888042
0.10774500000000001;1.2174331237865146
0.1078;1.2014226646078054
0.107855;1.186670151961381
0.10791;1.1730995268228115
0.107965;1.1606382123849932
0.10802;1.1492180505027723
0.108075;1.138775888758424
0.10813;1.1292539054619601
0.108185;1.1205997355414485
0.10824;1.1127664350668842
0.108295;1.105712291144223
0.10835;1.0994004354980977
0.108405;1.0937981247116129
0.10846;1.088875324124668
0.108515;1.08460160547721
0.10857;1.0809383096395984
0.108625;1.0778145006253133
0.10868;1.075027002193464
0.108735;1.0714764303134887
0.10879;1.1111502204586177
0.108845;1.0778968563663895
0.10890000000000001;1.0770043049531726
0.10895500000000001;1.077886752110077
0.10901000000000001;1.0798437644184136
0.10906500000000001;1.0827613083911063
0.10912000000000001;1.0866359831607513
0.10917500000000001;1.0915010984346905
0.10923000000000001;1.097406972175501
0.10928500000000001;1.104413456968958
0.10934;1.11258591533877
0.109395;1.1219921434168154
0.10945;1.1326993600370017
0.109505;1.144770903117302
0.10956;1.1582624933184593
0.109615;1.1732180509370396
0.10967;1.189665153129855
0.109725;1.2076103158055966
0.10978;1.227034380007483
0.109835;1.247888368352951
0.10989;1.2700902386549184
0.109945;1.2935229816440394
0.11;1.318034471269784
0.110055;1.3434393692633377
0.11011;1.369523211939983
0.110165;1.3960485829916673
0.11022;1.4227630323685627
0.110275;1.4494081791826743
0.11033;1.4757292776250925
0.110385;1.5014844611188376
0.11044000000000001;1.526452924624612
0.11049500000000001;1.5504414490172733
0.11055000000000001;1.573288885743106
0.11060500000000001;1.5948684637942392
0.11066000000000001;1.6150880124773186
0.11071500000000001;1.6338883789982652
0.11077000000000001;1.6512404402337382
0.110825;1.6671411592545184
0.11088;1.6816091277847622
0.110935;1.6946799820131375
0.11099;1.7064019996187567
0.111045;1.7168320974970328
0.1111;1.7260323654009782
0.111155;1.7340671987053813
0.11121;1.7410010375483216
0.111265;1.7468966801610475
0.11132;1.7518141135893346
0.111375;1.7558097924920932
0.11143;1.758936293255547
0.111485;1.761242273510209
0.11154;1.762772674019286
0.111595;1.7635691091752834
0.11165;1.763670402986178
0.111705;1.7631132390474775
0.11176;1.7619329058274331
0.111815;1.7601641337840346
0.11187;1.757842041897452
0.11192500000000001;1.7550032588425957
0.11198000000000001;1.7524478703824027
0.11203500000000001;1.7479353430791162
0.11209000000000001;1.7432302990513706
0.11214500000000001;1.738269459721214
0.11220000000000001;1.7330990108377062
0.11225500000000001;1.7278042699938043
0.11231000000000001;1.7225112291605549
0.112365;1.717406120677464
0.11242;1.7127776974489117
0.112475;1.709106600775259
0.11253;1.7072710481094537
0.112585;1.7090895939282966
0.11264;1.7190778531316468
0.112695;1.7523883588741898
0.11275;1.9048958816376318
0.112805;1.2219742844801893
0.11286;1.466331676405253
0.112915;1.5115463766080122
0.11297;1.5232619541920605
0.113025;1.523836455510518
0.11308;1.5191925918405818
0.113135;1.5115395413883244
0.11319;1.5018679373892734
0.113245;1.4906698834328385
0.1133;1.478200457894794
0.113355;1.4645887446852186
0.11341000000000001;1.4498908311058665
0.11346500000000001;1.4341177172385435
0.11352000000000001;1.4172514989773686
0.11357500000000001;1.3992558516007119
0.11363000000000001;1.3800838122819563
0.11368500000000001;1.3596845159304238
0.11374000000000001;1.3380099106404886
0.11379500000000001;1.315022171866261
0.11385;1.290702368629162
0.113905;1.2650608146827824
0.11396;1.2381493972059279
0.114015;1.2100759576480409
0.11407;1.181020445832868
0.114125;1.1512520240327053
0.11418;1.1211455259250271
0.114235;1.091194691092751
0.11429;1.06201851521542
0.114345;1.0343561530983665
0.1144;1.0090455492642834
0.114455;0.9869819526047905
0.11451;0.9690552486781773
0.114565;0.9560697599404543
0.11462;0.9486561543485997
0.114675;0.9471907223321318
0.11473;0.9517403328882758
0.114785;0.9620502681302168
0.11484;0.9775874785844394
0.11489500000000001;0.9976481303276454
0.11495000000000001;1.0215473479577528
0.11500500000000001;1.0489650400933859
0.11506000000000001;1.0807725309438474
0.11511500000000001;1.122085363841278
0.11517000000000001;1.2040918544907984
0.11522500000000001;1.102887956328132
0.11528000000000001;1.0201217198862054
0.11533500000000001;1.0806515543336186
0.11539;1.1087530354961446
0.115445;1.126406717915322
0.1155;1.138738382539293
0.115555;1.1478198789378942
0.11561;1.1548479574316852
0.115665;1.1606925982003076
0.11572;1.166068210942812
0.115775;1.1715915951535227
0.11583;1.1778010487616732
0.115885;1.1851619495159946
0.11594;1.194068421546889
0.115995;1.2048447134767246
0.11605;1.217747284490745
0.116105;1.2329673485529324
0.11616;1.2506330831129233
0.116215;1.270810599104138
0.11627;1.2935029636693112
0.116325;1.3186469816471371
0.11638;1.3461080032228614
0.11643500000000001;1.3756736525499975
0.11649000000000001;1.4070479641579305
0.11654500000000001;1.4398478435762059
0.11660000000000001;1.4736038946914796
0.11665500000000001;1.5077673574438861
0.11671000000000001;1.5417241259759387
0.11676500000000001;1.5748156434205753
0.11682000000000001;1.6063651140782187
0.116875;1.6357062639554094
0.11693;1.6622111548914222
0.116985;1.6853135414007259
0.11704;1.7045249726340117
0.117095;1.719442086290558
0.11715;1.7297449786140395
0.117205;1.7351878153582443
0.11726;1.7355837300210268
0.117315;1.7307864606473011
0.11737;1.7206711844977072
0.117425;1.7051168035637552
0.11748;1.683991739252564
0.117535;1.6571453429126892
0.11759;1.624407552602967
0.117645;1.5856006834468765
0.1177;1.5405695469637282
0.117755;1.4892398363097088
0.11781;1.4317202142298038
0.117865;1.3684705864782587
0.11792000000000001;1.3005655498720277
0.11797500000000001;1.2300809748557966
0.11803000000000001;1.1606058978839924
0.11808500000000001;1.0977993576213274
0.11814000000000001;1.0497378985497565
0.11819500000000001;1.0265639856272282
0.11825000000000001;1.0388807938495555
0.11830500000000001;1.094891673837643
0.11836;1.1975116854708234
0.118415;1.3433285665495724
0.11847;1.5238548488731032
0.118525;1.7273800794430894
0.11858;1.9400806071939967
0.118635;2.1472031583808753
0.11869;2.3353874231480645
0.118745;2.4952986967062794
0.1188;2.6228722718585473
0.118855;2.7186566735111906
0.11891;2.7860988514185356
0.118965;2.8298254648042214
0.11902;2.8544472447571803
0.119075;2.863908227612323
0.11913;2.861166699937088
0.119185;2.8478932875174374
0.11924;2.8235223061048553
0.119295;2.780399577087387
0.11935;2.6548921735508064
0.11940500000000001;2.606499726177546
0.11946000000000001;2.821849506829016
0.11951500000000001;2.776800844905351
0.11957000000000001;2.7379052878505026
0.11962500000000001;2.7016213983375628
0.11968000000000001;2.666281967118212
0.11973500000000001;2.6312087798341337
0.11979000000000001;2.596103368401069
0.11984500000000001;2.560827926075808
0.1199;2.525319720582439
0.119955;2.489554479126008
0.12001;2.4535295721929953
0.120065;2.4172558574604963
0.12012;2.3807535358010434
0.120175;2.3440499357248634
0.12023;2.307178237997037
0.120285;2.2701766510926
0.12034;2.233087787818802
0.120395;2.1959581138999082
0.12045;2.1588374023719608
0.120505;2.121778161940801
0.12056;2.0848350268683387
0.120615;2.048064107381018
0.12067;2.0115223065770484
0.120725;1.9752666141712387
0.12078;1.9393533901150795
0.120835;1.903837652666128
0.12089;1.868772386114012
0.12094500000000001;1.834207883262933
0.12100000000000001;1.8001911370115902
0.12105500000000001;1.7667652940571283
0.12111000000000001;1.7339691819728262
0.12116500000000001;1.701836918763019
0.12122000000000001;1.670397611613138
0.12127500000000001;1.6396751490352344
0.12133000000000001;1.6096880880957587
0.121385;1.5804496360166533
0.12144;1.5519677232756333
0.121495;1.5242451634848004
0.12155;1.4972798938730447
0.121605;1.471065289183383
0.12166;1.4455905412454868
0.121715;1.42084109639888
0.12177;1.3967991433099103
0.121825;1.373444144508981
0.12188;1.3507534061374147
0.121935;1.3287026818825898
0.12199;1.307266808845322
0.122045;1.2864203750734386
0.1221;1.266138420661441
0.122155;1.246397176603831
0.12221;1.2271748479611686
0.122265;1.2084524502844722
0.12232;1.1902147105971665
0.122375;1.1724510464526334
0.12243000000000001;1.1551566385581942
0.12248500000000001;1.138333614000357
0.12254000000000001;1.1219923579663287
0.12259500000000001;1.1061529716688336
0.12265000000000001;1.0908468924237005
0.12270500000000001;1.0761186877971258
0.12276000000000001;1.0620280284724593
0.12281500000000001;1.0486518327401593
0.12287000000000001;1.0360865577134157
0.122925;1.024450586623606
0.12298;1.0138866257055237
0.123035;1.0045639760538683
0.12309;0.9966804835816331
0.123145;0.9904638930722732
0.1232;0.9861722416932743
0.123255;0.9840928284087921
0.12331;0.98453919949166
0.123365;0.9878455158686851
0.12342;0.994357644336701
0.123475;1.004420380902666
0.12353;1.018360416734833
0.123585;1.0364650397824828
0.12364;1.0589571545720655
0.123695;1.0859679850141128
0.12375;1.1175097208110913
0.123805;1.153451215882822
0.12386;1.1935004110080472
0.12391500000000001;1.2371971668401869
0.12397000000000001;1.2839194473545665
0.12402500000000001;1.3329042380437022
0.12408000000000001;1.38328240883634
0.12413500000000001;1.434124372246748
0.12419000000000001;1.4844914129595719
0.12424500000000001;1.5334864934889583
0.12430000000000001;1.5802984403438238
0.12435500000000001;1.6242345951607917
0.12441;1.6647388515448893
0.124465;1.7013938797890245
0.12452;1.7339076801524376
0.124575;1.7620852039474602
0.12463;1.785787584531791
0.124685;1.8049018478845655
0.12474;1.8195438069416898
0.124795;1.833338339244033
0.12485;1.9535380810871086
0.124905;2.2943300882269746
0.12496;1.9858861099251919
0.12501500000000002;1.943635145437587
0.12507000000000001;1.9296131532898984
0.12512500000000001;1.922412586303654
0.12518;1.9172596338498926
0.125235;1.91264191481879
0.12529;1.9080110185953392
0.125345;1.9031754450030207
0.1254;1.8980948951720906
0.125455;1.8927984237910376
0.12551;1.8873481927855325
0.125565;1.8818222796243103
0.12562;1.8763062252269458
0.125675;1.8708888707798699
0.12573;1.86566039561475
0.125785;1.8607115069242988
0.12584;1.8561332219559592
0.125895;1.8520169279290266
0.12595;1.8484545327672306
0.126005;1.8455385890514509
0.12606;1.8433623124005838
0.126115;1.8420194380702979
0.12617;1.8416038736312275
0.126225;1.8422091155794207
0.12628;1.8439274063540354
0.126335;1.8468486172412824
0.12639;1.8510588531833259
0.126445;1.8566387882919348
0.1265;1.8636617561826803
0.126555;1.8721916369558713
0.12661;1.8822806021326393
0.126665;1.893966798975828
0.12672;1.9072720747432481
0.126775;1.9221998574708579
0.12683;1.938733320547537
0.126885;1.9568339613068144
0.12694;1.9764407171783074
0.126995;1.997469725398016
0.12705;2.0198148037563977
0.127105;2.0433486915974397
0.12716;2.0679250448942574
0.127215;2.093381130578863
0.12727;2.119541118054995
0.127325;2.146219824834452
0.12738;2.1732267428584846
0.127435;2.200370155475744
0.12749;2.2274611537877615
0.127545;2.254317374812247
0.1276;2.2807663105926217
0.127655;2.3066480735693204
0.12771000000000002;2.3318175450176355
0.12776500000000002;2.3561458758084437
0.12782000000000002;2.3795213482568527
0.12787500000000002;2.401849641370709
0.12793000000000002;2.4230535674913134
0.12798500000000002;2.4430723653367514
0.12804000000000001;2.461860643063982
0.12809500000000001;2.4793870661186848
0.12815000000000001;2.495632879816315
0.128205;2.510590347449083
0.12826;2.5242611728776008
0.128315;2.536654963497975
0.12837;2.5477877763500203
0.128425;2.557680777814119
0.12848;2.5663590364018556
0.128535;2.573850458877247
0.12859;2.5801848724534593
0.128645;2.5853932500329466
0.1287;2.5895070712467927
0.128755;2.592557809187403
0.12881;2.5945765309869078
0.128865;2.5955935995416333
0.12892;2.595638463507006
0.128975;2.5947395230024615
0.12903;2.592924059115368
0.129085;2.5902182161490894
0.12914;2.5866470265231243
0.129195;2.5822344692243866
0.12925;2.577003553667619
0.129305;2.570976421698402
0.12936;2.5641744612183004
0.129415;2.5566184254684527
0.12947;2.5483285522798185
0.129525;2.5393246773780564
0.12958;2.52962633455259
0.129635;2.5192528311535547
0.12969;2.5082232696846565
0.129745;2.4965563544343707
0.1298;2.4743807472365247
0.129855;2.4647039955464867
0.12991;2.4538149986183737
0.129965;2.4421787559729644
0.13002;2.4299164997424008
0.130075;2.417079440448205
0.13013;2.4036902402513185
0.130185;2.389752347965299
0.13024;2.3752480031309666
0.130295;2.360125596145147
0.13035;2.344265705807823
0.130405;2.327386444774951
0.13046;2.308722955331026
0.130515;2.2854635062121513
0.13057;2.234361311786104
0.130625;2.338209966394827
0.13068000000000002;2.2777928653701345
0.13073500000000002;2.2532128173746098
0.13079000000000002;2.23362767159874
0.13084500000000002;2.2159928662310304
0.13090000000000002;2.1998731002663625
0.13095500000000002;2.1859356815943443
0.13101000000000002;2.1768475212066307
0.13106500000000001;2.1629973428335876
0.13112000000000001;1.99744399407257
0.131175;2.0607630783865756
0.13123;2.057951223618477
0.131285;2.0465281473103056
0.13134;2.0325138936339284
0.131395;2.0174853869150997
0.13145;2.0020286428983556
0.131505;1.9863958168588978
0.13156;1.9706877223490293
0.131615;1.954913329949299
0.13167;1.9390062726592647
0.131725;1.922819528948501
0.13178;1.9060998729835517
0.131835;1.8884283888558457
0.13189;1.86908175690138
0.131945;1.8466665889811917
0.132;1.8179411345995866
0.132055;1.77253414083312
0.13211;1.646054530513044
0.132165;2.027433638351412
0.13222;1.8967047287554317
0.132275;1.8348649876828327
0.13233;1.795325455296483
0.132385;1.7616746913482244
0.13244;1.7295342104148042
0.132495;1.6972899252082925
0.13255;1.664280643850773
0.132605;1.6302785852196962
0.13266;1.5952922980882882
0.132715;1.5594534251629257
0.13277;1.5228801308691937
0.132825;1.4853680357825305
0.13288;1.445476063765086
0.132935;1.3975322135267811
0.13299;1.3226068724499376
0.133045;1.1837291899895879
0.1331;1.0353382286473212
0.133155;0.999843803058604
0.13321;1.0079044952580758
0.133265;1.0106046941903455
0.13332;1.0046651351679956
0.133375;0.9936438145332585
0.13343;0.9803595432743266
0.133485;0.9665723140371946
0.13354;0.9533751228443512
0.133595;0.9414881174468168
0.13365;0.9314366608698402
0.13370500000000002;0.9236588376130351
0.13376000000000002;0.9185728415824144
0.13381500000000002;0.9166202508156328
0.13387000000000002;0.9182926755907823
0.13392500000000002;0.924144416578213
0.13398000000000002;0.9347908714224026
0.13403500000000002;0.9508907031277394
0.13409000000000001;0.9731090862804924
0.13414500000000001;1.0020599208284864
0.1342;1.03822715563235
0.134255;1.0818695526582391
0.13431;1.1329190110142675
0.134365;1.1908885777307237
0.13442;1.2548099507392345
0.134475;1.3232185359697366
0.13453;1.3941948149406658
0.134585;1.465454463303095
0.13464;1.5344601982188493
0.134695;1.5985112762910874
0.13475;1.65475575240923
0.134805;1.7000654034619866
0.13486;1.7307098363026991
0.134915;1.7417682317083711
0.13497;1.726268918473978
0.135025;1.6743344591665923
0.13508;1.573692777865176
0.135135;1.4157394055949446
0.13519;1.213928695250245
0.135245;1.027041782502069
0.1353;0.9379169485333608
0.135355;0.9742831263540953
0.13541;1.0890729161046226
0.135465;1.2235851484245897
0.13552;1.3458950836836125
0.135575;1.4465242998606451
0.13563;1.526059904969189
0.135685;1.5880398181252033
0.13574;1.6361926221611844
0.135795;1.6736447543776467
0.13585;1.702826599486762
0.135905;1.7255772728056482
0.13596;1.743278704139147
0.136015;1.7569708545605742
0.13607;1.7674399623016193
0.136125;1.775283146210301
0.13618;1.7809547501470027
0.136235;1.7847991516476653
0.13629;1.787073549980516
0.136345;1.7879631075620268
0.1364;1.787589839615735
0.136455;1.7860157465650184
0.13651;1.7832396858011759
0.136565;1.779186079388516
0.13662;1.7736811586444243
0.13667500000000002;1.7664077504462457
0.13673000000000002;1.7568194486333815
0.13678500000000002;1.7439709765599685
0.13684000000000002;1.726158934622804
0.13689500000000002;1.7000843600182562
0.13695000000000002;1.6586356901060253
0.13700500000000002;1.5839767354482983
0.13706000000000002;1.4222656266300209
0.13711500000000001;1.0623336562875998
0.13717000000000001;1.5871349604869276
0.137225;1.9397683539279895
0.13728;1.9493022585066144
0.137335;1.9310915472035577
0.13739;1.9143989167554267
0.137445;1.90131120443346
0.1375;1.8911679256059584
0.137555;1.883221184590073
0.13761;1.8769170470993988
0.137665;1.8718698817279054
0.13772;1.8678114591720882
0.137775;1.864552369928618
0.13783;1.8619562620129693
0.137885;1.859923027295178
0.13794;1.8583777621919726
0.137995;1.857263406430208
0.13805;1.8565357432616898
0.138105;1.8561599393408597
0.13816;1.8561081065491951
0.138215;1.856357554617618
0.13827;1.8568895190547694
0.138325;1.8576882216680173
0.13838;1.8587401675358615
0.138435;1.8600336126023846
0.13849;1.861558156123127
0.138545;1.8633044256809144
0.1386;1.8652638316965995
0.138655;1.8674283747361853
0.13871;1.86979049339016
0.138765;1.8723429436816355
0.13882;1.8750787032488834
0.138875;1.877990895213865
0.13893;1.8810727278766048
0.138985;1.884317447290622
0.13904;1.887718300467159
0.139095;1.8912685074884572
0.13915;1.8949612412271495
0.139205;1.898789613707306
0.13926;1.9027466684248213
0.139315;1.9068253781968674
0.13937;1.9110186483479599
0.139425;1.9153193252863863
0.13948;1.919720210798085
0.139535;1.9242140827165697
0.13959;1.9287937230503753
0.139645;1.9334519552211973
0.13970000000000002;1.938181692862898
0.13975500000000002;1.9429760037808388
0.13981000000000002;1.9478281943683202
0.13986500000000002;1.9527319223443456
0.13992000000000002;1.9576813496550698
0.13997500000000002;1.962671353692428
0.14003000000000002;1.9676978252717998
0.14008500000000002;1.9727580990684443
0.14014000000000001;1.9778515921247353
0.14019500000000001;1.9829807798290884
0.14025;1.9881527396626546
0.140305;1.993381691770086
0.14036;1.9986933801709144
0.140415;2.004133065604502
0.14047;2.009781155134891
0.140525;2.0157865806508535
0.14058;2.0224468702384826
0.140635;2.030433959901438
0.14069;2.0416073414397813
0.140745;2.063512498511835
0.1408;2.18677978462389
0.140855;1.971823743135606
0.14091;2.00421365284259
0.140965;2.01794072010201
0.14102;2.0261017222982867
0.141075;2.0319974240974203
0.14113;2.036679674803932
0.141185;2.040576838736107
0.14124;2.043890183635567
0.141295;2.046721939316146
0.14135;2.0491251465152467
0.141405;2.051125746565745
0.14146;2.052733313846251
0.141515;2.0539466044602324
0.14157;2.0547565145336257
0.141625;2.055147632171602
0.14168;2.055098956935169
0.141735;2.05458407378374
0.14179;2.0535709221457945
0.141845;2.052021218791396
0.1419;2.049889540897187
0.141955;2.047122035989457
0.14201;2.043654688687134
0.142065;2.0394110338682956
0.14212;2.0342991566466675
0.142175;2.02820775615751
0.14223;2.0210009676998686
0.142285;2.012511533655585
0.14234;2.0025317943337644
0.142395;1.9908018710848385
0.14245;1.9769944568277904
0.142505;1.9606961806022578
0.14256;1.9413876528244065
0.142615;1.918431228624458
0.14267;1.8910970195258403
0.14272500000000002;1.8587248039692086
0.14278000000000002;1.821335262639578
0.14283500000000002;1.7817159901239739
0.14289000000000002;1.7522667608182132
0.14294500000000002;1.7745023887699507
0.14300000000000002;1.9367254968271732
0.14305500000000002;2.1684278220043947
0.14311000000000001;1.9662242443491584
0.14316500000000001;2.4456156369814557
0.14322000000000001;2.728315657160184
0.143275;2.6737697390424637
0.14333;2.594125922141796
0.143385;2.5259824282267087
0.14344;2.4706763269330914
0.143495;2.4254393151794775
0.14355;2.3876529787336938
0.143605;2.3553370051558455
0.14366;2.3270528320626584
0.143715;2.301753395500306
0.14377;2.2786644910786062
0.143825;2.2572014435006094
0.14388;2.2369121099298273
0.143935;2.2174378291701258
0.14399;2.198486319074298
0.144045;2.1798125214255273
0.1441;2.1612047728655117
0.144155;2.1424745831771856
0.14421;2.1234488861657783
0.144265;2.103964009288869
0.14432;2.083860862936426
0.144375;2.06298102914662
0.14443;2.0411635666961327
0.144485;2.0182424704902333
0.14454;1.994044850654936
0.144595;1.9683900551910665
0.14465;1.9410901808414696
0.144705;1.9119527439342283
0.14476;1.8807867802689084
0.144815;1.8474144022365346
0.14487;1.8116909864948632
0.144925;1.7735388430495898
0.14498;1.733001536805526
0.145035;1.690328884362995
0.14509;1.6461052145385728
0.145145;1.6014331340578052
0.1452;1.5581752218827207
0.145255;1.5192233399821158
0.14531;1.4886888023815903
0.145365;1.4717728038954963
0.14542;1.4739330449265424
0.145475;1.4990158824467505
0.14553;1.546630084034283
0.145585;1.6102305596839268
0.14564;1.678075095172357
0.14569500000000002;1.7378310471889027
0.14575000000000002;1.7827480973850798
0.14580500000000002;1.8158960168136915
0.14586000000000002;1.8498294316142987
0.14591500000000002;1.9005337761685759
0.14597000000000002;1.9775130148447575
0.14602500000000002;2.0770421886394943
0.14608000000000002;2.1851498005638983
0.14613500000000001;2.2869183384775087
0.14619000000000001;2.3730887373637186
0.146245;2.4407784615642134
0.1463;2.49115541566941
0.146355;2.5270623832302808
0.14641;2.5515912737953554
0.146465;2.56746623425829
0.14652;2.576876279050886
0.146575;2.5815020708372503
0.14663;2.5826047729357464
0.146685;2.5811206310670123
0.14674;2.5777418976225954
0.146795;2.572980280615003
0.14685;2.5672146824253734
0.146905;2.5607264098645124
0.14696;2.553724918377249
0.147015;2.5463665903405817
0.14707;2.538768450294049
0.147125;2.531018217324912
0.14718;2.5231817080568884
0.147235;2.5153083184547955
0.14729;2.5074351067107767
0.147345;2.499589852269202
0.1474;2.4917933612018195
0.147455;2.4840612134489057
0.14751;2.476405094083929
0.147565;2.468833812472272
0.14762;2.4613540855734524
0.147675;2.453971141576023
0.14773;2.446689185381723
0.147785;2.439511756624742
0.14784;2.4324420028412455
0.147895;2.4254828843069935
0.14795;2.4186373223811066
0.148005;2.411908299520223
0.14806;2.405298916155606
0.148115;2.3988124071259174
0.14817;2.392452118145263
0.148225;2.3862214407099382
0.14828;2.3801237017681034
0.148335;2.3741620022606487
0.14839;2.3683389961394936
0.148445;2.362656598502333
0.1485;2.3571156086534844
0.148555;2.3510965553295042
0.14861;2.345862828708981
0.148665;2.3407635445792976
0.14872000000000002;2.3357880939049784
0.14877500000000002;2.3309207981838753
0.14883000000000002;2.3261390996803692
0.14888500000000002;2.321411239800635
0.14894000000000002;2.3166929899354725
0.14899500000000002;2.311922571320052
0.14905000000000002;2.307011509141685
0.14910500000000002;2.3018241713643506
0.14916000000000001;2.2961156658401185
0.14921500000000001;2.289234896193224
0.14927;2.2762238301950313
0.149325;2.289383581902295
0.14938;2.275115952143425
0.149435;2.2646372083622492
0.14949;2.2532412499932315
0.149545;2.240016246405274
0.1496;2.224352257807563
0.149655;2.2056730662924005
0.14971;2.183399068710528
0.149765;2.156963690975857
0.14982;2.125857986399591
0.149875;2.0896982865206937
0.14993;2.048312602313994
0.149985;2.0018362115947252
0.15004;1.9507986253230079
0.150095;1.8961758720394872
0.15015;1.8393783858888855
0.150205;1.7821510531917526
0.15026;1.7263809132119972
0.150315;1.6738355655289447
0.15037;1.6258791844233955
0.150425;1.5832173346742684
0.15048;1.5456962484186743
0.150535;1.512126840623421
0.15059;1.4800198894897254
0.150645;1.4449853010532774
0.1507;1.3992941316586895
0.150755;1.3286987529296055
0.15081;1.207599170628163
0.150865;1.0108711823083552
0.15092;0.8389486338055266
0.150975;0.953760241488093
0.15103;1.1962310709680628
0.151085;1.3558184836979303
0.15114;1.4394219514868958
0.151195;1.480125772415403
0.15125;1.4953541244133939
0.151305;1.4921940594795007
0.15136;1.472137385587498
0.151415;1.4325129991643577
0.15147;1.3649863733667442
0.151525;1.2489783382582784
0.15158;1.0430394935961214
0.151635;1.081484581010023
0.15169000000000002;1.764213974611073
0.15174500000000002;1.682311104366605
0.15180000000000002;1.5536766186481965
0.15185500000000002;1.4446417228281132
0.15191000000000002;1.34917659540032
0.15196500000000002;1.2631697570399525
0.15202000000000002;1.1852215660963725
0.15207500000000002;1.1151531015470257
0.15213000000000002;1.0531417510444872
0.15218500000000001;0.9992982590507841
0.15224000000000001;0.9534980299120159
0.152295;0.9153573415850083
0.15235;0.8842849408312549
0.152405;0.8595629957708747
0.15246;0.8404290383492596
0.152515;0.8261442470530025
0.15257;0.8160430183669573
0.152625;0.8095644519524795
0.15268;0.8062689649888692
0.152735;0.8058438207953548
0.15279;0.8081008393352302
0.152845;0.8129686088327579
0.1529;0.8204805305852764
0.152955;0.8307592091162477
0.15301;0.8439971481909709
0.153065;0.8604334830384576
0.15312;0.880326601826735
0.153175;0.9039229929557022
0.15323;0.9314234607487757
0.153285;0.9629488646754808
0.15334;0.9985085415952806
0.153395;1.0379752658411012
0.15345;1.0810706657102374
0.153505;1.1273642158017942
0.15356;1.1762872476753485
0.153615;1.22716114118167
0.15367;1.2792365020037268
0.153725;1.3317383148752235
0.15378;1.3839112706760621
0.153835;1.4350598680931501
0.15389;1.4845792917601128
0.153945;1.5319750115620425
0.154;1.5768710027294859
0.154055;1.6190080329006025
0.15411;1.6582343879011716
0.154165;1.694491708771436
0.15422;1.7277984271508664
0.154275;1.7582328094927409
0.15433;1.7859170351047906
0.154385;1.8110031713810477
0.15444;1.8336614466094538
0.154495;1.8540708830168697
0.15455;1.8724121350412868
0.154605;1.8888622586535795
0.15466;1.903591090434166
0.15471500000000002;1.9167589153524072
0.15477000000000002;1.928515129964285
0.15482500000000002;1.9389976487024794
0.15488000000000002;1.9483328456703366
0.15493500000000002;1.9566358673321205
0.15499000000000002;1.9640111899804849
0.15504500000000002;1.9705533290828778
0.15510000000000002;1.9763476362461856
0.15515500000000002;1.9814711457901446
0.15521000000000001;1.9859934615769128
0.15526500000000001;1.9899777169611488
0.15532;1.9934817259415867
0.155375;1.996559660009001
0.15543;1.999265234228666
0.155485;2.001659672711766
0.15554;2.0038375682483935
0.155595;2.00604034161511
0.15565;2.0094563965683667
0.155705;2.034595391813158
0.15576;2.0626444958580934
0.155815;2.016878403522727
0.15587;2.0138981943224907
0.155925;2.0134525828717544
0.15598;2.0135236344474214
0.156035;2.01373290856687
0.15609;2.0139740953689036
0.156145;2.014213546107326
0.1562;2.0144426648374467
0.156255;2.0146629594083643
0.15631;2.0148804497837194
0.156365;2.0151033244768577
0.15642;2.0153408969028463
0.156475;2.015603147441931
0.15653;2.0159005623398643
0.156585;2.0162441459463976
0.15664;2.0166455544914106
0.156695;2.0171173346397917
0.15675;2.0176732701783555
0.156805;2.018328854546826
0.15686;2.0191019199342493
0.156915;2.0200134678803643
0.15697;2.0210887636586934
0.157025;2.0223587790111557
0.15708;2.023862097104592
0.157135;2.0256474323305205
0.15719;2.0277769686481295
0.157245;2.0303307867190687
0.1573;2.0334127348744313
0.157355;2.0371582027573907
0.15741;2.041744374310731
0.157465;2.0474036498099397
0.15752;2.054440985511711
0.157575;2.063255790771687
0.15763;2.074368503940897
0.157685;2.0884505498217205
0.15774000000000002;2.106353123584112
0.15779500000000002;2.129123474656741
0.15785000000000002;2.1579844426707826
0.15790500000000002;2.194230795701588
0.15796000000000002;2.2389639110081743
0.15801500000000002;2.2925565480683887
0.15807000000000002;2.353757905167269
0.15812500000000002;2.4185176253521217
0.15818000000000002;2.4790354378852464
0.15823500000000001;2.524095014268626
0.15829000000000001;2.541686654133726
0.158345;2.5234064353619026
0.1584;2.467996570869452
0.158455;2.3814476851182005
0.15851;2.2739331221988457
0.158565;2.1561252192315767
0.15862;2.036899528993716
0.158675;1.9226716628733729
0.15873;1.8176608089505806
0.158785;1.7244073528629367
0.15884;1.6442224070628113
0.158895;1.5775045509588537
0.15895;1.5239621036381996
0.159005;1.4827899437925582
0.15906;1.4528283584098813
0.159115;1.432709601229546
0.15917;1.420986381462898
0.159225;1.4162348182075428
0.15928;1.4171280537024364
0.159335;1.4224815296541484
0.15939;1.4312744935203365
0.159445;1.4426539331184274
0.1595;1.4559271702443064
0.159555;1.4705484388549954
0.15961;1.4861034976940697
0.159665;1.5022949336328544
0.15972;1.518928960924639
0.159775;1.5359001857821402
0.15983;1.5531551080384118
0.159885;1.5705449989282976
0.15994;1.587099828689849
0.159995;1.5965468524535982
0.16005;1.545483994627295
0.160105;0.8402798436913234
0.16016;1.076927853374162
0.160215;1.376541879134802
0.16027;1.468681851909746
0.160325;1.5102825381484897
0.16038;1.5328425990032966
0.160435;1.5454983046764488
0.16049;1.5515096429325255
0.160545;1.5520427045820318
0.1606;1.5473470263517468
0.160655;1.5373659127236217
0.16071000000000002;1.5227839762362878
0.16076500000000002;1.5089064748453835
0.16082000000000002;1.5225567192063256
0.16087500000000002;1.6755258742135732
0.16093000000000002;2.1318938047680134
0.16098500000000002;2.394495501728048
0.16104000000000002;2.3083048268155513
0.16109500000000002;2.192067809167622
0.16115000000000002;2.109185089707197
0.16120500000000001;2.052683239221919
0.16126000000000001;2.012804458828012
0.16131500000000001;1.983225721291517
0.16137;1.9600914234746656
0.161425;1.940977029543908
0.16148;1.924268195987701
0.161535;1.9088090927040593
0.16159;1.8936959546045513
0.161645;1.878145438504464
0.1617;1.8613987905807798
0.161755;1.8426382733402906
0.16181;1.8208989863046086
0.161865;1.7949618100337412
0.16192;1.7632173306454288
0.161975;1.7235133700479945
0.16203;1.673109384037435
0.162085;1.6093556014957833
0.16214;1.5338645072576622
0.162195;1.4713244283278455
0.16225;1.527669529410186
0.162305;1.8710564923140813
0.16236;2.2802263103517655
0.162415;2.437750485551782
0.16247;2.4411116281581404
0.162525;2.401992705738126
0.16258;2.3579363520609053
0.162635;2.3178813291838978
0.16269;2.2828172763545673
0.162745;2.2517552653145323
0.1628;2.223284600856844
0.162855;2.1958824215663504
0.16291;2.1678179638908204
0.162965;2.136808219511647
0.16302;2.099271856413194
0.163075;2.048596471247953
0.16313;1.9707830076829929
0.163185;1.836665698694657
0.16324;1.7100528697386042
0.163295;2.2866706568957946
0.16335;2.44401781250333
0.163405;2.3964712193573723
0.16346;2.351437035808019
0.163515;2.3183860959380107
0.16357;2.293650277979004
0.163625;2.2743117754777287
0.16368;2.258559714754666
0.16373500000000002;2.245270715732466
0.16379000000000002;2.2337227874546284
0.16384500000000002;2.2234330946498493
0.16390000000000002;2.214066490289457
0.16395500000000002;2.2053824567469507
0.16401000000000002;2.1972032213754504
0.16406500000000002;2.1893939189391696
0.16412000000000002;2.181849847442877
0.16417500000000002;2.1744880417056387
0.16423000000000001;2.167241557542102
0.16428500000000001;2.1600555065244933
0.16434;2.152884251064569
0.164395;2.145689387207792
0.16445;2.138438274227975
0.164505;2.1311029518493356
0.16456;2.123659337851316
0.164615;2.116086632518948
0.16467;2.108366878714721
0.164725;2.100484641386068
0.16478;2.092426780625114
0.164835;2.0841822995580457
0.16489;2.0757422533820544
0.164945;2.067099709452338
