0.0;0.0
0.0;20.0
0.0;40.0
0.0;60.0
0.0;80.0
0.0;100.0
0.0;120.0
0.0;140.0
0.0;160.0
0.0;180.0
0.0;200.0
0.0;220.0
0.0;240.0
0.0;260.0
0.0;280.0
0.0;300.0
0.0;320.0
0.0;340.0
0.0;360.0
0.0;380.0
0.0;400.0
0.0;420.0
0.0;440.0
0.0;460.0
0.0;480.0
0.0;500.0
0.0;520.0
0.0;540.0
20.0;0.0
20.0;20.0
20.0;40.0
20.0;60.0
20.0;80.0
20.0;100.0
20.0;120.0
20.0;140.0
20.0;160.0
20.0;180.0
20.0;200.0
20.0;220.0
20.0;240.0
20.0;260.0
20.0;280.0
20.0;300.0
20.0;320.0
20.0;340.0
20.0;360.0
20.0;380.0
20.0;400.0
20.0;420.0
20.0;440.0
20.0;460.0
20.0;480.0
20.0;500.0
20.0;520.0
20.0;540.0
40.0;0.0
40.0;20.0
40.0;40.0
40.0;60.0
40.0;80.0
40.0;100.0
40.0;120.0
40.0;140.0
40.0;160.0
40.0;180.0
40.0;200.0
40.0;220.0
40.0;240.0
40.0;260.0
40.0;280.0
40.0;300.0
40.0;320.0
40.0;340.0
40.0;360.0
40.0;380.0
40.0;400.0
40.0;420.0
40.0;440.0
40.0;460.0
40.0;480.0
40.0;500.0
40.0;520.0
40.0;540.0
60.0;0.0
60.0;20.0
60.0;40.0
60.0;60.0
60.0;80.0
60.0;100.0
60.0;120.0
60.0;140.0
60.0;160.0
60.0;180.0
60.0;200.0
60.0;220.0
60.0;240.0
60.0;260.0
60.0;280.0
60.0;300.0
60.0;320.0
60.0;340.0
60.0;360.0
60.0;380.0
60.0;400.0
60.0;420.0
60.0;440.0
60.0;460.0
60.0;480.0
60.0;500.0
60.0;520.0
60.0;540.0
80.0;220.0
80.0;240.0
80.0;260.0
80.0;280.0
80.0;300.0
80.0;320.0
100.0;220.0
100.0;240.0
100.0;260.0
100.0;280.0
100.0;300.0
100.0;320.0
120.0;220.0
120.0;240.0
120.0;260.0
120.0;280.0
120.0;300.0
120.0;320.0
140.0;220.0
140.0;240.0
140.0;260.0
140.0;280.0
140.0;300.0
140.0;320.0
160.0;0.0
160.0;20.0
160.0;40.0
160.0;60.0
160.0;80.0
160.0;100.0
160.0;120.0
160.0;140.0
160.0;160.0
160.0;180.0
160.0;200.0
160.0;220.0
160.0;240.0
160.0;260.0
160.0;280.0
160.0;300.0
160.0;320.0
160.0;340.0
160.0;360.0
160.0;380.0
160.0;400.0
160.0;420.0
160.0;440.0
160.0;460.0
160.0;480.0
160.0;500.0
160.0;520.0
160.0;540.0
180.0;0.0
180.0;20.0
180.0;40.0
180.0;60.0
180.0;80.0
180.0;100.0
180.0;120.0
180.0;140.0
180.0;160.0
180.0;180.0
180.0;200.0
180.0;220.0
180.0;240.0
180.0;260.0
180.0;280.0
180.0;300.0
180.0;320.0
180.0;340.0
180.0;360.0
180.0;380.0
180.0;400.0
180.0;420.0
180.0;440.0
180.0;460.0
180.0;480.0
180.0;500.0
180.0;520.0
180.0;540.0
200.0;0.0
200.0;20.0
200.0;40.0
200.0;60.0
200.0;80.0
200.0;100.0
200.0;120.0
200.0;140.0
200.0;160.0
200.0;180.0
200.0;200.0
200.0;220.0
200.0;240.0
200.0;260.0
200.0;280.0
200.0;300.0
200.0;320.0
200.0;340.0
200.0;360.0
200.0;380.0
200.0;400.0
200.0;420.0
200.0;440.0
200.0;460.0
200.0;480.0
200.0;500.0
200.0;520.0
200.0;540.0
220.0;0.0
220.0;20.0
220.0;40.0
220.0;60.0
220.0;80.0
220.0;100.0
220.0;120.0
220.0;140.0
220.0;160.0
220.0;180.0
220.0;200.0
220.0;220.0
220.0;240.0
220.0;260.0
220.0;280.0
220.0;300.0
220.0;320.0
220.0;340.0
220.0;360.0
220.0;380.0
220.0;400.0
220.0;420.0
220.0;440.0
220.0;460.0
220.0;480.0
220.0;500.0
220.0;520.0
220.0;540.0
240.0;0.0
240.0;20.0
240.0;40.0
240.0;60.0
240.0;80.0
240.0;100.0
240.0;120.0
240.0;140.0
240.0;160.0
240.0;180.0
240.0;200.0
240.0;220.0
240.0;240.0
240.0;260.0
240.0;280.0
240.0;300.0
240.0;320.0
240.0;340.0
240.0;360.0
240.0;380.0
240.0;400.0
240.0;420.0
240.0;440.0
240.0;460.0
240.0;480.0
240.0;500.0
240.0;520.0
240.0;540.0
260.0;0.0
260.0;20.0
260.0;40.0
260.0;60.0
260.0;80.0
260.0;100.0
260.0;120.0
260.0;140.0
260.0;160.0
260.0;180.0
260.0;200.0
260.0;220.0
260.0;240.0
260.0;260.0
260.0;280.0
260.0;300.0
260.0;320.0
260.0;340.0
260.0;360.0
260.0;380.0
260.0;400.0
260.0;420.0
260.0;440.0
260.0;460.0
260.0;480.0
260.0;500.0
260.0;520.0
260.0;540.0
280.0;0.0
280.0;20.0
280.0;40.0
280.0;60.0
280.0;80.0
280.0;100.0
280.0;120.0
280.0;140.0
280.0;160.0
280.0;180.0
280.0;200.0
280.0;220.0
280.0;240.0
280.0;260.0
280.0;280.0
280.0;300.0
280.0;320.0
280.0;340.0
280.0;360.0
280.0;380.0
280.0;400.0
280.0;420.0
280.0;440.0
280.0;460.0
280.0;480.0
280.0;500.0
280.0;520.0
280.0;540.0
300.0;0.0
300.0;20.0
300.0;40.0
300.0;60.0
300.0;80.0
300.0;100.0
300.0;120.0
300.0;140.0
300.0;160.0
300.0;180.0
300.0;200.0
300.0;220.0
300.0;240.0
300.0;260.0
300.0;280.0
300.0;300.0
300.0;320.0
300.0;340.0
300.0;360.0
300.0;380.0
300.0;400.0
300.0;420.0
300.0;440.0
300.0;460.0
300.0;480.0
300.0;500.0
300.0;520.0
300.0;540.0
320.0;0.0
320.0;20.0
320.0;40.0
320.0;60.0
320.0;80.0
320.0;100.0
320.0;120.0
320.0;140.0
320.0;160.0
320.0;180.0
320.0;200.0
320.0;220.0
320.0;240.0
320.0;260.0
320.0;280.0
320.0;300.0
320.0;320.0
320.0;340.0
320.0;360.0
320.0;380.0
320.0;400.0
320.0;420.0
320.0;440.0
320.0;460.0
320.0;480.0
320.0;500.0
320.0;520.0
320.0;540.0
340.0;0.0
340.0;20.0
340.0;40.0
340.0;60.0
340.0;80.0
340.0;100.0
340.0;120.0
340.0;140.0
340.0;160.0
340.0;180.0
340.0;200.0
340.0;220.0
340.0;240.0
340.0;260.0
340.0;280.0
340.0;300.0
340.0;320.0
340.0;340.0
340.0;360.0
340.0;380.0
340.0;400.0
340.0;420.0
340.0;440.0
340.0;460.0
340.0;480.0
340.0;500.0
340.0;520.0
340.0;540.0
360.0;0.0
360.0;20.0
360.0;40.0
360.0;60.0
360.0;80.0
360.0;100.0
360.0;120.0
360.0;140.0
360.0;160.0
360.0;180.0
360.0;200.0
360.0;220.0
360.0;240.0
360.0;260.0
360.0;280.0
360.0;300.0
360.0;320.0
360.0;340.0
360.0;360.0
360.0;380.0
360.0;400.0
360.0;420.0
360.0;440.0
360.0;460.0
360.0;480.0
360.0;500.0
360.0;520.0
360.0;540.0
380.0;0.0
380.0;20.0
380.0;40.0
380.0;60.0
380.0;80.0
380.0;100.0
380.0;120.0
380.0;140.0
380.0;160.0
380.0;180.0
380.0;200.0
380.0;220.0
380.0;240.0
380.0;260.0
380.0;280.0
380.0;300.0
380.0;320.0
380.0;340.0
380.0;360.0
380.0;380.0
380.0;400.0
380.0;420.0
380.0;440.0
380.0;460.0
380.0;480.0
380.0;500.0
380.0;520.0
380.0;540.0
400.0;0.0
400.0;20.0
400.0;40.0
400.0;60.0
400.0;80.0
400.0;100.0
400.0;120.0
400.0;140.0
400.0;160.0
400.0;180.0
400.0;200.0
400.0;220.0
400.0;240.0
400.0;260.0
400.0;280.0
400.0;300.0
400.0;320.0
400.0;340.0
400.0;360.0
400.0;380.0
400.0;400.0
400.0;420.0
400.0;440.0
400.0;460.0
400.0;480.0
400.0;500.0
400.0;520.0
400.0;540.0
420.0;0.0
420.0;20.0
420.0;40.0
420.0;60.0
420.0;80.0
420.0;100.0
420.0;120.0
420.0;140.0
420.0;160.0
420.0;180.0
420.0;200.0
420.0;220.0
420.0;240.0
420.0;260.0
420.0;280.0
420.0;300.0
420.0;320.0
420.0;340.0
420.0;360.0
420.0;380.0
420.0;400.0
420.0;420.0
420.0;440.0
420.0;460.0
420.0;480.0
420.0;500.0
420.0;520.0
420.0;540.0
440.0;0.0
440.0;20.0
440.0;40.0
440.0;60.0
440.0;80.0
440.0;100.0
440.0;120.0
440.0;140.0
440.0;160.0
440.0;180.0
440.0;200.0
440.0;220.0
440.0;240.0
440.0;260.0
440.0;280.0
440.0;300.0
440.0;320.0
440.0;340.0
440.0;360.0
440.0;380.0
440.0;400.0
440.0;420.0
440.0;440.0
440.0;460.0
440.0;480.0
440.0;500.0
440.0;520.0
440.0;540.0
460.0;0.0
460.0;20.0
460.0;40.0
460.0;60.0
460.0;80.0
460.0;100.0
460.0;120.0
460.0;140.0
460.0;160.0
460.0;180.0
460.0;200.0
460.0;220.0
460.0;240.0
460.0;260.0
460.0;280.0
460.0;300.0
460.0;320.0
460.0;340.0
460.0;360.0
460.0;380.0
460.0;400.0
460.0;420.0
460.0;440.0
460.0;460.0
460.0;480.0
460.0;500.0
460.0;520.0
460.0;540.0
480.0;0.0
480.0;20.0
480.0;40.0
480.0;60.0
480.0;80.0
480.0;100.0
480.0;120.0
480.0;140.0
480.0;160.0
480.0;180.0
480.0;200.0
480.0;220.0
480.0;240.0
480.0;260.0
480.0;280.0
480.0;300.0
480.0;320.0
480.0;340.0
480.0;360.0
480.0;380.0
480.0;400.0
480.0;420.0
480.0;440.0
480.0;460.0
480.0;480.0
480.0;500.0
480.0;520.0
480.0;540.0
500.0;0.0
500.0;20.0
500.0;40.0
500.0;60.0
500.0;80.0
500.0;100.0
500.0;120.0
500.0;140.0
500.0;160.0
500.0;180.0
500.0;200.0
500.0;220.0
500.0;240.0
500.0;260.0
500.0;280.0
500.0;300.0
500.0;320.0
500.0;340.0
500.0;360.0
500.0;380.0
500.0;400.0
500.0;420.0
500.0;440.0
500.0;460.0
500.0;480.0
500.0;500.0
500.0;520.0
500.0;540.0
520.0;0.0
520.0;20.0
520.0;40.0
520.0;60.0
520.0;80.0
520.0;100.0
520.0;120.0
520.0;140.0
520.0;160.0
520.0;180.0
520.0;200.0
520.0;220.0
520.0;240.0
520.0;260.0
520.0;280.0
520.0;300.0
520.0;320.0
520.0;340.0
520.0;360.0
520.0;380.0
520.0;400.0
520.0;420.0
520.0;440.0
520.0;460.0
520.0;480.0
520.0;500.0
520.0;520.0
520.0;540.0
540.0;0.0
540.0;20.0
540.0;40.0
540.0;60.0
540.0;80.0
540.0;100.0
540.0;120.0
540.0;140.0
540.0;160.0
540.0;180.0
540.0;200.0
540.0;220.0
540.0;240.0
540.0;260.0
540.0;280.0
540.0;300.0
540.0;320.0
540.0;340.0
540.0;360.0
540.0;380.0
540.0;400.0
540.0;420.0
540.0;440.0
540.0;460.0
540.0;480.0
540.0;500.0
540.0;520.0
540.0;540.0
560.0;0.0
560.0;20.0
560.0;40.0
560.0;60.0
560.0;80.0
560.0;100.0
560.0;120.0
560.0;140.0
560.0;160.0
560.0;180.0
560.0;200.0
560.0;220.0
560.0;240.0
560.0;260.0
560.0;280.0
560.0;300.0
560.0;320.0
560.0;340.0
560.0;360.0
560.0;380.0
560.0;400.0
560.0;420.0
560.0;440.0
560.0;460.0
560.0;480.0
560.0;500.0
560.0;520.0
560.0;540.0
580.0;0.0
580.0;20.0
580.0;40.0
580.0;60.0
580.0;80.0
580.0;100.0
580.0;120.0
580.0;140.0
580.0;160.0
580.0;180.0
580.0;200.0
580.0;220.0
580.0;240.0
580.0;260.0
580.0;280.0
580.0;300.0
580.0;320.0
580.0;340.0
580.0;360.0
580.0;380.0
580.0;400.0
580.0;420.0
580.0;440.0
580.0;460.0
580.0;480.0
580.0;500.0
580.0;520.0
580.0;540.0
600.0;0.0
600.0;20.0
600.0;40.0
600.0;60.0
600.0;80.0
600.0;100.0
600.0;120.0
600.0;140.0
600.0;160.0
600.0;180.0
600.0;200.0
600.0;220.0
600.0;240.0
600.0;260.0
600.0;280.0
600.0;300.0
600.0;320.0
600.0;340.0
600.0;360.0
600.0;380.0
600.0;400.0
600.0;420.0
600.0;440.0
600.0;460.0
600.0;480.0
600.0;500.0
600.0;520.0
600.0;540.0
620.0;0.0
620.0;20.0
620.0;40.0
620.0;60.0
620.0;80.0
620.0;100.0
620.0;120.0
620.0;140.0
620.0;160.0
620.0;180.0
620.0;200.0
620.0;220.0
620.0;240.0
620.0;260.0
620.0;280.0
620.0;300.0
620.0;320.0
620.0;340.0
620.0;360.0
620.0;380.0
620.0;400.0
620.0;420.0
620.0;440.0
620.0;460.0
620.0;480.0
620.0;500.0
620.0;520.0
620.0;540.0
640.0;0.0
640.0;20.0
640.0;40.0
640.0;60.0
640.0;80.0
640.0;100.0
640.0;120.0
640.0;140.0
640.0;160.0
640.0;180.0
640.0;200.0
640.0;220.0
640.0;240.0
640.0;260.0
640.0;280.0
640.0;300.0
640.0;320.0
640.0;340.0
640.0;360.0
640.0;380.0
640.0;400.0
640.0;420.0
640.0;440.0
640.0;460.0
640.0;480.0
640.0;500.0
640.0;520.0
640.0;540.0
660.0;0.0
660.0;20.0
660.0;40.0
660.0;60.0
660.0;80.0
660.0;100.0
660.0;120.0
660.0;140.0
660.0;160.0
660.0;180.0
660.0;200.0
660.0;220.0
660.0;240.0
660.0;260.0
660.0;280.0
660.0;300.0
660.0;320.0
660.0;340.0
660.0;360.0
660.0;380.0
660.0;400.0
660.0;420.0
660.0;440.0
660.0;460.0
660.0;480.0
660.0;500.0
660.0;520.0
660.0;540.0
680.0;0.0
680.0;20.0
680.0;40.0
680.0;60.0
680.0;80.0
680.0;100.0
680.0;120.0
680.0;140.0
680.0;160.0
680.0;180.0
680.0;200.0
680.0;220.0
680.0;240.0
680.0;260.0
680.0;280.0
680.0;300.0
680.0;320.0
680.0;340.0
680.0;360.0
680.0;380.0
680.0;400.0
680.0;420.0
680.0;440.0
680.0;460.0
680.0;480.0
680.0;500.0
680.0;520.0
680.0;540.0
700.0;0.0
700.0;20.0
700.0;40.0
700.0;60.0
700.0;80.0
700.0;100.0
700.0;120.0
700.0;140.0
700.0;160.0
700.0;180.0
700.0;200.0
700.0;220.0
700.0;240.0
700.0;260.0
700.0;280.0
700.0;300.0
700.0;320.0
700.0;340.0
700.0;360.0
700.0;380.0
700.0;400.0
700.0;420.0
700.0;440.0
700.0;460.0
700.0;480.0
700.0;500.0
700.0;520.0
700.0;540.0
720.0;220.0
720.0;240.0
720.0;260.0
720.0;280.0
720.0;300.0
720.0;320.0
740.0;220.0
740.0;240.0
740.0;260.0
740.0;280.0
740.0;300.0
740.0;320.0
760.0;220.0
760.0;240.0
760.0;260.0
760.0;280.0
760.0;300.0
760.0;320.0
780.0;220.0
780.0;240.0
780.0;260.0
780.0;280.0
780.0;300.0
780.0;320.0
800.0;0.0
800.0;20.0
800.0;40.0
800.0;60.0
800.0;80.0
800.0;100.0
800.0;120.0
800.0;140.0
800.0;160.0
800.0;180.0
800.0;200.0
800.0;220.0
800.0;240.0
800.0;260.0
800.0;280.0
800.0;300.0
800.0;320.0
800.0;340.0
800.0;360.0
800.0;380.0
800.0;400.0
800.0;420.0
800.0;440.0
800.0;460.0
800.0;480.0
800.0;500.0
800.0;520.0
800.0;540.0
820.0;0.0
820.0;20.0
820.0;40.0
820.0;60.0
820.0;80.0
820.0;100.0
820.0;120.0
820.0;140.0
820.0;160.0
820.0;180.0
820.0;200.0
820.0;220.0
820.0;240.0
820.0;260.0
820.0;280.0
820.0;300.0
820.0;320.0
820.0;340.0
820.0;360.0
820.0;380.0
820.0;400.0
820.0;420.0
820.0;440.0
820.0;460.0
820.0;480.0
820.0;500.0
820.0;520.0
820.0;540.0
840.0;0.0
840.0;20.0
840.0;40.0
840.0;60.0
840.0;80.0
840.0;100.0
840.0;120.0
840.0;140.0
840.0;160.0
840.0;180.0
840.0;200.0
840.0;220.0
840.0;240.0
840.0;260.0
840.0;280.0
840.0;300.0
840.0;320.0
840.0;340.0
840.0;360.0
840.0;380.0
840.0;400.0
840.0;420.0
840.0;440.0
840.0;460.0
840.0;480.0
840.0;500.0
840.0;520.0
840.0;540.0
860.0;0.0
860.0;20.0
860.0;40.0
860.0;60.0
860.0;80.0
860.0;100.0
860.0;120.0
860.0;140.0
860.0;160.0
860.0;180.0
860.0;200.0
860.0;220.0
860.0;240.0
860.0;260.0
860.0;280.0
860.0;300.0
860.0;320.0
860.0;340.0
860.0;360.0
860.0;380.0
860.0;400.0
860.0;420.0
860.0;440.0
860.0;460.0
860.0;480.0
860.0;500.0
860.0;520.0
860.0;540.0
